N: 39
n: 6
number_of_primes (d): 3
exp_register_width (qd): 5
primes: [2, 5, 7]

R: 11287
T: 3
t: 16
delta: 0.00010850933564202967
delta_inv: 9216Percent of combinations (with positive values of result vector) that gives % N = 1: 73.8%
Percent of combinations (with positive values of result vector) that give p and q: 48.5%
Vectors that gives p and q: [[1, 0, 1], [2, 1, -1], [0, 2, 0], [0, 2, 0], [0, 2, 0], [1, -1, -2], [1, 0, 1], [2, 1, -1], [1, 0, 1], [2, 1, -1], [2, 1, -1], [0, 2, 0], [0, 2, 0], [0, 2, 0], [3, -1, 0], [-1, 0, -1], [-2, -1, 1], [1, 0, 1], [0, 2, 0], [2, 1, -1], [0, 2, 0], [0, 2, 0], [2, 1, -1], [-3, 1, 0], [0, 2, 0], [0, 2, 0], [2, 1, -1], [0, 2, 0], [0, 2, 0], [0, 2, 0], [2, 1, -1], [0, 2, 0], [0, 2, 0], [2, 1, -1], [0, 2, 0], [2, 1, -1], [1, 0, 1], [2, 1, -1], [1, 0, 1], [0, 2, 0], [2, 1, -1], [-1, 0, -1], [-1, 0, -1], [0, 2, 0], [0, 2, 0], [0, 2, 0], [0, 2, 0], [0, 2, 0], [0, 2, 0], [0, 2, 0], [0, -1, 3], [1, 0, 1], [1, 0, 1], [2, -3, -1], [0, 2, 0], [-1, 0, -1], [1, 0, 1], [1, 0, 1], [1, 0, 1], [1, 0, 1], [2, 1, -1], [-1, 0, -1], [0, 2, 0], [0, 2, 0], [0, 2, 0], [2, 1, -1], [0, 2, 0], [-1, 0, -1], [1, 0, 1], [0, 2, 0], [0, 2, 0], [-3, 1, 0], [0, 2, 0], [2, 1, -1], [0, 2, 0], [0, 2, 0], [2, 1, -1], [2, -3, -1], [0, 2, 0], [0, 2, 0], [1, 0, 1], [2, 1, -1], [2, 1, -1], [0, 2, 0], [0, 2, 0], [0, 2, 0], [0, 2, 0], [1, 0, 1], [2, 1, -1], [1, 0, 1], [2, 1, -1], [2, 1, -1], [2, 1, -1], [-1, 0, -1], [2, 1, -1], [0, 2, 0], [0, 2, 0], [0, 2, 0], [0, 2, 0], [1, 0, 1], [2, 1, -1], [2, 1, -1], [-1, 0, -1], [2, 1, -1], [0, 2, 0], [-1, 0, -1], [2, 1, -1], [1, -1, -2], [2, 1, -1], [-1, 0, -1], [0, 2, 0], [0, 2, 0], [0, -1, 3], [0, 2, 0], [0, 2, 0], [0, 2, 0], [1, 0, 1], [2, 1, -1], [-1, 1, 2], [2, 1, -1], [-1, 0, -1], [0, 2, 0], [1, 0, 1], [2, 1, -1], [-1, 0, -1], [0, 2, 0], [0, 2, 0], [0, 2, 0], [0, 2, 0], [0, -1, 3], [1, -1, -2], [0, 2, 0], [2, 1, -1], [2, 1, -1], [2, 1, -1], [0, 2, 0], [-1, 0, -1], [0, 2, 0], [0, 2, 0], [0, 2, 0], [0, 2, 0], [1, 0, 1], [2, 1, -1], [2, 1, -1], [1, 0, 1], [0, 2, 0], [0, 2, 0], [0, 2, 0], [-1, 1, 2], [0, 2, 0], [2, -3, -1], [1, 0, 1], [0, 2, 0], [-1, 0, -1], [0, 2, 0], [0, 2, 0], [0, 2, 0], [0, 2, 0], [1, -1, -2], [0, 2, 0], [0, 2, 0], [1, 0, 1], [1, 0, 1], [1, 0, 1], [0, 2, 0], [0, 2, 0], [0, 2, 0], [2, 1, -1], [0, 2, 0], [2, 1, -1], [-1, 0, -1], [0, 2, 0], [0, -2, 0], [0, 2, 0], [2, 1, -1], [2, 1, -1], [0, 2, 0], [0, -2, 0], [1, 0, 1], [-1, 0, -1], [1, 0, 1], [2, 1, -1], [2, 1, -1], [2, 1, -1], [0, -2, 0], [0, 2, 0], [-1, 0, -1], [2, 1, -1], [1, 0, 1], [0, -2, 0], [1, 0, 1], [1, 0, 1], [2, 1, -1], [0, 2, 0], [0, 2, 0], [0, 2, 0], [-1, 0, -1], [0, 2, 0], [0, 2, 0], [1, 0, 1], [0, 2, 0], [0, 2, 0], [0, 2, 0], [0, 2, 0], [0, -1, 3], [0, 2, 0], [1, 0, 1], [0, 2, 0], [2, 1, -1], [0, 2, 0], [0, 2, 0], [2, 1, -1], [3, -1, 0], [0, 2, 0], [-2, -1, 1], [2, 1, -1], [2, 1, -1], [2, 1, -1], [2, -3, -1], [1, 0, 1], [0, 2, 0], [0, -2, 0], [0, 2, 0], [2, 1, -1], [-1, 0, -1], [0, 2, 0], [-1, 0, -1], [0, 2, 0], [1, 0, 1], [2, 1, -1], [1, 0, 1], [1, 0, 1], [0, 2, 0], [0, 2, 0], [0, -2, 0], [0, -1, 3], [0, 2, 0], [2, 1, -1], [2, 1, -1], [0, 2, 0], [0, 2, 0], [-1, 1, 2], [0, 2, 0], [0, 2, 0], [0, 2, 0], [2, 1, -1], [1, 0, 1], [0, 2, 0], [1, 0, 1], [-2, -1, 1], [0, 2, 0], [1, -1, -2], [1, 0, 1], [-1, 0, -1], [0, 2, 0], [0, 2, 0], [0, -1, 3], [2, 1, -1], [0, 2, 0], [0, -1, 3], [-1, 1, 2], [0, 2, 0], [0, 2, 0], [1, 0, 1], [2, 1, -1], [2, 1, -1], [2, 1, -1], [1, 0, 1], [-2, -1, 1], [2, 1, -1], [-1, 0, -1], [2, 1, -1], [2, 1, -1], [-1, 0, -1], [-1, 1, 2], [0, 2, 0], [0, 2, 0], [0, 2, 0], [0, 2, 0], [2, 1, -1], [-1, 0, -1], [0, 2, 0], [0, 2, 0], [-1, 1, 2], [-2, -1, 1], [-1, 0, -1], [2, 1, -1], [2, 1, -1], [2, 1, -1], [0, 2, 0], [1, -1, -2], [-1, 0, -1], [0, 2, 0], [1, 0, 1], [0, 2, 0], [1, 0, 1], [0, 2, 0], [0, 2, 0], [0, 2, 0], [-1, 1, 2], [0, 2, 0], [0, 2, 0], [2, 1, -1], [0, 2, 0], [1, 0, 1], [-1, 0, -1], [0, 2, 0], [0, 2, 0], [2, 1, -1], [0, 2, 0], [2, 1, -1], [2, 1, -1], [1, 0, 1], [1, 0, 1], [2, 1, -1], [0, 2, 0], [0, -1, 3], [0, 2, 0], [-2, -1, 1], [-1, 1, 2], [0, 2, 0], [0, -1, 3], [2, -3, -1], [2, 1, -1], [2, 1, -1], [0, 2, 0], [0, -1, 3], [2, 1, -1], [1, 0, 1], [1, 0, 1], [0, 2, 0], [0, -2, 0], [2, 1, -1], [2, 1, -1], [0, 2, 0], [1, 0, 1], [0, -1, 3], [1, 0, 1], [0, 2, 0], [1, 0, 1], [2, 1, -1], [0, 2, 0], [1, 0, 1], [2, 1, -1], [-1, 0, -1], [0, 2, 0], [0, 2, 0], [2, 1, -1], [1, 0, 1], [1, 0, 1], [1, 0, 1], [0, 2, 0], [2, 1, -1], [1, 0, 1], [0, 2, 0], [1, -1, -2], [2, 1, -1], [0, 2, 0], [-1, 0, -1], [2, 1, -1], [2, 1, -1], [0, -1, 3], [0, 2, 0], [0, 2, 0], [0, 2, 0], [-1, 1, 2], [2, 1, -1], [0, 2, 0], [1, 0, 1], [2, 1, -1], [2, 1, -1], [1, 0, 1], [-1, 0, -1], [0, 2, 0], [1, 0, 1], [0, 2, 0], [-1, 0, -1], [-1, 0, -1], [0, 2, 0], [2, 1, -1], [0, 2, 0], [1, 0, 1], [-1, 0, -1], [0, 2, 0], [1, 0, 1], [0, 2, 0], [-1, 0, -1], [2, 1, -1], [-1, 1, 2], [0, -2, 0], [-1, 0, -1], [2, 1, -1], [0, 2, 0], [2, 1, -1], [0, 2, 0], [1, -1, -2], [-1, 0, -1], [0, 2, 0], [0, 2, 0], [1, 0, 1], [0, 2, 0], [0, 2, 0], [0, 2, 0], [0, 2, 0], [2, 1, -1], [1, 0, 1], [2, 1, -1], [-1, 0, -1], [2, 1, -1], [1, 0, 1], [2, 1, -1], [0, -2, 0], [2, 1, -1], [-1, 0, -1], [0, 2, 0], [1, 0, 1], [0, 2, 0], [-1, 1, 2], [2, 1, -1], [2, 1, -1], [0, 2, 0], [0, 2, 0], [2, 1, -1], [2, 1, -1], [0, 2, 0], [0, 2, 0], [1, 0, 1], [0, 2, 0], [2, 1, -1], [0, 2, 0], [1, 0, 1], [0, 2, 0], [2, 1, -1], [2, 1, -1], [2, 1, -1], [0, -2, 0], [0, 2, 0], [0, 2, 0], [0, 2, 0], [1, 0, 1], [1, 0, 1], [2, 1, -1], [0, 2, 0], [0, 2, 0], [-1, 0, -1], [0, 2, 0], [0, 2, 0], [2, 1, -1], [1, 0, 1], [-1, 0, -1], [1, 0, 1], [0, 2, 0], [0, 2, 0], [0, 2, 0], [2, 1, -1], [-1, 0, -1], [-1, 1, 2], [-1, 0, -1], [2, 1, -1], [2, 1, -1], [1, 0, 1], [2, 1, -1], [0, 2, 0], [-2, -1, 1], [2, 1, -1], [2, 1, -1], [2, 1, -1], [2, 1, -1], [-1, 0, -1], [1, 0, 1], [2, 1, -1], [0, 2, 0], [1, 0, 1], [1, 0, 1], [2, 1, -1], [2, 1, -1], [0, 2, 0], [2, 1, -1], [2, 1, -1], [0, 2, 0], [2, 1, -1], [2, 1, -1], [-1, 1, 2], [0, 2, 0], [0, 2, 0]]

exec_time (ms): 807069.1981315613 ms
exec_time: 13m 27s 69.1981315612793ms