N: 57
n: 6
number_of_primes (d): 3
exp_register_width (qd): 5
primes: [2, 5, 7]

R: 11287
T: 3
t: 16
delta: 0.00010850933564202967
delta_inv: 9216Percent of combinations (with positive values of result vector) that gives % N = 1: 45.0%
Percent of combinations (with positive values of result vector) that give p and q: 29.8%
Vectors that gives p and q: [[1, -1, 1], [1, -1, 1], [1, -1, -2], [-1, 1, -1], [0, 3, 1], [2, 1, -3], [-1, 1, 2], [2, 1, 0], [-2, -1, 3], [0, 3, -2], [1, -1, 1], [1, -1, 1], [1, -1, 1], [1, -1, 1], [-1, 1, -1], [1, -1, 1], [0, 3, -2], [1, -1, 1], [-1, 1, 2], [-1, 1, -1], [1, -1, 1], [0, 3, -2], [2, 1, 0], [1, -1, 1], [2, 1, 0], [-1, 1, -1], [1, -1, 1], [-2, -1, 0], [1, -1, -2], [1, -1, 1], [1, -1, 1], [1, -1, 1], [1, -1, -2], [1, -1, 1], [1, -1, 1], [2, 1, 0], [-2, -1, 0], [2, 1, 0], [0, 3, -2], [1, -1, 1], [-1, 1, -1], [2, 1, 0], [1, -1, 1], [2, 1, -3], [0, 3, -2], [2, 1, 3], [1, -1, 1], [1, -1, 1], [1, -1, -2], [-1, 1, -1], [-1, 1, 2], [-1, 1, -1], [-2, -1, 0], [-1, 1, -1], [0, 3, -2], [1, -1, 1], [0, 3, -2], [1, -1, -2], [0, 3, -2], [1, -1, 1], [1, -1, 1], [1, -1, 1], [-1, 1, -1], [1, -1, 1], [-1, 1, -1], [0, -3, 2], [1, -1, 1], [1, -1, 1], [2, 1, 0], [2, 1, 0], [0, 3, -2], [-1, 1, 2], [1, -1, 1], [1, -1, 1], [2, 1, -3], [1, -1, 1], [-1, 1, 2], [1, -1, 1], [-1, 1, -1], [1, -1, 1], [2, 1, 0], [0, -3, 2], [-1, 1, -1], [1, -1, 1], [-1, 1, -1], [2, 1, 0], [1, -1, -2], [0, 3, -2], [1, -1, 1], [-1, 1, -1], [1, -1, 1], [-1, 1, -1], [1, -1, 1], [2, 1, 0], [1, -1, 1], [1, -1, 1], [1, -1, -2], [2, 1, 0], [1, -1, 1], [-1, 1, -1], [1, -1, 1], [2, 1, 0], [1, -1, -2], [1, -1, 1], [-1, 1, -1], [1, -1, 1], [2, 1, 0], [1, -1, 1], [2, 1, 0], [1, -1, -2], [1, -1, 1], [2, 1, 0], [-1, 1, -1], [1, -1, 1], [-1, 1, -1], [1, -1, 1], [1, -1, -2], [1, -1, 1], [1, -1, 1], [1, -1, 1], [1, -1, -2], [-1, 1, -1], [2, 1, 0], [1, -1, -2], [-1, 1, -1], [0, 3, -2], [1, -1, -2], [2, 1, -3], [1, -1, -2], [1, -1, 1], [0, 3, -2], [2, 1, 0], [-1, 1, -1], [1, -1, 1], [2, 1, 0], [1, -1, -2], [1, -1, 1], [1, -1, 1], [-1, 1, -1], [1, -1, 1], [1, -1, 1], [-1, 1, -1], [2, 1, 0], [2, 1, 0], [-1, 1, -1], [-1, 1, -1], [-2, -1, 0], [3, 3, 2], [1, -1, 1], [2, 1, 0], [1, -1, 1], [-1, 1, -1], [1, -1, 1], [-1, 1, -1], [1, -1, 1], [-1, 1, -1], [1, -1, 1], [-1, 1, -1], [1, -1, 1], [1, -1, 1], [1, -1, 1], [-1, 1, -1], [1, -1, 1], [1, -1, -2], [0, 3, -2], [1, -1, 1], [-1, 1, -1], [1, -1, 1], [-1, 1, -1], [-1, 1, -1], [1, -1, 1], [1, -1, 1], [1, -1, 1], [2, 1, 0], [-1, 1, -1], [2, 1, 0], [-1, 1, -1], [-2, -1, 0], [-1, 1, 2], [1, -1, 1], [2, 1, 0], [-1, 1, 2], [-1, 1, -1], [0, 3, -2], [2, 1, 0], [1, -1, 1], [-1, 1, -1], [1, -1, 1], [1, -1, 1], [-1, 1, 2], [2, 1, 0], [1, -1, -2], [-1, 1, -1], [2, 1, 0], [1, -1, 1], [1, -1, 1], [1, -1, 1], [1, -1, -2], [1, -1, 1], [1, -1, 1], [-2, -1, 0], [1, -1, 1], [2, 1, 0], [-1, 1, 2], [-1, 1, -1], [1, -1, 1], [2, 1, 0], [2, 1, 0], [-1, 1, -1], [1, -1, 1], [-1, 1, 2], [1, -1, 1], [-1, 1, -1], [1, -1, 1], [1, -1, 1], [-2, -1, 0], [1, -1, 1], [1, -1, 1], [-1, 1, -1], [-1, 1, -1], [0, 3, -2], [0, 3, -2], [1, -1, 1], [2, 1, 0], [1, -1, -2], [-2, -1, 0], [2, 1, 0], [1, -1, 1], [1, -1, 1], [1, -1, 1], [1, -1, 1], [-3, 3, 0], [2, 1, -3], [1, -1, 1], [1, -1, 1], [-1, 1, -1], [1, -1, 1], [1, -1, 1], [1, -1, 1], [-1, 1, -1], [-1, 1, -1], [1, -1, -2], [1, -1, 1], [-1, 1, -1], [-1, 1, -1], [0, -3, -1], [1, -1, 1], [1, -1, 1], [-1, 1, -1], [1, -1, 1], [1, -1, 1], [-1, 1, 2], [1, -1, 1], [1, -1, 1], [-1, 1, 2], [1, -1, -2], [1, -1, 1], [1, -1, 1], [-1, 1, -1], [-1, 1, -1], [-1, 1, -1], [1, -1, 1], [1, -1, 1], [-1, 1, -1], [2, 1, -3], [1, -1, -2], [-2, -1, 0], [1, -1, 1], [-1, 1, -1], [2, 1, 0], [-1, 1, -1], [-1, 1, 2], [1, -1, 1], [1, -1, 1], [2, 1, -3], [-1, 1, -1], [0, 3, -2], [0, 3, -2], [1, -1, 1], [2, 1, 3], [1, -1, 1], [-2, -1, 0], [2, 1, 0], [-1, 1, -1], [-1, 1, -1], [0, 3, -2], [1, -1, -2], [2, 1, 0], [2, 1, 0], [2, 1, 0], [1, -1, 1], [1, -1, 1], [-1, 1, -1], [0, 3, -2], [1, -1, 1], [0, 3, -2], [1, -1, 1], [-1, 1, -1]]

exec_time (ms): 655165.7798290253 ms
exec_time: 10m 55s 165.77982902526855ms