N: 21
n: 5
number_of_primes (d): 3
exp_register_width (qd): 4
primes: [2, 5, 11]

R: 10223
T: 3
t: 16
delta: 0.00011980288285156891
delta_inv: 8348Percent of combinations (with positive values of result vector) that gives % N = 1: 84.7%
Percent of combinations (with positive values of result vector) that give p and q: 61.4%
Vectors that gives p and q: [[-1, 1, 0], [0, 1, 1], [0, 1, 1], [1, -1, 0], [1, -1, 0], [-1, 1, 0], [-1, 1, 0], [0, 1, 1], [1, -1, 0], [0, 1, 1], [-1, 1, 0], [1, -1, 0], [0, 1, 1], [-1, 1, 0], [0, 2, -1], [1, -1, 0], [1, -1, 0], [0, 1, 1], [1, -1, 0], [1, -1, 0], [1, -1, 0], [-1, 1, 0], [1, -1, 0], [0, 1, 1], [1, -1, 0], [1, -1, 0], [0, 1, 1], [0, 1, 1], [0, 1, 1], [1, -1, 0], [1, -1, 0], [1, -1, 0], [1, -1, 0], [0, 1, 1], [1, -1, 0], [-1, 1, 0], [1, -1, 0], [1, -1, 0], [1, -1, 0], [1, -1, 0], [1, -1, 0], [-1, 1, 0], [-1, 1, 0], [1, -1, 0], [1, -1, 0], [1, -1, 0], [1, -1, 0], [1, -1, 0], [0, 1, 1], [0, 1, 1], [0, 1, 1], [1, -1, 0], [0, 1, 1], [-1, 1, 0], [1, -1, 0], [0, 1, 1], [1, -1, 0], [0, 1, 1], [1, -1, 0], [-1, 1, 0], [0, 1, 1], [1, -1, 0], [-1, 1, 0], [0, 1, 1], [1, -1, 0], [1, -1, 0], [1, -1, 0], [0, 1, 1], [-1, 1, 0], [-1, 1, 0], [-1, 1, 0], [0, 1, 1], [2, 0, -1], [0, 1, 1], [1, -1, 0], [-1, 1, 0], [-1, 1, 0], [-1, 1, 0], [0, 1, 1], [0, 1, 1], [1, -1, 0], [1, -1, 0], [0, 1, 1], [0, 2, -1], [-1, 1, 0], [0, 2, -1], [1, -1, 0], [0, 1, 1], [1, -1, 0], [-1, 1, 0], [0, 1, 1], [0, 1, 1], [0, 1, 1], [0, 1, 1], [-1, 1, 0], [1, -1, 0], [1, -1, 0], [1, -1, 0], [0, 1, 1], [-1, 1, 0], [1, -1, 0], [1, -1, 0], [1, -1, 0], [1, -1, 0], [-1, 0, 2], [1, -1, 0], [-1, 1, 0], [1, -1, 0], [1, -1, 0], [1, -1, 0], [1, -1, 0], [1, -1, 0], [-1, 1, 0], [1, -1, 0], [1, -1, 0], [1, -1, 0], [1, -1, 0], [0, 1, 1], [0, 1, 1], [1, -1, 0], [0, 1, 1], [-1, 1, 0], [-1, 1, 0], [1, -1, 0], [0, 1, 1], [0, 2, -1], [0, 1, 1], [1, -1, 0], [1, -1, 0], [1, -1, 0], [0, 1, 1], [0, 1, 1], [1, -1, 0], [1, -1, 0], [-1, 1, 0], [1, -1, 0], [1, -1, 0], [-1, 1, 0], [1, -1, 0], [0, 1, 1], [0, 1, 1], [0, 2, -1], [0, 2, -1], [1, -1, 0], [-1, 1, 0], [2, 0, -1], [0, 1, 1], [1, -1, 0], [-1, 1, 0], [1, -1, 0], [1, -1, 0], [1, -1, 0], [0, 1, 1], [1, -1, 0], [1, -1, 0], [1, -1, 0], [1, -1, 0], [-1, 1, 0], [0, 1, 1], [1, -1, 0], [-1, 1, 0], [0, 1, 1], [1, -1, 0], [0, 1, 1], [1, -1, 0], [1, -1, 0], [1, -1, 0], [0, 1, 1], [0, 1, 1], [1, -1, 0], [-1, 1, 0], [1, -1, 0], [1, -1, 0], [-1, 0, 2], [1, -1, 0], [-1, 1, 0], [1, -1, 0], [0, 1, 1], [0, 1, 1], [0, 1, 1], [0, 1, 1], [-1, 1, 0], [1, -1, 0], [1, -1, 0], [1, -1, 0], [0, 1, 1], [0, 1, 1], [0, 1, 1], [1, -1, 0], [-1, 1, 0], [0, 1, 1], [-1, 1, 0], [1, -1, 0], [0, 1, 1], [1, -1, 0], [0, 1, 1], [-1, 1, 0], [0, 1, 1], [0, 2, -1], [-1, 1, 0], [1, -1, 0], [0, 2, -1], [-1, 1, 0], [0, 1, 1], [1, -1, 0], [0, 1, 1], [1, -1, 0], [-1, 1, 0], [0, 1, 1], [1, -1, 0], [-1, 1, 0], [1, -1, 0], [-1, 1, 0], [1, -1, 0], [0, 1, 1], [1, -1, 0], [1, -1, 0], [1, -1, 0], [1, -1, 0], [1, -1, 0], [-1, 1, 0], [-1, 1, 0], [0, 1, 1], [-1, 1, 0], [0, 1, 1], [1, -1, 0], [0, 1, 1], [0, 1, 1], [1, -1, 0], [-1, 1, 0], [1, -1, 0], [1, -1, 0], [1, -1, 0], [0, 1, 1], [0, 1, 1], [0, 1, 1], [1, -1, 0], [1, -1, 0], [-1, 1, 0], [1, -1, 0], [1, -1, 0], [1, -1, 0], [1, -1, 0], [0, 1, 1], [2, 0, -1], [0, 1, 1], [0, 1, 1], [-1, 1, 0], [0, 1, 1], [0, 1, 1], [1, -1, 0], [1, 2, 0], [1, -1, 0], [-1, 1, 0], [1, -1, 0], [0, 2, -1], [1, -1, 0], [1, -1, 0], [-1, 1, 0], [1, -1, 0], [1, -1, 0], [1, -1, 0], [-1, 1, 0], [1, 2, 0], [0, 1, 1], [0, 1, 1], [1, -1, 0], [1, -1, 0], [-1, 1, 0], [1, -1, 0], [0, 1, 1], [-1, 1, 0], [0, 1, 1], [1, -1, 0], [1, -1, 0], [2, 0, -1], [1, -1, 0], [1, -1, 0], [0, 1, 1], [0, 1, 1], [1, -1, 0], [-1, 1, 0], [1, -1, 0], [1, -1, 0], [1, -1, 0], [-1, 1, 0], [0, 1, 1], [0, 1, 1], [2, 0, -1], [1, -1, 0], [1, -1, 0], [-1, 1, 0], [1, -1, 0], [1, -1, 0], [1, -1, 0], [1, -1, 0], [1, -1, 0], [-1, 1, 0], [0, 2, -1], [-1, 1, 0], [0, 1, 1], [1, -1, 0], [0, 1, 1], [1, -1, 0], [0, 1, 1], [0, 1, 1], [0, 1, 1], [0, 1, 1], [-1, 1, 0], [0, 1, 1], [0, 2, -1], [0, 1, 1], [1, -1, 0], [0, 1, 1], [1, -1, 0], [1, -1, 0], [1, -1, 0], [1, -1, 0], [0, 1, 1], [-1, 1, 0], [-1, 1, 0], [1, -1, 0], [-1, 1, 0], [-1, 1, 0], [-1, 1, 0], [1, -1, 0], [-1, 1, 0], [0, 1, 1], [-1, 1, 0], [1, -1, 0], [0, 1, 1], [0, 1, 1], [-1, 1, 0], [0, 1, 1], [0, 2, -1], [0, 1, 1], [-1, 1, 0], [-1, 1, 0], [1, -1, 0], [1, -1, 0], [-1, 1, 0], [1, -1, 0], [0, 1, 1], [-1, 1, 0], [0, 1, 1], [0, 1, 1], [-1, 1, 0], [1, -1, 0], [-1, 1, 0], [0, 1, 1], [1, -1, 0], [1, -1, 0], [0, 1, 1], [0, 1, 1], [0, 1, 1], [1, -1, 0], [0, 1, 1], [1, -1, 0], [0, 2, -1], [1, -1, 0], [-1, 1, 0], [0, 1, 1], [-1, 1, 0], [-1, 1, 0], [1, -1, 0], [0, 1, 1], [1, -1, 0], [0, 1, 1], [-1, 1, 0], [-1, 1, 0], [-1, 1, 0], [1, -1, 0], [0, 1, 1], [-1, 1, 0], [0, 1, 1], [1, -1, 0], [0, 1, 1], [1, -1, 0], [0, 1, 1], [1, -1, 0], [1, -1, 0], [1, -1, 0], [0, 1, 1], [1, -1, 0], [-1, 1, 0], [0, 1, 1], [-1, 1, 0], [0, 1, 1], [1, -1, 0], [0, 1, 1], [1, -1, 0], [1, -1, 0], [0, 1, 1], [-1, 1, 0], [1, -1, 0], [0, 1, 1], [1, -1, 0], [-1, 1, 0], [1, -1, 0], [0, 1, 1], [1, -1, 0], [0, 1, 1], [0, 1, 1], [-1, 1, 0], [0, 1, 1], [0, 2, -1], [1, -1, 0], [0, 1, 1], [1, -1, 0], [0, 1, 1], [-1, 1, 0], [0, 1, 1], [1, -1, 0], [0, 1, 1], [0, 1, 1], [1, -1, 0], [1, -1, 0], [1, 2, 0], [1, -1, 0], [-1, 1, 0], [0, 1, 1], [1, -1, 0], [1, -1, 0], [1, -1, 0], [0, 1, 1], [1, -1, 0], [0, 1, 1], [1, -1, 0], [0, 2, -1], [0, 1, 1], [0, 1, 1], [-1, 1, 0], [1, -1, 0], [1, -1, 0], [0, 1, 1], [0, 1, 1], [-1, 1, 0], [1, -1, 0], [1, -1, 0], [-1, 1, 0], [1, -1, 0], [1, -1, 0], [0, 1, 1], [0, 1, 1], [1, -1, 0], [0, 1, 1], [0, 1, 1], [0, 1, 1], [1, -1, 0], [1, -1, 0], [1, -1, 0], [0, 1, 1], [1, -1, 0], [0, 1, 1], [0, 1, 1], [-1, 1, 0], [0, 1, 1], [0, 2, -1], [1, -1, 0], [-1, 1, 0], [-1, 1, 0], [1, -1, 0], [0, 1, 1], [-1, 1, 0], [1, -1, 0], [0, 1, 1], [1, -1, 0], [0, 1, 1], [1, -1, 0], [0, 1, 1], [1, -1, 0], [1, -1, 0], [-1, 1, 0], [0, 1, 1], [1, -1, 0], [0, 1, 1], [1, -1, 0], [1, -1, 0], [1, -1, 0], [1, -1, 0], [1, -1, 0], [2, 0, -1], [1, -1, 0], [1, -1, 0], [-1, 1, 0], [1, -1, 0], [0, 1, 1], [0, 1, 1], [1, -1, 0], [0, 1, 1], [0, 1, 1], [1, -1, 0], [0, 2, -1], [1, -1, 0], [0, 1, 1], [-1, 1, 0], [0, 1, 1], [1, -1, 0], [0, 1, 1], [-1, 1, 0], [0, 1, 1], [0, 1, 1], [1, -1, 0], [1, -1, 0], [0, 2, -1], [0, 1, 1], [0, 1, 1], [0, 1, 1], [1, -1, 0], [1, -1, 0], [1, -1, 0], [1, -1, 0], [1, -1, 0], [0, 1, 1], [0, 1, 1], [0, 1, 1], [0, 2, -1], [2, 0, -1], [1, -1, 0], [1, -1, 0], [1, -1, 0], [0, 2, -1], [0, 1, 1], [-1, 1, 0], [1, -1, 0], [1, -1, 0], [1, -1, 0], [-1, 1, 0], [1, -1, 0], [0, 1, 1], [0, 1, 1], [1, -1, 0], [1, -1, 0], [1, -1, 0], [1, -1, 0], [0, 1, 1], [1, -1, 0], [1, -1, 0], [1, -1, 0], [1, -1, 0], [0, 1, 1], [1, -1, 0], [-1, 1, 0], [0, 1, 1], [0, 1, 1], [-1, 1, 0], [0, 2, -1], [0, 1, 1], [1, -1, 0], [1, -1, 0], [1, -1, 0], [1, -1, 0], [0, 1, 1], [1, -1, 0], [0, 1, 1], [0, 2, -1], [1, -1, 0], [1, -1, 0], [0, 1, 1], [-1, 1, 0], [-1, 1, 0], [1, -1, 0], [-1, 1, 0], [1, -1, 0], [-1, 1, 0], [1, -1, 0], [1, -1, 0], [1, -1, 0], [0, 1, 1], [-1, 1, 0], [0, 1, 1], [1, -1, 0], [0, 2, -1], [0, 1, 1], [-1, 1, 0], [1, -1, 0], [0, 1, 1], [-1, 1, 0], [-1, 1, 0], [0, 1, 1], [0, 1, 1], [0, 2, -1], [0, 1, 1], [0, 1, 1], [0, 1, 1], [0, 1, 1], [0, 1, 1], [1, -1, 0], [1, -1, 0], [0, 1, 1], [0, 2, -1], [0, 1, 1], [0, 1, 1], [0, 2, -1], [1, -1, 0], [0, 2, -1], [0, 1, 1], [1, -1, 0], [1, -1, 0], [1, -1, 0], [1, -1, 0], [-1, 1, 0], [1, -1, 0], [0, 1, 1], [0, 1, 1], [1, -1, 0], [0, 1, 1], [-1, 1, 0], [1, -1, 0], [1, -1, 0], [0, 1, 1], [1, -1, 0], [1, -1, 0], [1, -1, 0]]

exec_time (ms): 469602.63657569885 ms
exec_time: 7m 49s 602.6365756988525ms