N: 33
n: 6
number_of_primes (d): 3
exp_register_width (qd): 5
primes: [2, 5, 7]

R: 11287
T: 3
t: 16
delta: 0.00010850933564202967
delta_inv: 9216Percent of combinations (with positive values of result vector) that gives % N = 1: 79.7%
Percent of combinations (with positive values of result vector) that give p and q: 52.3%
Vectors that gives p and q: [[-265, 438, -2391], [2212, -1246, 3061], [2990, -561, 2572], [0, -1, 2], [-1840, 1239, -2658], [-748, 896, -2363], [-2583, 892, 495], [308, -1526, 1813], [-748, 9, 2836], [216, -2913, 428], [3087, -487, -1752], [-218, -2542, 543], [-2693, -4588, 425], [947, 1634, 1431], [-99, -2529, 670], [-1686, -88, 709], [-376, -2419, 246], [2659, 1091, -104], [-537, 208, -2375], [1701, -1832, -1209], [-576, -1973, -366], [-659, 1562, -2387], [-194, -2712, 2651], [1011, -405, -1748], [1768, 1602, -1333], [-2535, -1376, 1917], [2442, -237, 318], [-559, -418, -2127], [-468, -2553, 860], [27, -585, -2246], [507, 2377, 1810], [-1821, 1178, -1893], [1263, 598, -1095], [-3383, -1037, 178], [191, -1149, 2850], [-2024, -4028, -517], [2, 0, -1], [-478, -962, -3207], [-2685, 711, -182], [934, -1684, -409], [1734, -1710, -497], [-2661, 304, 45], [-2609, 699, -3656], [1312, -1201, -834], [-2596, -91, 300], [-1486, 1255, -1772], [-705, -1351, -1898], [-1126, 2466, -1139], [-1530, 889, 2422], [-1827, 683, -2790], [195, 3458, -1231], [0, 1, -2], [316, 2531, -600], [-2261, -237, 2052], [3526, -482, -459], [-2031, 974, -1035], [-1875, -1402, 3029], [775, 10, -1685], [-1782, 820, -1959], [598, -297, -2780], [-1839, -3788, 1213], [641, -136, -3151], [988, -2349, -216], [805, 485, -1670], [1851, -811, -2236], [-380, -2543, 536], [-578, -1007, -3772], [4479, 1014, -135], [-2255, 437, 906], [-1204, -3725, -1158], [0, -1, 2], [-114, -2480, 717], [216, -87, -2974], [3299, -771, -1530], [-1782, -1091, -3632], [1737, -2472, -967], [1562, -249, -2038], [849, 2303, -828], [-2266, -3254, -2709], [-3602, -1467, 90], [-171, -2291, 340], [-5, 1562, -2329], [-2987, -1411, 198], [307, 2350, -481], [2532, 1311, -118], [-226, -1662, 2987], [974, 701, 4256], [-99, 248, 2201], [1514, 145, -1472], [0, -1, 2], [-1043, 370, 1609], [-3310, 1315, 1830], [-3349, -1744, -2555], [1491, -1014, -2255], [-1594, 2480, 887], [410, -2870, 235], [-152, -2565, 376], [902, -620, -911], [-2, 0, 1], [-3220, 389, 1252], [539, -3496, 815], [-2121, 746, -269], [-3294, 1149, 3104], [597, -123, -2480], [-463, -1770, -711], [-1048, 864, -1579], [1600, -1132, -1261], [2000, 830, -145], [-452, -1788, 1367], [-1461, -2900, 3203], [-54, 841, -1500], [614, 1309, 4280], [1740, 521, 2718], [1523, -3803, 2], [2, 0, -1], [2267, -214, -923], [-3066, 1891, -404], [-538, -802, -2047], [-1255, -2422, 359], [152, -1870, 1349], [358, 782, -3083], [980, -1257, -1386], [-3068, 1385, 1814], [-3807, 2503, -2010], [1223, -1887, -930], [2798, -852, -1955], [-363, -1956, -1409], [384, -930, 1113], [-3053, 2150, -371], [230, -848, -2219], [1264, -1839, -994], [112, -2663, -610], [346, 86, -2845], [-2475, 2910, -1015], [-2149, 2601, -10], [1970, 4723, 394], [-514, 5004, -161], [1101, -3099, 150], [-906, -72, -2103], [-1383, -1808, 675], [-2, 0, 1], [-1435, 1867, -704], [1392, 2399, -2124], [-2734, 2059, 824], [-1913, -104, -793], [-3611, -922, -2043], [131, -2974, 715], [-455, -1514, -3617], [-1235, -437, -3456], [-3064, 1159, 664], [-2595, 1120, -485], [-466, 1078, -3093], [746, -762, 2751], [1358, -513, -128], [-658, 553, -2292], [-530, -2449, 328], [-2009, -677, 2696], [1386, -1546, 99], [-275, -4514, -1247], [-1166, -1258, 1899], [-2521, -1608, 1219], [-1251, -2105, 1378], [-702, -748, -2203], [-1083, -2447, 1468], [2966, -2555, -1758], [-1545, -1468, -769], [-269, -2353, 108], [-457, -1627, 1540], [3264, -176, -1365], [-1556, -3391, -1390], [-3630, -218, 1891], [-73, -556, 1461], [-1881, -1443, -646], [-2093, -732, 2263], [1820, -333, -1374], [-884, -2480, -1193], [117, 3091, -328], [-3345, 883, -2336], [-4108, -600, -2121], [1164, 1329, 900], [1384, -3039, 336], [-132, -265, 3006], [-1741, 396, 1941], [2962, -1124, 2657], [1106, 1701, 410], [-2184, -69, 460], [348, -79, -2606], [-928, -1279, 932], [-2631, 1669, -430], [2, 0, -1], [-1542, -58, 3747], [-2, 0, 1], [-2370, -375, 2770], [-2726, -1557, -828], [851, 1673, -2334], [-1, 2, -1], [-282, 397, -2518], [-610, 381, -2432], [105, -2481, 202], [-715, -922, 1569], [1081, -471, -2176], [-560, -2035, -1100], [-2591, -479, 1186], [-1070, 2688, 1079], [1341, 1819, -906], [-512, -3438, -2813], [604, -37, -2758], [-1149, 6, 3325], [-69, -4268, -1177], [2833, -3080, -2469], [-434, 1134, 169], [702, 1043, 3148], [-234, -1883, -412], [-941, 671, -2154], [-1644, 4373, -404], [294, -2734, -2019], [-1698, 1534, -249], [0, 1, -2], [-710, 3135, -620], [403, 946, -1661], [-1606, -1783, -46], [3096, -1166, -1951], [-1388, 2421, 3202], [1875, -4551, -1358], [-2392, -120, -2609], [-313, -2350, 609], [-774, -4458, -1507], [-1379, 1197, -122], [1505, 1015, -2470], [1263, -776, -857], [-388, -3347, 528], [-95, -1141, 1962], [-1173, 792, 895], [1337, 2045, -1556], [2349, -1981, -1650], [2423, 764, -827], [-1762, 3962, -1193], [-1275, 701, 2268], [-1765, 623, 264], [-2990, -3354, 43], [-2689, 609, 474], [-1565, 1166, 1623], [142, -2587, 538], [1774, -2196, -2505], [-2384, -445, 2772], [1810, -1822, -271], [-1739, 2264, -1331], [-1958, 38, -967], [2538, 1613, -230], [1888, -283, -1748], [-2787, -1098, -2473], [-103, 402, -3095], [-644, -1563, -2142], [698, 850, -2619], [-2151, -1124, -719], [556, -1910, 297], [1011, -1144, 2045], [907, -270, -3231], [-2410, -699, -2492], [-2340, 1642, -1679], [-193, 2663, -2812], [-2468, 24, 1701], [-2600, 721, 1638], [-3246, 692, 1289], [-425, -2735, 920], [-1923, 1174, -969], [-1103, 527, -2100], [2632, 566, 97], [-223, 3244, -2079], [-662, 856, -2491], [1790, -2512, 539], [2212, -2407, 508], [-977, 1936, 329], [-2666, 665, -3432], [-3252, 656, 779], [-2416, 612, -451], [-545, 1194, -2273], [-2644, 1059, 2814], [-893, 3149, -1764], [1956, 700, -193], [-626, -4174, -679], [-2376, -129, 336], [358, -3192, 885], [-1809, 2376, 605], [-2086, 324, 325], [0, -1, 2], [1351, -577, -1374], [-2674, 603, 456], [-1695, -1628, 1801], [-3094, -633, -1282], [-1251, -849, 1476], [-461, 2200, 493], [2252, -84, -73], [431, -2621, 24], [313, 238, -2525], [-1402, -1759, 1554], [-2288, 594, -469], [2505, -1719, -1772], [-1621, -1774, -589], [409, -2476, -2625], [-580, -82, -2211], [-908, -2346, 841], [0, 1, -2], [2705, 388, -451], [2191, 860, 3407], [-3696, 1433, 2162], [-31, -2221, 570], [930, -2573, 426], [-1003, 852, -2005], [139, -703, 1544], [-2193, -688, 1125], [1, -2, 1], [-1806, -1158, -4191], [-1, 2, -1], [54, -2303, 544], [-1483, -3218, -1875], [-1816, -3483, -1466], [-606, -1706, -1915], [-3682, -246, -777], [-2489, 2293, -2624], [-2, 0, 1], [1155, 2761, 3928], [-1475, -3904, 453], [747, -2655, -196], [-1358, 3409, 2146], [-2817, -2302, 1965], [-792, -1555, 1306], [-856, -2348, 1839], [-1471, -1034, 1911], [364, 2514, -145], [525, -2339, -162], [-1110, -1086, -1203], [0, 1, -2], [-11, -902, 2467], [-2, 0, 1], [56, -2011, -1326], [-917, -4164, 859], [907, 1371, -2548], [2074, 494, -2945], [-2088, -1690, 2499], [-3588, -2644, -3173], [-375, 13, 2164], [-665, -1456, 3117], [-1258, 1957, 1550], [1395, 402, -2149], [-617, 3285, 3296], [2722, 1060, 2699], [-1107, -777, -1520], [1895, -3732, -561], [-298, -2515, 444], [-1588, -1727, 558], [-2440, -2557, 2054], [-1878, -2790, 2409], [-2626, -946, -555], [-1531, 1094, -5], [2349, -159, -3284], [-1220, 106, 1513], [-889, -3508, -1527], [-1756, -3456, 1515], [-954, -1620, -1803], [-445, 1375, -2190], [-675, 2474, -93], [524, -1487, 412], [-1947, -653, -108], [-1045, -1689, -2442], [2, 0, -1], [2, 0, -1], [-2439, -1180, 197], [-2596, -107, 302], [498, -1268, 1207], [-196, -2504, 631], [827, -1976, -159], [0, 1, -2], [2064, -4570, 13], [1895, -1605, 1410], [-1755, -1725, 800], [112, 3852, -1615], [-1673, -3262, 723], [945, -683, -2074], [-282, -2369, 3244], [465, -2505, -1240], [-2597, 2515, 56], [-2589, 1398, -1589], [-1106, 1020, 2223], [2146, -1968, 133], [-567, -4427, 1460], [2354, -2030, -1257], [-252, 874, -2667], [-3400, 1365, 1160], [206, 869, -2866], [-1700, 1352, 111], [-446, 2117, -2236], [1116, -2343, 1058], [-1343, -1224, -1783], [2434, -984, -1119], [-1178, -2688, 405], [-762, -2259, 1034], [1351, -869, -2060], [-2456, 91, 926], [-3324, 1575, 1672], [-2301, -242, 1527], [3020, -1130, 285], [2733, -3457, -2950], [3686, -1348, -1857], [-1649, -1099, 680], [-3031, -375, 1658], [2190, 3595, -1640], [-366, 285, -2302], [672, 2121, 1272], [598, 2748, -345], [-470, 409, -2118], [-2668, -3306, -1999], [1059, -1936, -415], [-2153, -879, 592], [-1428, 2446, 1347], [-2478, 1010, 409], [-2474, -204, 805], [-708, -2383, 690], [3167, -1090, -41], [-1681, -231, 1180], [1920, -2752, -151], [-1335, 2762, 911], [0, 1, -2], [-313, -3269, 552], [3120, 2312, -1339], [428, -87, -3130], [2056, 49, 2854], [758, -2138, -1333], [2663, -2339, -236], [3461, 735, -178], [1632, 33, 638], [665, -968, -69], [3828, -440, 3711], [-2660, 428, -131], [-652, 1916, -2111], [-475, -1247, -2306], [1316, -1593, -2682], [-2557, 263, 400], [-1301, 947, -2126], [-790, 2131, -1942], [526, -785, 1062], [-2856, 956, -459], [1498, -964, 1829], [1363, -847, -2040], [2526, 3182, -247], [512, -2448, 3615], [-1927, -321, 1518], [-1880, -1063, -2474], [356, 197, -2782], [-4322, 1089, -2132], [2171, 472, -847], [-2671, -2574, 2401], [-3018, -1051, -174], [0, -1, 2], [-2772, -2548, 997], [1919, -1217, -2408], [244, 2620, -957], [514, -2838, -131], [-767, 843, -2590], [-1720, -1281, -168], [-2356, -2252, 117], [1205, -1098, -3039], [169, 209, -2230], [-621, -2080, 293], [-2, 0, 1], [295, -4706, 1107], [1865, -2680, -95], [-1158, -1209, 1692], [-684, -3797, -1784], [-1945, -1458, 1671], [3423, -452, -1555], [2, 0, -1], [-2134, -271, 2044], [-2024, 1098, -849], [-2064, 1058, -3549], [813, 480, -2769], [-1304, -2393, 1438], [-516, -2882, 2187], [-2694, 3657, -1372], [-1467, -11, 648], [-142, -1318, -3443], [-2588, 1016, -313], [-3160, 998, 509], [1577, -1620, 3089], [488, -314, -2381], [-1482, 132, 3487], [-4436, -109, -84], [2725, -2727, 234], [1580, -1930, -1495], [-2257, -77, 60], [3094, 1206, 2841], [-2384, 1195, -988], [-1083, -2259, 302], [122, -2744, 827], [3054, 2512, -551], [-2153, -625, -1596], [1729, 2020, -167], [-2811, 998, 987], [-296, -2323, -3386], [-2, 0, 1], [-267, 122, -2443], [-240, -469, 3058], [286, -1895, -1518], [202, -1490, -3041], [304, -2821, 370], [-1962, -3348, -863], [-1453, 1353, -1162], [2, 0, -1], [-3074, -438, 993], [-2292, -2626, 2153], [805, -2174, -847], [-61, -2251, -590], [-146, -1303, 1334], [-2915, 737, -374], [-3359, 921, 370], [1825, -1982, -2451], [2, 0, -1], [-3139, 690, -463], [987, -1199, -2508], [2147, -2465, -1326], [1477, 630, -3701], [-2031, 148, 1507], [-3937, 570, -1139]]

exec_time (ms): 603204.8983573914 ms
exec_time: 10m 3s 204.89835739135742ms