N: 35
n: 6
number_of_primes (d): 3
exp_register_width (qd): 5
primes: [2, 3, 11]

R: 11287
T: 3
t: 16
delta: 0.00010850933564202967
delta_inv: 9216Percent of combinations (with positive values of result vector) that gives % N = 1: 74.5%
Percent of combinations (with positive values of result vector) that give p and q: 45.0%
Vectors that gives p and q: [[-605, -513, 1612], [-1949, 1567, -1902], [-641, 2175, -1898], [-2244, -234, 1965], [1579, -549, -1601], [-2183, 1089, -1319], [1989, 1113, -2373], [-1588, -882, -1201], [-2524, 1554, -2134], [1955, -169, -3132], [1506, -620, -1705], [-1882, 2884, -368], [275, -605, -2255], [-1272, 1166, 2056], [458, -2488, -339], [-631, 3029, -12], [-2992, 538, -494], [-1083, 2905, 176], [468, -2078, -988], [2448, -1910, -844], [-108, 1086, -2325], [-810, -1436, -3130], [-1211, -1375, -805], [-560, -2498, 1674], [2509, -487, -2047], [2175, 203, -2723], [-2149, -1481, 2242], [-2659, -2107, 3540], [2188, -1862, -1761], [-446, 176, -3049], [237, 1117, -2446], [4001, -647, 127], [-3728, 610, -114], [-2746, -1564, -366], [-2217, 671, 1942], [-1251, -2335, -113], [-2221, -3129, 1664], [727, -1861, -1255], [-1913, -2325, 925], [-3191, -431, -1212], [-120, 2870, 106], [158, -3024, 1547], [-627, 1029, -1104], [2, 0, -1], [-232, 658, -2984], [-489, -3005, 725], [-2735, 113, 2621], [1397, 145, -1778], [833, 3589, 550], [581, -667, 3654], [-3066, 2492, -1640], [-1548, -534, -678], [2, 0, -1], [-3103, 1025, 273], [2287, -2441, 2145], [1610, 1288, 298], [1572, 2326, -625], [-2390, -560, -417], [313, -2023, -493], [-2796, -514, 595], [1845, 2769, 2115], [-941, -3061, -1852], [-1930, 1020, -322], [1796, -1370, -1241], [-857, -2053, -151], [1607, 1727, 2175], [-99, 2837, -1817], [-3689, -1141, 1670], [955, -2233, -496], [-484, 1778, 3951], [1637, 1325, -927], [-1360, 1082, -1728], [-2649, -313, 2269], [-2432, 1438, -12], [-114, -476, -1810], [-2287, -319, 936], [2260, 750, -1841], [2448, 1422, 1065], [-2162, -696, 1672], [-3773, -901, -1597], [-1607, 2997, -1613], [-156, -630, -1875], [1155, -2409, -144], [181, -547, -2371], [-3522, -316, -1388], [-118, -2248, 2388], [-129, 395, -2864], [-846, 684, -666], [3032, 1242, -2764], [-2339, -2199, 3100], [407, -1137, 1922], [2208, -2294, -1102], [1673, -99, -2695], [-338, 2796, -2978], [-695, -1739, -1803], [4895, -1313, 1861], [-2343, -375, 1662], [3595, 1031, 3353], [-1597, 3239, -1332], [1340, -1930, -4425], [-1998, -1724, -418], [1826, 2276, -309], [-3174, 1256, 238], [-2573, 547, -2106], [1963, -1633, -2617], [1396, -826, -1270], [-2559, -139, 1933], [-1015, -1575, 1910], [2358, -1088, 791], [418, -2572, -460], [-1413, -2445, -1500], [1948, -1078, -4186], [2591, -2169, -1825], [1374, -1524, 2517], [-870, 456, -222], [-521, 1131, -1979], [1142, -1952, -17], [-2563, 2581, 511], [-1266, 1204, 1088], [-167, 2421, 139], [1255, -2129, 891], [-563, -2303, -1197], [2409, -1007, 686], [680, -570, 2150], [-1237, -1945, 45], [-1014, -2044, -155], [-224, -3198, -266], [294, -2068, 1711], [2, 0, -1], [-4401, 243, 18], [2427, 939, 3270], [-2423, -2435, 3357], [-1978, 2844, 53], [-1379, 3949, 210], [-3219, -1107, 66], [-3199, -703, 411], [562, -272, -2640], [-1923, -4179, 1191], [-2536, -1342, -507], [3335, 567, 1685], [905, -4023, -976], [-1920, -778, -878], [-1516, -3158, 1030], [1816, -2138, -435], [-527, 1081, -2643], [-445, 2739, 62], [-402, -1372, 1420], [2240, -1254, -1288], [-1390, 2892, 869], [-654, 2516, 1567], [-2498, -356, 2436], [1520, 2198, 1128], [-3141, -1117, -1784], [-653, -2641, 2696], [2, 0, -1], [-2191, 1629, -169], [-1459, -767, -1643], [-2456, -1430, -855], [1129, -1495, -1711], [93, 117, -2295], [3892, -1198, 3149], [-3559, 89, -2052], [-2155, -575, -2918], [-2116, -3034, 486], [1846, -2304, 3421], [-983, 2917, -2532], [-2621, 519, -488], [-2601, 2075, 1705], [4153, -339, 2773], [1493, -2799, 2249], [2169, -103, -1787], [-1358, -2012, -12], [-587, -1867, -97], [-1115, -2995, -1558], [-1761, -937, 1654], [-1092, -1018, 1642], [2, 0, -1], [-2049, -501, -2886], [-1899, 1033, -1837], [-630, -1484, -2929], [2626, -1960, -2167], [1713, 345, 1143], [3192, -830, 950], [2074, 712, 3171], [2, 0, -1], [2817, -139, -326], [784, -330, -2513], [1864, -1158, -2996], [464, 134, -2403], [609, -2103, 1716], [-540, 618, -2208], [-1632, 1206, -360], [2054, 2808, -625], [-1751, -1547, -198], [206, 968, 2130], [2176, 474, -584], [2, 0, -1], [463, -2437, 644], [-2585, 1367, 809], [-2001, -809, -247], [1676, 150, 1184], [1942, -1868, 2022], [-527, 1925, 1061], [-2417, 339, -1112], [-1366, -684, 1157], [947, -2117, -1271], [-705, -509, 2789], [2434, -852, -2654], [-2885, 815, -88], [-1956, 214, -805], [-689, 967, -1155], [1754, 2848, -2684], [-516, -3078, -2028], [1010, -2352, -784], [91, -2001, -1445], [713, -3507, -3880], [851, 515, -3783], [-2524, 1026, -604], [2011, -1605, -1697], [-1161, -897, -1263], [-990, 3144, 1083], [3571, 679, -2268], [-316, 2966, -2382], [-946, -3420, -328], [175, -2645, -2100], [4020, -614, -1492], [109, -2263, 1418], [2671, 2759, -1699], [1035, 1815, 129], [-462, -540, 3297], [11, -1977, -1285], [-2, -1816, -2872], [-26, 612, -2654], [-2157, -413, -73], [2, 0, -1], [2058, -872, 533], [-925, 1843, -1031], [1092, 2026, -2929], [-1839, 1605, -960], [-1061, -2793, -1748], [3826, -1500, 895], [-1625, 1091, 2486], [-1336, -3394, 1002], [-2168, 462, -350], [620, -3158, 553], [-2593, 463, 214], [-2431, -1023, -3739], [-1372, 114, 3137], [-1870, -984, 1016], [587, 231, -2176], [1005, -887, -475], [-4106, -376, 557], [96, 2326, -2707], [-3007, -603, -1765], [-1701, -3625, -3107], [-4189, -357, 365], [-4835, 973, 573], [-624, 258, 2625], [1186, -1368, -4088], [597, -2387, 545], [285, -1035, 1590], [-738, -2976, 2649], [-2222, -516, 343], [-2986, 1784, 2232], [1326, -3204, -3612], [-1669, -721, 1479], [-2306, 176, 3539], [-1874, 3700, -1965], [-1337, 1175, -1885], [-2256, -1270, 1933], [-1961, -1769, -2082], [-1129, -1725, -295], [-1717, -509, -611], [-634, 248, 2418], [-122, -1732, -682], [-3, -2319, 540], [820, -66, -2576], [-882, -876, 978], [4046, -348, -1234], [688, -2426, 75], [1927, 1219, -2661], [-455, -2883, 1303], [-2975, 381, -2171], [172, 894, -2312], [3870, -592, 850], [-2237, 271, -849], [-1456, -2366, -1322], [-3434, -2396, 954], [-1194, -1272, -795], [3476, -1166, 1033], [-868, -1430, -3407], [-552, 1994, 1423], [2, 0, -1], [2631, -153, -2061], [2826, 2540, 373], [81, 2969, 169], [-2544, -54, -618], [-1726, 3320, -1392], [1540, -2042, -1497], [-272, -946, -3925], [-40, -1390, 1113], [2279, -193, 573], [1209, -1127, -637], [-1369, 1079, -558], [-417, -2345, 1556], [2755, -461, -804], [-2070, -2040, -1266], [1078, -124, -2104], [-2433, 4267, -1855], [-3728, 358, -1935], [3, -1761, 1419], [351, 1855, 1193], [-2273, -453, 1684], [938, -1160, -1799], [-2078, -2048, 708], [2353, -1459, 350], [-1139, -1099, -3784], [1409, -1223, 1741], [1801, -43, 1682], [-3097, -97, -3210], [1576, 1154, 230], [2393, -619, -843], [-1754, -2432, -1512], [-3678, 3496, -1264], [-3498, 1960, 3464], [-1856, -882, -3686], [526, 1208, -2356], [-1932, 194, -860], [894, -2888, 293], [447, -693, -3954], [-3333, 531, 156], [2307, -1849, -1775], [-965, -1277, -2832], [2197, -1231, -1492], [2521, -1347, -1991], [2345, -3627, -769], [2320, -1750, -1813], [-3823, -979, -864], [-4258, -112, 1350], [2936, -102, -2536], [-1778, -1320, 1705], [3521, 1381, 958], [410, 2076, 920], [-2894, -296, -2358], [2092, -2158, -1378], [-1509, 687, -162], [-2337, 1887, -3201], [2403, -1973, -2317], [2330, 1492, 1615], [798, 1136, -1325], [-2101, 23, 1572], [941, 1837, -2261], [-1947, -1183, -839], [-645, -941, -1618], [847, -3153, 10], [-526, -116, 2248], [-2525, 191, -670], [-2120, 314, -3310], [318, -584, -2401], [247, -2309, -435], [2504, 2038, 703], [-1200, -866, 1739], [832, -4090, -1975], [-640, 2598, -967], [-2440, -1734, -1891], [-1779, -1067, -1006], [-3060, -1846, 2014], [-1216, -4366, -654], [-120, 2318, -2015], [2, 0, -1], [-1018, 1632, -1672], [1452, 3978, -1473], [-1596, -1494, -21], [1759, 995, -1213], [812, 2006, -2805], [1913, -2815, -393], [341, -1751, -4283], [-1744, -1302, -226], [2099, -2565, -1006], [-29, -1769, 696], [1292, -2410, 1812], [-973, -1017, 1493], [-310, -1492, 1806], [1814, 1660, -989], [-1233, -1997, -3610], [-1158, -1196, 1799], [3976, 1662, -581], [-2564, -3022, 1031], [39, -4245, 1728], [2509, 2097, 1], [887, -2805, -4696], [-2463, 2585, -668], [-3433, -89, -1472], [-1665, 1139, -2222], [-3262, -320, -92], [-2452, -2246, 640], [-2267, 1249, -813], [-338, -1772, -2472], [-1811, -1575, -359], [2, 0, -1], [-118, 2208, 1730], [-2206, 1388, 1626], [220, -3598, 299], [1257, -379, 1609], [379, -2209, -10], [-2749, -893, 310], [485, -2615, -698], [992, -1686, -1609], [-3509, -1837, 308], [-1417, -1625, -116], [-1002, 1980, 1488], [-2698, -460, -2070], [619, -201, -2288], [-3843, 313, -1480], [1597, -1075, -1264], [-1089, -2165, 2846], [-2131, 1241, -1836], [-819, -1395, -2490], [382, -2760, -863], [1802, 1488, -922], [289, 177, -2960], [1021, -3067, -217], [-1667, 905, -2479], [-1862, -1936, 167], [-4138, 572, -279], [1747, -2549, -1449], [4778, -296, -3077], [-4306, 536, -450], [418, -244, -2269], [-269, -2805, 202], [-2334, 3080, -170], [1332, -2394, -2130], [74, -1544, -3884], [509, -2847, 557], [-398, 788, -1870], [1349, 2713, 1282], [113, 573, -2080], [-584, -5178, -1751], [-488, -1722, 1585], [4090, -808, -1042], [-2431, -411, -2221], [-1377, -2357, -1879], [-2119, 3877, -377], [2121, -3035, 839], [757, -1415, -132], [2112, 1714, 1253], [1709, -3355, -447], [-1286, -296, 2694], [786, -2556, -69], [2396, 590, 2031]]

exec_time (ms): 610754.2068958282 ms
exec_time: 10m 10s 754.2068958282471ms