N: 39
n: 6
number_of_primes (d): 3
exp_register_width (qd): 5
primes: [2, 5, 7]

R: 11287
T: 3
t: 16
delta: 0.00010850933564202967
delta_inv: 9216Percent of combinations (with positive values of result vector) that gives % N = 1: 71.5%
Percent of combinations (with positive values of result vector) that give p and q: 44.9%
Vectors that gives p and q: [[1286, -3200, -1432], [-1840, -1177, -3769], [913, -1433, 10], [2153, 321, 2276], [-52, 990, 764], [860, -1959, -547], [833, -798, -2113], [-2211, 793, -2676], [-2667, 1977, -108], [1758, -3011, -1869], [-2861, 733, 2422], [-642, 784, -3228], [301, -3010, 67], [-1090, -1991, -1333], [165, -3755, 1560], [2033, 565, 1616], [-2660, 1031, 571], [-2626, 768, 236], [998, -3650, -310], [2378, 582, -646], [1814, -1559, 2351], [2488, -672, 94], [1899, -3054, -1803], [-2047, 123, 1898], [1790, 2985, 1175], [3072, 874, -2652], [1503, -1083, -2058], [-1312, 1838, -1192], [-712, 1426, -1792], [-1629, 662, 717], [-1941, -814, 801], [652, -3178, -500], [2334, -2608, 576], [-69, 1295, -1272], [-2151, -770, 1803], [-258, -2276, 396], [1533, 350, -2109], [-3268, 1060, -2074], [2171, 99, -244], [-800, 1878, -2108], [-612, -2373, 315], [-1301, -1317, 1636], [792, 2214, -996], [-1419, -1316, 1893], [-2215, -336, 77], [-1572, -4550, -1500], [-525, 2097, -2838], [-2184, 63, -609], [-573, 72, -3609], [-2398, -95, -2113], [2369, -2107, -2296], [897, -2222, -405], [240, -2560, -234], [1242, -3364, -936], [-581, -3739, -2462], [3802, 2194, -1382], [2788, 225, 877], [1007, -896, -1129], [1631, 2349, 542], [1935, -4743, -2442], [-261, -3053, -1848], [3711, 1667, 2268], [1161, -1860, -975], [218, -2211, -589], [1525, 1347, -842], [-2087, -2984, -971], [-269, 1759, 4312], [913, -1785, -2018], [-2068, -460, -4834], [4206, -56, 96], [972, 1315, 2283], [-1606, 2158, -1906], [773, -2749, -2542], [-747, 1190, 1959], [-2294, 3071, -1079], [-4240, -119, 845], [-1844, 2202, -392], [-1737, 929, -126], [1946, -3648, -652], [802, 1402, -3422], [-1194, -3507, -693], [639, 352, -2637], [-2196, 908, 2166], [2505, -703, -348], [260, -2199, 89], [-1060, 1574, 2684], [1949, -2811, 2648], [-505, -2366, 893], [-2968, 481, 233], [261, 1120, -1935], [-688, -601, -1861], [-1372, 52, -1474], [-2711, 477, -2096], [1542, -110, -2550], [-2254, -2675, -25], [-903, 1522, -1653], [1670, -1424, -2080], [109, 399, -2498], [-1348, -4836, -718], [-3694, -3059, -1165], [2113, -1792, -155], [1034, -2015, -433], [-1387, 622, 2735], [690, 1032, -3120], [-1923, 2880, 1509], [-1379, -1078, 1315], [-176, 1777, -1343], [-2261, -1403, -1154], [429, -2080, -63], [-1840, -2696, -1606], [-863, 2671, 538], [994, 2154, 3634], [2845, -250, -113], [2007, 189, 930], [1479, -2163, -114], [-1130, 1386, 334], [1176, -1203, -1959], [1662, -2787, -1137], [3353, -2695, 284], [3004, -1093, 571], [-1084, 1749, -751], [259, -1120, -3281], [-1953, -338, -1575], [-4109, -2989, 748], [-3525, 797, 1482], [1807, -3631, -1394], [-1346, -599, -1325], [-3126, 1338, -702], [1689, -1892, -1203], [-1572, -425, 1635], [-1592, -1235, -1403], [-1207, -2793, 1742], [-1163, 1347, -1262], [-339, 1166, 327], [1391, 3004, 659], [-3296, -2793, -1541], [2867, -482, -2059], [-4127, -1146, 943], [586, 36, -3032], [-1233, 1493, 78], [918, -352, -1308], [-1, -2898, 1901], [960, -955, -2487], [3055, -2713, -1784], [72, -1532, -2442], [-2608, -1659, -2695], [1822, -1512, -692], [782, 2565, -2365], [-325, 1738, -1711], [-136, 3188, -1390], [-344, 1285, 181], [621, -888, -615], [549, 438, -1617], [1135, -647, -2534], [1478, -1280, -1624], [-2170, 1225, 1031], [-1183, -1260, -2647], [-44, 927, -2573], [1220, -3756, -1330], [893, -1138, 2507], [-37, -177, -2224], [-2587, -449, 914], [-2572, -947, 2669], [998, 1466, 1358], [-1204, -984, 1958], [-301, 998, -2947], [-3061, 1321, 2402], [-1044, 2110, 1344], [-2188, 194, -100], [1649, 2499, -1450], [-455, 1861, -1580], [93, -2341, 294], [-1850, -141, -3527], [1517, -1378, -469], [1305, 101, -1848], [1470, -1859, 3], [460, -1907, 2917], [-672, 64, 2634], [-478, 2195, -1963], [-5404, -60, 290], [-382, -1935, -649], [-2904, -1473, 519], [166, 1023, -2675], [147, -2562, -2139], [2641, 1244, -1955], [-3947, -2761, -530], [913, -586, -2213], [-2680, 108, 518], [-598, -198, 3038], [-1834, -3141, 317], [-1182, -1535, 2187], [-648, -957, 1167], [-2966, -462, -1178], [-2908, -456, 914], [962, -3434, 1262], [-2792, -2009, 775], [-1480, -1877, 947], [512, -3697, -1561], [-1841, -1753, 460], [-139, 1159, 1730], [-1748, -1635, -2723], [-1153, -1751, -1678], [-141, -3408, -1425], [-1217, -412, 2611], [2078, 730, 110], [1666, 132, 3448], [-3862, -2808, -1588], [888, -1018, -648], [362, -1940, -748], [-2220, 35, -1401], [583, -2003, -1070], [-1746, -1158, -954], [1395, 1999, -3324], [-1567, -2694, -2617], [4149, -438, -405], [1551, -535, 1866], [398, -673, -2467], [591, -1354, -2355], [-1961, -525, -272], [444, -772, -2262], [-1131, 2549, -2136], [-57, -248, -2193], [-1992, 1294, 444], [-501, 2317, 162], [-2436, 1252, -1710], [1740, 1398, -2964], [-326, 1259, -1547], [-1823, 209, -2144], [-1229, -4197, 40], [651, -1250, -2775], [-2771, -1087, -416], [2634, 1635, 3297], [-3227, 2454, 895], [3285, -2116, -855], [-3129, 2432, -897], [-393, 1511, -2568], [-1626, 580, -1824], [-2184, 204, -2478], [-3758, -586, -554], [-1191, -2212, -3975], [2436, 3921, 1461], [831, 968, -3513], [1072, -703, -3863], [-1726, 482, 602], [358, 255, -2891], [2526, -572, 360], [-156, -1898, 984], [-2272, -155, -667], [-1573, -37, 1244], [-1926, -1009, 1233], [-2871, 1452, -2295], [-1667, 783, -1898], [1771, -3183, -1574], [-216, -2339, 3309], [-1593, -3944, -933], [1481, -3050, -505], [-1166, 623, -3011], [-1256, -2546, 1888], [-2289, 566, 69], [604, -2586, 1492], [-738, -2138, -4218], [-2375, 410, -365], [-632, -2488, 454], [-3819, -843, -1584], [-1151, 1507, -1346], [-590, 4342, 778], [-522, -2236, 600], [-1330, 2045, -1609], [2174, 3010, -2650], [-937, 1042, -3007], [543, -2663, -222], [-583, -2170, -2293], [-436, -2422, 752], [-817, -5904, -157], [-2006, 474, 526], [-2158, 1563, -2143], [1382, 1107, -1387], [-2305, -148, 383], [993, 32, -2931], [-535, -3212, -667], [-2321, 1681, -446], [178, 946, -2882], [1246, -978, -1178], [-2632, 382, 1748], [1576, -853, -3149], [187, -2399, -302], [-1979, 2573, 2464], [-262, -49, -4591], [-843, -2141, -546], [-2460, -2476, 1794], [1464, -2202, 264], [-1964, 1414, -3020], [-2631, 3309, 1416], [696, -2134, -12], [-842, -2156, 508], [-5241, -1085, 1752], [-2400, 639, 3831], [-1436, 552, -2726], [-1957, 164, -2257], [-818, 2014, -1058], [1211, 195, -1696], [-640, 1691, -1981], [821, -4096, -427], [-1511, -958, 859], [-73, 733, -2602], [-3791, -1639, 868], [-1559, -1578, 607], [1999, 1847, 892], [3082, -1074, 1354], [-217, 2169, 2270], [664, -1776, -266], [-955, -1813, 1790], [-843, -50, 2979], [329, -2942, 1295], [582, -2232, -96], [-626, 1352, -1592], [-1482, -640, 2208], [-1174, -840, -2488], [486, -3781, 2937], [-766, 1643, 1613], [-1324, -3296, -1510], [-392, -92, -2462], [3183, 1877, -426], [-3879, -1247, -2112], [-2592, -2726, 3288], [-440, -1350, 1480], [2313, -2641, 906], [1495, 3077, 2290], [1228, -1210, -2000], [-1005, 108, -2073], [1630, 844, 1900], [-985, -2395, 86], [-916, -1584, 962], [3040, 231, -1037], [-52, 1574, 1016], [3551, -1265, 800], [268, -2071, -347], [-2226, -3245, -4323], [-4016, -469, 247], [-1751, 508, 2377], [289, -885, -3398], [2021, 905, -1672], [490, -2466, -1094], [68, -1304, -3454], [358, -2790, 634], [3134, -566, -442], [-2261, -84, 19], [1564, -1166, -1376], [3007, -1636, -389], [1553, 862, 419], [-284, -2052, 670], [-1336, -775, 1937], [-2039, 2458, -1865], [492, -2991, 297], [-2138, 1165, 1435], [-1575, 1501, -2424], [2660, -1896, -970], [666, -1427, -93], [1002, -977, -795], [1423, -2899, -446], [-1671, -2137, -2670], [-278, -143, -2249], [3242, 335, -1795], [507, 1161, -2070], [2096, 2746, -2704], [-2156, -1960, 2110], [812, 1589, -3907], [-3566, -1745, -371], [-2240, 665, 4729], [-236, -1606, 1828], [96, -181, -3117], [1100, -2542, -1252], [-155, 1748, 1357], [-3547, -96, 845], [-1498, -38, 1886], [-392, -3316, -2510], [-1452, -1067, 33], [1444, -2807, 2293], [-872, 4046, 124], [2071, -1458, 2365], [-2164, 835, 2351], [1005, -692, -1299], [-1194, -1649, -147], [-454, -31, 2327], [1442, -1087, 2627], [2969, 115, -3754], [3284, -259, 53], [261, 1245, -1980], [-4546, -915, 539], [-2072, 452, 1630], [-2233, 2599, 920], [-3917, -826, -1247], [-1710, -1308, -852], [1269, -2357, -1170], [-2002, -1711, -433], [-2290, 1118, 2342], [-210, 2142, 570], [1783, -3254, -1187], [-2247, -468, -1479], [1526, -2098, -2434], [-1193, -710, 1501], [533, -2103, 3500], [-924, 1317, -3003], [-1135, 1840, -1663], [29, -466, -2245], [2148, -1949, -849], [-2216, 63, -29], [156, 1786, 2652], [2219, -2640, 347], [273, 823, -3090], [-2329, -1812, 47], [-756, 2281, -3339], [-166, 2480, -148], [2441, -3034, 1091], [-342, 1475, -1839], [2692, -1806, -692], [1869, 2604, -1407], [-1527, -585, 1710], [782, -2824, -16], [-227, 1154, -3053], [1655, -76, -385], [-2586, -1381, -651], [-3742, -1706, -2566], [-471, 3072, 2697], [1842, 853, 267], [-1595, 465, 1660], [751, -320, -2261], [394, -5100, -1964], [-2192, 518, -980], [-1225, 1776, 239], [82, -144, -2204], [-2025, -3020, -693], [-2114, 1834, -1034], [933, -1004, -3675], [3312, 2644, 1026], [-1093, -828, 1019], [-3339, -3356, -4899], [1539, -1092, -3177], [-3173, 1509, -1262], [-920, 67, 367], [1168, -2513, 1843], [2116, 1971, -965], [15, 338, -1671], [2156, 219, -313], [-2305, -477, -1720], [-1712, -1194, 436], [-2241, 102, -2271], [2781, 1181, -2304], [-1736, 399, -281]]

exec_time (ms): 605042.5655841827 ms
exec_time: 10m 5s 42.56558418273926ms