N: 55
n: 6
number_of_primes (d): 3
exp_register_width (qd): 5
primes: [2, 3, 7]

R: 11287
T: 3
t: 16
delta: 0.00010850933564202967
delta_inv: 9216Percent of combinations (with positive values of result vector) that gives % N = 1: 55.8%
Percent of combinations (with positive values of result vector) that give p and q: 44.2%
Vectors that gives p and q: [[0, 1, 1], [0, 1, 1], [-1, -2, 1], [0, 1, 1], [0, 1, 1], [0, 1, 1], [0, 1, 1], [0, 1, 1], [0, 1, 1], [0, 1, 1], [0, 1, 1], [0, 1, 1], [0, 1, 1], [0, 1, 1], [0, 1, 1], [0, 1, 1], [0, 1, 1], [0, 1, 1], [0, 1, 1], [0, 1, 1], [0, 1, 1], [0, 1, 1], [0, 1, 1], [0, 1, 1], [0, 1, 1], [0, 1, 1], [0, -1, -1], [0, 1, 1], [0, -1, -1], [0, 1, 1], [0, 1, 1], [0, 1, 1], [0, 1, 1], [0, 1, 1], [0, 1, 1], [-1, 0, 3], [0, 1, 1], [0, 3, 3], [0, 1, 1], [0, 1, 1], [0, 1, 1], [-1, -2, 1], [1, 2, -1], [0, 1, 1], [0, 1, 1], [0, -1, -1], [0, 1, 1], [0, 1, 1], [0, 1, 1], [0, 3, 3], [0, 1, 1], [-1, 0, 3], [0, -1, -1], [0, 1, 1], [-1, 0, 3], [0, 1, 1], [0, 1, 1], [0, 1, 1], [0, 1, 1], [0, 1, 1], [0, 1, 1], [0, 1, 1], [0, 1, 1], [0, 1, 1], [-1, -2, 1], [0, 1, 1], [0, 1, 1], [0, 1, 1], [-1, 0, 3], [0, 1, 1], [0, 1, 1], [1, 2, -1], [1, 2, -1], [0, 1, 1], [0, 1, 1], [0, 1, 1], [-3, 1, 0], [0, 1, 1], [-1, 0, 3], [0, -1, -1], [0, 1, 1], [0, 1, 1], [0, 1, 1], [2, -2, 2], [0, 1, 1], [0, 1, 1], [0, 1, 1], [0, 1, 1], [0, 1, 1], [0, 1, 1], [0, 1, 1], [0, 1, 1], [0, 1, 1], [0, 1, 1], [0, 1, 1], [-1, 0, 3], [0, 1, 1], [1, 2, -1], [0, 1, 1], [-1, 0, 3], [0, 1, 1], [0, 1, 1], [0, 1, 1], [0, 1, 1], [0, 1, 1], [0, 1, 1], [1, 2, -1], [0, 1, 1], [0, 1, 1], [0, 1, 1], [-1, 0, 3], [0, 1, 1], [1, 4, 1], [-1, 0, 3], [1, 2, -1], [0, 1, 1], [3, -1, 0], [0, 1, 1], [0, 1, 1], [0, 1, 1], [0, 1, 1], [0, 1, 1], [0, 1, 1], [0, 1, 1], [0, 1, 1], [0, 1, 1], [0, 1, 1], [0, 1, 1], [0, 1, 1], [0, 1, 1], [0, 1, 1], [0, 1, 1], [0, 1, 1], [0, 1, 1], [0, 1, 1], [0, 1, 1], [0, 1, 1], [0, 1, 1], [-1, 0, 3], [0, 1, 1], [0, 1, 1], [0, 1, 1], [0, 1, 1], [0, 1, 1], [0, 1, 1], [0, 1, 1], [0, 1, 1], [0, 1, 1], [0, 1, 1], [0, 1, 1], [0, 1, 1], [3, 1, 2], [0, 1, 1], [0, 1, 1], [0, 1, 1], [0, 1, 1], [0, 1, 1], [-1, 0, 3], [-1, 0, 3], [-1, 0, 3], [0, 1, 1], [0, 1, 1], [0, 1, 1], [0, 1, 1], [0, 1, 1], [-1, -2, 1], [0, 1, 1], [0, 1, 1], [0, 1, 1], [0, 1, 1], [-3, 1, 0], [0, 1, 1], [0, 1, 1], [0, 1, 1], [-3, 1, 0], [0, 1, 1], [0, 1, 1], [0, -1, -1], [0, 1, 1], [0, 1, 1], [0, 1, 1], [0, 1, 1], [0, 1, 1], [0, 1, 1], [0, 1, 1], [0, 1, 1], [0, 1, 1], [0, 1, 1], [-1, -2, 1], [0, 1, 1], [-1, 0, 3], [0, -1, -1], [3, -1, 0], [0, 1, 1], [0, 1, 1], [0, 1, 1], [0, 1, 1], [-1, 0, 3], [0, 1, 1], [0, 1, 1], [0, 1, 1], [0, 1, 1], [0, -1, -1], [0, 1, 1], [0, 1, 1], [0, 1, 1], [0, 1, 1], [0, 1, 1], [0, 1, 1], [0, 1, 1], [0, 1, 1], [1, 2, -1], [1, 2, -1], [2, -2, 2], [0, 3, 3], [-1, 0, 3], [0, 1, 1], [-1, 0, 3], [2, -2, 2], [0, 1, 1], [3, -1, 0], [0, 1, 1], [0, 1, 1], [0, 1, 1], [-1, 0, 3], [-1, -2, 1], [0, 1, 1], [0, 1, 1], [0, 1, 1], [0, 1, 1], [0, 1, 1], [0, 1, 1], [0, 1, 1], [0, 1, 1], [0, 1, 1], [0, 1, 1], [0, 1, 1], [0, 1, 1], [0, 1, 1], [0, 1, 1], [0, 1, 1], [0, 1, 1], [0, 1, 1], [-1, 0, 3], [0, 1, 1], [0, 1, 1], [0, 1, 1], [-1, 0, 3], [0, 1, 1], [0, 3, 3], [0, 1, 1], [-1, 0, 3], [0, 1, 1], [0, 1, 1], [0, 1, 1], [0, 1, 1], [-1, 0, 3], [0, 1, 1], [0, 1, 1], [0, 1, 1], [0, 1, 1], [0, 1, 1], [0, 1, 1], [0, 1, 1], [0, 1, 1], [0, 1, 1], [1, 2, -1], [0, 1, 1], [-1, 0, 3], [-1, 0, 3], [0, 1, 1], [0, 1, 1], [3, -1, 0], [0, 1, 1], [0, 1, 1], [1, 2, -1], [3, -1, 0], [0, 1, 1], [0, 1, 1], [0, 1, 1], [0, 1, 1], [3, -1, 0], [0, 1, 1], [0, 1, 1], [0, 1, 1], [0, 1, 1], [0, 1, 1], [-1, 0, 3], [0, 1, 1], [0, 1, 1], [0, 1, 1], [0, 1, 1], [0, 1, 1], [0, 1, 1], [3, -1, 0], [0, 1, 1], [0, 1, 1], [0, 1, 1], [0, 1, 1], [-1, 0, 3], [0, 1, 1], [0, 1, 1], [1, 0, -3], [0, 1, 1], [0, 1, 1], [0, 1, 1], [-1, 0, 3], [0, 1, 1], [0, 1, 1], [0, 1, 1], [0, 1, 1], [0, 1, 1], [1, 2, -1], [-1, -2, 1], [0, 1, 1], [0, 1, 1], [0, 1, 1], [0, 1, 1], [-1, 0, 3], [0, 1, 1], [-1, 0, 3], [0, 1, 1], [0, 1, 1], [0, 1, 1], [-1, 0, 3], [0, 1, 1], [0, 1, 1], [0, 1, 1], [0, 1, 1], [0, 1, 1], [0, 1, 1], [0, 1, 1], [0, 1, 1], [0, 1, 1], [0, 1, 1], [0, 1, 1], [2, -2, 2], [0, 1, 1], [-1, 0, 3], [0, 1, 1], [0, 1, 1], [0, 1, 1], [0, 1, 1], [0, 1, 1], [0, 1, 1], [0, 1, 1], [-1, 0, 3], [0, 1, 1], [0, 1, 1], [0, 1, 1], [0, 1, 1], [0, 1, 1], [0, 1, 1], [0, 1, 1], [0, 1, 1], [0, 1, 1], [0, 1, 1], [1, 2, -1], [0, 1, 1], [0, 1, 1], [0, 1, 1], [0, 1, 1], [0, 1, 1], [0, 1, 1], [0, 1, 1], [0, 1, 1], [-1, 0, 3], [0, 1, 1], [0, 1, 1], [0, 1, 1], [0, 1, 1], [0, 1, 1], [0, 1, 1], [-1, 0, 3], [-1, 0, 3], [3, -1, 0], [2, -2, 2], [0, 1, 1], [0, 1, 1], [0, 1, 1], [-1, 0, 3], [0, 1, 1], [3, -1, 0], [0, 1, 1], [-1, 0, 3], [0, 1, 1], [0, 1, 1], [0, 1, 1], [1, 0, -3], [0, 1, 1], [0, 1, 1], [0, 1, 1], [0, 1, 1], [0, 1, 1], [0, 1, 1], [0, 1, 1], [0, 1, 1], [0, 1, 1], [-1, -2, 1], [0, 1, 1], [0, 1, 1], [0, 1, 1], [0, 1, 1], [0, 1, 1], [0, 1, 1], [0, 1, 1], [0, 1, 1], [0, 1, 1], [-1, 0, 3], [0, 1, 1], [0, 1, 1], [0, 1, 1], [0, 1, 1], [-1, -2, 1], [-1, 0, 3], [0, 1, 1], [0, 1, 1], [-1, 0, 3], [3, -1, 0], [0, 1, 1], [-1, 0, 3], [0, 1, 1], [0, 1, 1], [0, 1, 1], [0, 1, 1], [0, 1, 1], [0, 1, 1], [0, 1, 1], [1, 2, -1], [-2, 4, 0], [-1, 0, 3], [0, 1, 1], [0, 1, 1], [0, -1, -1], [0, 1, 1], [0, 1, 1], [0, 1, 1], [0, 1, 1], [1, 2, -1], [0, 1, 1], [0, 1, 1], [0, 1, 1]]

exec_time (ms): 593305.737733841 ms
exec_time: 9m 53s 305.7377338409424ms