N: 57
n: 6
number_of_primes (d): 3
exp_register_width (qd): 5
primes: [2, 5, 7]

R: 11287
T: 3
t: 16
delta: 0.00010850933564202967
delta_inv: 9216Percent of combinations (with positive values of result vector) that gives % N = 1: 59.6%
Percent of combinations (with positive values of result vector) that give p and q: 36.2%
Vectors that gives p and q: [[394, 371, -2450], [-1560, 555, -185], [-1138, 1159, -3450], [-335, -3193, 661], [-693, -2205, -975], [-4581, -459, -423], [-765, 3297, -2003], [-1, 1, -1], [491, -47, -2181], [-4007, 1247, -1627], [1424, -683, -1749], [1218, 507, -1912], [-2230, 505, 822], [-2355, -1635, 179], [-923, 4493, -1059], [740, 865, -2001], [494, -3035, -20], [-1506, 1197, -499], [-852, 447, 2586], [1, -1, 1], [-872, -409, -2190], [-1366, 1645, 2675], [-2135, 59, 2501], [-2190, 1989, -1975], [-3068, -907, 791], [34, 2549, 2602], [-1, 1, -1], [37, -4525, -127], [1093, 2339, 251], [884, -1223, -4035], [772, -2065, -1051], [-1469, 2129, 785], [263, 265, 2113], [-1675, -1997, -55], [-1519, -2153, 2192], [-1478, 3245, -124], [-2459, 323, 21], [-485, 965, -1618], [2873, -17, -294], [-1505, -1633, 1148], [-1112, -6103, -625], [-140, 1025, -1420], [1404, 1995, 848], [-2264, -373, -140], [-1595, 1259, -1164], [-2786, -2809, -1630], [-384, 885, -2578], [3615, -1533, -1412], [-2279, -79, 892], [4445, -533, 1201], [-2618, -2329, -2443], [-635, -3523, 2074], [1, -1, 1], [-2981, -1057, -925], [-1303, 397, -3618], [325, 3161, -2266], [-1732, -1211, -2881], [2630, -839, -1648], [1003, -3253, 34], [195, -3147, 207], [-3754, -17, -457], [1145, -581, 3958], [-1569, 1665, -3658], [943, -1465, -1961], [-458, -751, -2085], [-1, 1, -1], [-484, 1063, -1281], [622, -3775, -4131], [-195, 633, -2419], [-757, -2009, 1978], [-1220, -73, -5248], [1126, -1867, -1968], [2668, 1313, 2192], [1405, -937, -3128], [-1719, 495, -3513], [1, -1, 1], [742, 1043, -1552], [-412, 379, 2883], [2258, -2519, -1624], [-1887, -1911, 2178], [-309, -4695, 585], [4269, 21, -220], [2480, 3247, -2271], [255, 525, -2068], [545, 1795, 1280], [3003, 363, 3243], [-1, 1, -1], [-3009, -1569, 136], [-3657, 711, -3628], [-1341, -1557, 702], [-474, -2439, 364], [1059, -5493, 403], [1, -1, 1], [1, -1, 1], [161, -4997, -1847], [-927, -1803, -292], [-1849, -2369, 591], [-951, -681, 2960], [-1537, 175, 3061], [-3952, -875, 796], [-17, -3433, 702], [2257, -2119, -241], [-1599, -1317, -561], [181, 569, -2629], [345, -2979, -536], [-1869, 2355, -1692], [-1619, 245, 3848], [1, -1, 1], [-2176, -1733, -89], [-2669, -151, 774], [30, -2619, -1466], [1784, 1615, 2770], [-1357, 295, -2554], [506, 121, -2762], [3367, 3101, -615], [-609, 2187, -2729], [-294, 105, -2514], [-49, 4345, -249], [-2101, 2131, 2382], [-25, 1753, -946], [1389, -1773, -218], [1, -1, 1], [676, -157, -2631], [-2629, 1375, -1175], [-1476, -1839, -733], [114, 195, -2456], [80, -2807, 236], [1681, -2125, -2520], [1034, -3305, -2336], [-2105, -2821, -3849], [-2560, 271, 340], [-1991, 683, 726], [-2184, -1821, -36], [-1, 1, -1], [2705, 73, -617], [1619, -659, -1862], [680, -1883, -396], [1497, -1323, -2672], [1, -1, 1], [1306, 317, -3883], [664, -1591, -1649], [152, -1715, 333], [-3539, 2447, -60], [-2195, -1891, -2306], [2344, 1895, -410], [-1196, 155, 638], [1, -1, 1], [1347, -1143, 1652], [1365, 207, -2878], [1, -1, 1], [-677, 785, -4214], [2437, -2125, -2775], [13, 1631, 1836], [-3834, 765, 291], [-20, 3365, -1539], [-2507, 287, -2047], [-48, -843, 1410], [1, -1, 1], [-482, -3721, -974], [2366, -107, 464], [-1285, -1613, -808], [-321, -1605, -1536], [3158, -611, 170], [3305, 637, -1057], [-2569, 919, -3014], [-1774, 193, 198], [-2440, -5747, -381], [-1186, 2533, 2251], [1767, 1833, 99], [-1655, -805, -3564], [-1065, 1473, 4081], [-2005, -1619, 465], [-2814, -1227, -1605], [-2973, 573, 1276], [-828, 945, -2304], [-2667, -4413, -1874], [-233, 83, 2708], [-2470, -1559, -1998], [2821, 221, 1096], [-1433, -1669, -1153], [-843, -1695, 2442], [-805, -3221, 2314], [-4937, -547, 657], [-1, 1, -1], [-20, -2329, -986], [1, -1, 1], [-1554, -2313, 1687], [-2653, 2731, 1], [631, -169, 3551], [-2205, -531, -4443], [-2171, -1123, 1675], [1, -1, 1], [-382, -1133, 538], [-2103, 561, -25], [-817, -2591, -2196], [1, -1, 1], [-550, -2885, 528], [-812, -4615, -3482], [1, -1, 1], [-366, 999, -221], [1067, -425, -1857], [-2710, 445, -666], [161, -3485, -2720], [1, -1, 1], [-2333, -595, 2607], [-2295, -813, 1205], [-652, -1763, -4163], [-2187, -279, -252], [-1766, -607, 554], [479, -5669, -1560], [1314, 2613, -2609], [1394, -2795, 507], [2258, 595, -499], [866, 2431, -3768], [1497, 651, -2923], [-2268, -2175, 196], [-2034, 1953, 612], [-1069, -1697, -347], [483, -2685, 448], [-4103, 689, -3285], [1269, -2211, 385], [3165, 1815, 1042], [-2464, -2993, 652], [-222, 2379, -1786], [1404, 3987, 435], [-2101, -1625, -2092], [191, -3359, -1900], [-1692, 393, 482], [1261, -2137, -957], [-1171, -1937, -3203], [-1969, -185, -1019], [-1193, 11, 2952], [1207, -2023, -817], [334, 899, -2387], [250, -2041, 427], [-1169, -1141, 1646], [1732, -3655, 2027], [-495, -3519, -1257], [3250, 1283, 2055], [-1580, -1609, -609], [-880, 457, -4291], [-2694, -1551, -1703], [1911, -2163, -114], [-732, 141, 3724], [-2993, -1081, 1931], [-1577, -2197, 1380], [-404, -2797, 2141], [-1149, -1593, -872], [44, 211, -1857], [-305, 785, -2644], [-249, -2529, 52], [2798, -191, -4430], [-1, 1, -1], [1, -1, 1], [648, -1695, 539], [-4556, -1315, -1683], [1026, -1893, -61], [-2124, 237, 1339], [-1480, -1151, -3593], [1, -1, 1], [1533, 1239, -363], [-1414, -1913, -1017], [-1829, 2159, 3051], [1, -1, 1], [157, -1771, 294], [-2409, 279, -461], [-445, -3983, 392], [-440, -2191, -930], [-1118, -2239, 1468], [1, -1, 1], [-1, 1, -1], [1860, -2505, -3932], [2061, -1335, 1310], [-1101, 903, 2094], [1217, -1667, -1525], [3627, -789, 835], [-453, 885, -3219], [-2262, 3351, -2148], [-160, -2471, -2561], [-3242, -805, -2173], [-2272, 967, 728], [91, 1637, -2342], [-2923, -491, -3260], [-281, -2185, 1954], [-996, -1509, -784], [-1746, 387, 888], [376, 515, -2129], [-2253, 651, -279], [-595, 1963, 1937], [-1392, 477, -1469], [1, -1, 1], [-2311, -1739, 2042], [-2699, -2017, 748], [1057, 623, -2232], [143, -1763, 575], [-2106, -261, -1590], [4080, -411, 806], [-1, 1, -1], [963, -2301, -362], [608, -1847, 780], [2098, 2009, 2378], [135, -2397, 1976], [994, -2059, -207], [-1146, -675, -1393], [1603, -853, -2467], [1, -1, 1], [-2226, -195, 1635], [-2192, -1933, -24], [1, -1, 1], [-227, 1559, -2372], [-4263, -1485, -1799], [309, 2991, -2107], [1601, -155, 2821], [-3209, -601, -3063], [-426, 309, -2388], [-229, 775, -1280], [-1405, -4967, 44], [948, -1113, -208], [965, -2609, -390], [1621, 119, -2452], [-1193, -1981, 1853], [2091, -225, -1250], [1, -1, 1], [1751, -2939, 266], [2722, -235, -964], [1366, -2311, 2158], [139, 905, -1961], [3507, 2589, -503], [-531, 1569, 1699], [1, -1, 1], [606, -1113, -2836], [-2274, -405, -2936], [2561, -839, -2493], [-1864, -2231, 1136], [-1, 1, -1], [-2112, 1347, -1527], [2438, 1237, 1158], [768, 465, -1938], [-4132, 2713, 504], [-1184, -5755, -1235], [-1803, 1653, 2104], [-1402, -857, -835], [825, -2505, 49], [-2103, 567, -131], [2647, -199, -1715], [-2958, -243, -2258], [-26, 71, -1469], [-1677, -2043, 386], [-186, -945, -2165], [1, -1, 1], [1, -1, 1], [-2890, -1091, -1952], [-181, -2735, -883], [-1108, -623, 1348], [-1410, -3369, 2463], [1, -1, 1], [1, -1, 1], [-3766, 1249, -1164], [970, 2783, 19], [-1862, 3107, -1774], [-2073, 2607, -2255], [-2821, -293, -3868]]

exec_time (ms): 591771.7311382294 ms
exec_time: 9m 51s 771.7311382293701ms