N: 21
n: 5
number_of_primes (d): 3
exp_register_width (qd): 5
primes: [2, 5, 11]

R: 11287
T: 3
t: 16
delta: 0.00010850933564202967
delta_inv: 9216Percent of combinations (with positive values of result vector) that gives % N = 1: 90.2%
Percent of combinations (with positive values of result vector) that give p and q: 72.1%
Vectors that gives p and q: [[-1, 1, 0], [-710, -222, 433], [1065, -604, -1192], [-1, 1, 0], [1921, 1660, -1162], [-1, 1, 0], [556, -2573, 1409], [-1, 1, 0], [1098, -1843, -649], [-1, 1, 0], [-1, 1, 0], [-1051, -876, -3520], [-1, 1, 0], [-817, -842, 1170], [-1, 1, 0], [-1, 1, 0], [-2054, -828, -1103], [-867, 334, 1504], [-1840, -1392, -721], [714, -1295, -2081], [-2149, -621, -1294], [-1739, -1458, -542], [-1, 1, 0], [844, -647, -1183], [-1, 1, 0], [1277, -1579, -1688], [-548, -1366, -3531], [-979, 258, 224], [-1, 1, 0], [-1, 1, 0], [1, -1, 0], [-1945, -1016, -1056], [-2012, -684, -1361], [-1, 1, 0], [-1, 1, 0], [-1, 1, 0], [-1993, -1327, -806], [-1, 1, 0], [-1, 1, 0], [1652, -1656, -1831], [-1, 1, 0], [-1446, 1469, 1853], [-1375, 2470, 1266], [169, -789, -584], [-1701, 1616, 2138], [-1, 1, 0], [-1743, -1367, -830], [-1983, -959, -998], [-1, 1, 0], [-198, -1554, -1173], [-1, 1, 0], [-1, 1, 0], [-1748, -1390, -771], [1357, -1737, -1142], [-1264, 1534, 1077], [-1, 1, 0], [-1245, 74, 470], [-844, -960, -1603], [-1, 1, 0], [-1, 1, 0], [-2722, -1247, 591], [-692, 3080, -2451], [552, -853, -883], [-2414, 574, 569], [-1, 1, 0], [-1, 1, 0], [1006, -1275, -797], [-1, 1, 0], [-2923, 103, -162], [-1, 1, 0], [-1, 1, 0], [-2019, -909, -1098], [-1308, 1307, 1265], [-2801, 31, -340], [-1, 1, 0], [-1, 1, 0], [1554, 1598, 1097], [-1865, -1637, -466], [-1, 1, 0], [-1, 1, 0], [-1820, 2689, 1235], [924, 1326, 927], [-1, 1, 0], [1621, -2658, -1172], [-1, 1, 0], [-1, 1, 0], [-2384, 389, 747], [-1, 1, 0], [1873, -2172, -1802], [-1, 1, 0], [2521, 653, 750], [-1316, 354, 283], [-2, 0, 1], [-1230, -1085, -1259], [1525, -1804, -1452], [-1, 1, 0], [-1, 1, 0], [-1, 1, 0], [1753, -519, -3392], [-1, 1, 0], [-1, 1, 0], [3600, -995, -257], [-1, 1, 0], [-1296, -417, 1065], [-413, -2206, -2280], [-1, 1, 0], [2959, -2, 128], [-1, 1, 0], [-1275, -462, 1056], [-1, 1, 0], [-3707, 853, 620], [-1, 1, 0], [-1937, -986, -1024], [-1199, 1487, 990], [-1, 1, 0], [-1, 1, 0], [-2738, -500, -1789], [-1, 1, 0], [-1910, -1115, -1159], [-1, 1, 0], [1042, -689, -1333], [-1, 1, 0], [-1758, 1879, 1861], [-1, 1, 0], [-1, 1, 0], [-1, 1, 0], [-1581, -1360, -1528], [-1, 1, 0], [-1, 1, 0], [-1710, 1680, 2085], [-602, -1255, -1017], [-1, 1, 0], [-1, 1, 0], [-1, 1, 0], [-2042, -970, -771], [946, -417, -1481], [-886, -132, 467], [-1, 1, 0], [-2207, -944, -670], [-2, 0, 1], [-1, 1, 0], [-1, 1, 0], [513, 3860, 32], [-1, 1, 0], [-1727, 1925, 1866], [-1, 1, 0], [-1, 1, 0], [-1889, -1692, -440], [-430, -452, 39], [2, 0, -1], [-1502, 2615, 1203], [-1755, -666, -1452], [-2154, -1111, -757], [-1, 1, 0], [-1545, -1040, -1106], [-1615, -1598, -870], [-1, 1, 0], [-1508, 1911, 1513], [-1224, 1096, 1495], [1838, -2730, -1159], [-902, 2254, 1085], [-1, 1, 0], [670, -1522, 345], [1819, -1052, -3058], [-1, 1, 0], [-1723, 1904, 1750], [-1, 1, 0], [-1, 1, 0], [-1967, -979, -1014], [-1989, -984, -1092], [2910, -698, -629], [629, 2097, 566], [-1, 1, 0], [-1355, 1746, 1564], [-1, 1, 0], [-1, 1, 0], [-2079, -809, -1088], [-1159, 515, -164], [-1, 1, 0], [-4497, -51, -1200], [-1724, -1468, -1587], [-1, 1, 0], [1620, 304, -839], [1504, 354, 721], [-1, 1, 0], [-1, 1, 0], [-1, 1, 0], [-1, 1, 0], [-1, 1, 0], [3288, -416, -857], [1049, 3791, -566], [-1, 1, 0], [581, -2355, -886], [-1, 1, 0], [-1854, -1442, -743], [1748, -1986, -1783], [-1844, 389, 519], [-2027, -640, -1338], [-1, 1, 0], [-1, 1, 0], [1489, -1640, -1282], [-2113, -854, -1158], [-1, 1, 0], [-1669, -1271, -738], [-1, 1, 0], [-1, 1, 0], [-1, 1, 0], [-1634, 1764, 1765], [-1700, 1666, 1847], [-1, 1, 0], [-1, 1, 0], [2844, 407, -133], [-1, 1, 0], [1671, -2927, -410], [-1602, 1814, 1601], [-1622, -1517, -685], [689, -1990, -1310], [-1952, -1055, -1027], [-1, 1, 0], [-1, 1, 0], [2, 0, -1], [-1, 1, 0], [600, -838, -421], [-904, 846, -511], [-1966, -1564, -1529], [-1959, -1017, -942], [-1, 1, 0], [-2046, -622, -1429], [-1, 1, 0], [-2, 0, 1], [-1, 1, 0], [-1, 1, 0], [-1, 1, 0], [1038, 680, -1171], [-771, -2293, -2494], [-1, 1, 0], [565, 69, -1106], [0, 2, -1], [1873, -2009, -1792], [-1965, -958, -1066], [-597, 1423, 1804], [-1, 1, 0], [875, -2200, 442], [1291, -513, -80], [-1896, -1002, -1155], [-1, 1, 0], [-2070, -648, -1449], [-1, 1, 0], [-1937, 1942, 1976], [-1, 1, 0], [-1, 1, 0], [-1, 1, 0], [-1, 1, 0], [-1, 1, 0], [-1, 1, 0], [-1711, -1227, -928], [-1, 1, 0], [-2, 0, 1], [-1, 1, 0], [-2128, -582, -1363], [-1, 1, 0], [-1, 1, 0], [-1, 1, 0], [-1697, -1308, -854], [-1, 1, 0], [557, -1473, 212], [-1799, 1926, 1834], [-1, 1, 0], [-1, 1, 0], [-253, 1932, 326], [-1, 1, 0], [-1, 1, 0], [-1246, 108, 467], [-1, 1, 0], [-1, 1, 0], [-3156, 158, -1633], [-1, 1, 0], [-1, 1, 0], [-1, 1, 0], [-1, 1, 0], [-1, 1, 0], [-1786, 1827, 1811], [-825, 2006, 1310], [-902, 150, 229], [-1, 1, 0], [-1510, -1463, -1149], [-1, 1, 0], [784, -1828, -1125], [-1694, -999, -1217], [-1615, -44, 468], [-2167, -851, -1116], [-1100, -44, 347], [-1, 1, 0], [-1, 1, 0], [-1, 1, 0], [-1, 1, 0], [500, -2762, -339], [-2091, 3204, 618], [-1, 1, 0], [2, 0, -1], [-2, 0, 1], [-977, -392, 848], [-1, 1, 0], [-944, 943, -631], [178, -638, -919], [-2025, -646, -1480], [-1, 1, 0], [-1739, 1908, 1840], [-1333, -3483, 158], [-1003, 3418, -1950], [-974, 836, -387], [-1, 1, 0], [-1, 1, 0], [-1, 1, 0], [-1, 1, 0], [655, -871, -414], [-1, 1, 0], [-1, 1, 0], [149, -2483, -510], [-1215, 509, -28], [-1656, -643, -1849], [-1, 1, 0], [-1029, 271, 244], [-1, 1, 0], [45, 3219, 2778], [-1976, -979, -1035], [-1371, 1628, 1988], [-1858, 392, 475], [-1, 1, 0], [-1, 1, 0], [-3511, 509, 1012], [-210, -1444, -1453], [-1, 1, 0], [1805, -341, -414], [-1393, 1504, 1944], [3738, -721, -577], [-1926, -993, -1029], [-1, 1, 0], [-1, 1, 0], [-1, 1, 0], [-1, 1, 0], [-1, 1, 0], [-1, 1, 0], [1484, -1506, -1807], [-1, 1, 0], [-1782, 1950, 1893], [-742, -2479, -2351], [-1, 1, 0], [-2165, -799, -1110], [-1, 1, 0], [-1, 1, 0], [-2, 0, 1], [-1, 1, 0], [1701, -1375, -2302], [-1, 1, 0], [-1, 1, 0], [-1962, -995, -1049], [-1, 1, 0], [-1, 1, 0], [-1, 1, 0], [-1, 1, 0], [-981, 25, 718], [-1, 1, 0], [-1, 1, 0], [-2640, 308, 875], [-1601, 1740, 1888], [643, -1849, 438], [-1, 1, 0], [1425, -1206, -2076], [475, 4020, 154], [-1, 1, 0], [-1, 1, 0], [1508, -2049, -1105], [-1, 1, 0], [-1, 1, 0], [-1, 1, 0], [-2011, -920, -1050], [-38, 2474, 345], [-1, 1, 0], [-1962, 2022, 1911], [-1869, -981, -1122], [-1, 1, 0], [-2010, -875, -1067], [-1, 1, 0], [-1215, 479, 2], [-1, 1, 0], [-1, 1, 0], [-1, 1, 0], [3598, -721, -495], [1633, -1906, -1650], [-1, 1, 0], [-1, 1, 0], [-525, -690, -276], [-1511, 1085, 2742], [-1, 1, 0], [-1591, 1885, 1284], [3113, -984, -628], [-1, 1, 0], [1286, -537, -43], [407, 2626, 3186], [-269, -347, -1138], [-1, 1, 0], [-1, 1, 0], [714, -510, -867], [-1872, -1027, -1123], [-2931, 622, 556], [-2228, -543, -1187], [-2053, -910, -1196], [-1, 1, 0], [-1, 1, 0], [-1971, -914, -1016], [1696, -1772, -1741], [-1, 1, 0], [-2890, 435, 671], [0, 2, -1], [-1, 1, 0], [-1, 1, 0], [661, -631, -708], [-1, 1, 0], [-1, 1, 0], [1488, -2456, -389], [1371, 772, 532], [-1010, 2213, -171], [1486, -1862, -997], [-1, 1, 0], [-1827, -1069, -1228], [-1, 1, 0], [-2669, -510, -266], [-1, 1, 0], [-1, 1, 0], [-1957, -910, -1010], [1732, -2023, -1473], [-1, 1, 0], [2393, 460, -12], [-2951, 799, 602], [-1, 1, 0], [-1, 1, 0], [-1, 1, 0], [-1, 1, 0], [-1762, -1728, -187], [2714, -644, -369], [-2010, -827, -1109], [-2103, -942, -1086], [-1, 1, 0], [-1702, 1785, 1769], [-1, 1, 0], [-993, 1501, 2020], [-1, 1, 0], [3718, -1575, -83], [405, -1261, 74], [-1934, -1003, -1137], [1055, -686, 582], [-2021, -887, -1030], [-1, 1, 0], [-1900, -971, -1143], [-1868, -892, -1191], [1464, -2013, -741], [-1975, -831, -1156], [1682, -2070, -1903], [-1, 1, 0], [-1, 1, 0], [-1, 1, 0], [-849, 943, -632], [-1, 1, 0], [-1, 1, 0], [-1340, 1775, 1761], [-1214, 281, 207], [-1, 1, 0], [-2375, -613, -894], [-1, 1, 0], [-1942, -1030, -1091], [-1999, -1013, -1014], [-2012, -1018, -1029], [35, -1391, -150], [-1, 1, 0], [-2087, -551, -1402], [-1, 1, 0], [-1, 1, 0], [-915, -1719, -2514], [-1779, -1095, -984], [-1, 1, 0], [-1, 1, 0], [2966, -340, 1903], [-1, 1, 0], [3629, -872, -366], [1766, -1978, -1679], [-3733, 943, 618], [-1470, 1473, 1707], [1546, -1485, -1997], [4032, -1255, -1093], [-2992, 466, 705], [969, -2000, -1514], [-1831, 382, 420], [-1, 1, 0], [-781, 2183, -422], [-257, -2076, -698], [-1594, 1607, 1993], [-1498, 1790, 1867], [-1, 1, 0], [-1, 1, 0], [-1982, -935, -985], [-1770, -991, -961], [1530, -1732, -1663], [-1, 1, 0], [-1, 1, 0], [-1, 1, 0], [-859, 2081, -344], [-1, 1, 0], [-1, 1, 0], [-2274, -810, -1119], [-1, 1, 0], [-1, 1, 0], [-570, 1058, 227], [-1, 1, 0], [-1, 1, 0], [-1, 1, 0], [-700, -1369, -1307], [-1, 1, 0], [-1771, 2746, 1128], [-2032, -972, -1039], [-1, 0, 2], [-1, 1, 0], [-1754, -371, 965], [-1, 1, 0], [-1872, -1002, -1083], [-1, 1, 0], [-1, 1, 0], [1029, 2630, -442], [-1557, -1249, -976], [-1, 1, 0], [-2001, -1388, -746], [616, -258, -1049], [-1, 1, 0], [-1, 1, 0], [-1, 1, 0], [-1696, -1256, -1353], [248, 993, -1693], [394, -424, -471], [-1, 1, 0], [-1, 1, 0], [-2, 0, 1], [1694, -3142, 1141], [-1, 1, 0], [-1, 1, 0], [121, 493, 1262], [-1, 1, 0], [-1, 1, 0], [-271, -2308, -422], [-1278, -1122, -1527], [-1834, -862, -887], [-1, 1, 0], [-1, 1, 0], [815, -1143, -238], [-1, 1, 0], [-1015, 1560, 1934], [2923, -1356, -122], [-1, 1, 0], [-1758, -1748, -389], [-1, 1, 0], [-1, 1, 0], [-551, -1345, 558], [-1, 1, 0], [-2, 0, 1], [-963, 985, 484], [-784, -2209, -2081], [1303, -1390, -1980], [-1, 1, 0], [-1, 1, 0], [-1, 1, 0], [-1976, -979, -1035], [-452, 2199, -647], [-3152, 965, 207], [-1, 1, 0], [-1, 1, 0], [-1, 1, 0], [484, -1636, 417], [-1921, -919, -1034], [-1, 1, 0], [1181, 236, -638], [-1, 1, 0], [-1301, -467, 1070], [-1, 1, 0], [-2004, -957, -1047], [-1330, -2031, -3175], [-2, 0, 1], [-771, -1413, -1146], [-1, 1, 0], [-1, 1, 0], [-1, 1, 0], [-1, 1, 0], [-2633, 407, -2274], [516, -1270, 323], [-1, 1, 0], [-1, 1, 0], [-1, 1, 0], [-1, 1, 0], [-1, 1, 0], [-1, 1, 0], [-1611, 1885, 1528], [-1, 1, 0], [-1, 1, 0], [1621, -1327, -2262], [-1420, 1208, 1765], [-920, 5, 345], [-1, 1, 0], [-1, 1, 0], [-1, 1, 0], [-1, 1, 0], [-1, 1, 0], [-1, 1, 0], [-1, 1, 0], [-1967, 812, 132], [-1, 1, 0], [-1, 1, 0], [-1, 1, 0], [-1, 1, 0], [-1, 1, 0], [-1525, 2975, 292], [1425, -733, 2156], [2402, -1216, 37], [-1, 1, 0], [-1, 1, 0], [-1, 1, 0], [-1, 1, 0], [-2789, 198, -1808], [-1968, -1007, -1115], [-1, 1, 0], [1697, -1900, -1538], [-2897, -54, -1700], [-1, 1, 0], [-1, 1, 0], [-1, 1, 0], [973, -1807, -1680], [772, 1412, 1365], [-1, 1, 0], [-1, 1, 0], [36, -248, -521], [-2, 0, 1], [-1, 1, 0], [-1, 1, 0], [-1, 1, 0], [-2676, -504, -483], [-109, -493, -812], [-1, 1, 0], [-1, 1, 0], [-1754, -1149, -1157], [-1470, -100, 707], [-2, 0, 1], [-2, 0, 1], [1517, -1709, -1752], [1171, 3571, -1012], [-1, 1, 0], [-1901, 2040, 1894], [-1, 1, 0], [-2050, -958, -995], [-1, 1, 0], [1633, -620, 122], [-1, 1, 0], [-1, 1, 0], [-1, 1, 0], [-1, 1, 0], [-1, 1, 0], [-1, 1, 0], [-910, 1025, -731], [-1818, 1972, 1831], [-1, 1, 0], [-2042, -1045, -999], [-1, 1, 0], [-1, 1, 0], [-1, 1, 0], [-1, 1, 0], [1578, -1776, -1689], [-2233, -570, -1186], [779, 218, -1742], [1264, -1338, -1547], [757, -635, 308], [1764, -1951, -1831], [-1914, -451, -1531], [1627, -1564, -1794], [-2013, -991, -1030], [-1, 1, 0], [-847, 2466, 1016], [-743, -1152, -3596], [-302, -1221, -905], [3201, 35, 1520], [-1, 1, 0], [1666, -1791, -1607], [-1, 1, 0], [-1, 1, 0], [-1175, -2855, -184], [-1, 1, 0], [-1, 1, 0], [-3542, 750, 829], [-1, 1, 0], [-2263, -859, -1094], [-1, 1, 0], [-1, 1, 0], [3035, 407, 1006], [-1, 1, 0], [-1, 1, 0], [-1, 0, 2], [1907, -2201, -1860], [283, 801, -1700], [-1, 1, 0], [-2, 0, 1], [-233, -537, -974], [-1302, 1591, -533], [-1519, -1139, -786], [-1, 1, 0], [-1, 1, 0], [-1, 1, 0], [-1882, -1413, -715], [-3490, 689, 823], [1218, 2650, 661], [784, 1326, 1249], [-1720, -1488, -763], [-1, 1, 0], [-1711, -1504, -602], [-1, 1, 0], [-1, 1, 0], [-1, 1, 0]]

exec_time (ms): 361569.30780410767 ms
exec_time: 6m 1s 569.307804107666ms