N: 35
n: 6
number_of_primes (d): 3
exp_register_width (qd): 5
primes: [2, 3, 11]

R: 11287
T: 3
t: 16
delta: 0.00010850933564202967
delta_inv: 9216Percent of combinations (with positive values of result vector) that gives % N = 1: 66.2%
Percent of combinations (with positive values of result vector) that give p and q: 40.9%
Vectors that gives p and q: [[-109, 2603, 66], [2, 0, -1], [1888, -2758, -1000], [-488, 1146, -1751], [1001, -863, 1378], [-819, 789, -1680], [-774, 1140, -1611], [-3, 1, 2], [-1100, -1386, -1289], [2997, -587, 284], [-200, -1982, -1950], [3721, -1791, 2095], [-175, -1855, -2061], [-1034, 72, -1916], [-1377, -1949, 1598], [-343, 2773, 691], [-118, -1848, -2131], [2225, 1789, -1676], [-807, -2635, -1565], [-806, -1964, -420], [-1745, -2025, 1768], [-421, -2005, -1833], [370, 1440, -1601], [178, -888, 646], [-1750, -1824, 1721], [-660, -4334, -748], [-3591, 1545, -2040], [-3, 1, 2], [-1479, -1831, 1540], [-942, -1976, -1789], [-406, -1672, -2043], [-896, -234, 646], [-1186, -1356, -1498], [-253, -1933, -1857], [2430, 60, 816], [-124, -1930, -1776], [-565, -1757, -1790], [2, 0, -1], [2, 0, -1], [1780, -866, 1167], [180, -2078, -2050], [-1059, 1117, -1306], [2, 0, -1], [243, 1387, 2315], [-75, 373, -2626], [-2038, -1784, 2008], [2, 0, -1], [-1403, 685, -690], [-165, -1901, -2041], [2, 0, -1], [-1146, -1480, -1316], [3284, -3946, 303], [1320, -1034, -580], [-1672, -1878, 1676], [422, 620, 3312], [1751, 1919, -1650], [-672, -2310, 1299], [2317, -2651, 900], [-231, -1987, -1859], [-82, -2072, -1511], [-1152, 1222, -1639], [-1256, -1910, 1539], [1422, 56, -3590], [1574, -904, 1860], [-2360, -586, -493], [-741, 815, 2899], [-1389, -1765, 103], [-1731, -1907, 1661], [1312, 2214, -1823], [-410, 524, -883], [1351, 2107, -1734], [-1785, -1793, 1589], [-74, -1892, -1995], [-2100, -4238, -61], [1281, -979, 883], [-1965, -1825, 1555], [-1084, 1522, -1082], [-474, 604, -1963], [-970, 452, -519], [2, 0, -1], [-245, -2025, -1844], [1819, 1863, -1706], [922, 2272, -1047], [-2507, 3569, -733], [-1817, -1973, 1725], [-2599, 861, -733], [-1366, 1308, -760], [145, -2199, -2213], [-234, -1888, -1925], [614, -652, 768], [-1045, 3343, 1243], [-504, 2354, 2299], [-1532, -1954, 1586], [-1139, 1025, -1399], [-274, -1416, 773], [-472, -1834, -1830], [-2796, -10, -158], [-1895, -1931, 1764], [-2048, 986, -169], [1009, 297, -3389], [1096, -998, 3114], [-243, -1707, -2097], [-1733, 911, -1126], [-1637, 2443, 84], [-1844, -1918, 1850], [2, 0, -1], [2590, 324, 406], [-1696, -3990, -463], [-169, -1985, -1967], [-297, -1953, -1821], [-283, -1911, -1909], [-939, -1639, -1427], [-1647, 949, -1162], [444, 2058, -891], [1642, -572, -1209], [-2742, -160, -218], [1290, -436, -1340], [-1295, -1803, 1678], [2, 0, -1], [1306, -696, -788], [1857, -1039, 1150], [2234, 316, 1009], [-224, -1862, -1905], [-3432, 1730, -2183], [3342, -1192, 1657], [2490, -708, 1170], [1351, -1897, -67], [-2466, 48, -1122], [1796, -866, 571], [2388, -3202, 1240], [2632, -1038, 2206], [-2733, -165, -216], [1680, -522, 195], [131, -1105, 309], [-1326, -1904, 1559], [-1752, -1998, 1761], [-188, -1894, -1966], [-1193, -1581, -1694], [1395, -785, 1028], [-2722, 1020, -766], [3721, -1803, 2020], [1603, -589, -1051], [-164, -1998, -1922], [3194, -1572, 2573], [-1225, 1311, -1624], [2, 0, -1], [-1450, 1704, -1504], [1243, -645, -1058], [1359, 1859, -1526], [-1561, -1849, 1596], [2, 0, -1], [1432, 2098, -1437], [-487, -1559, -1853], [-590, -1708, -1666], [2, 0, -1], [-2636, 1402, -2151], [-209, -1933, -1951], [-13, 1047, -724], [534, 1140, -807], [-2352, -3570, -834], [1746, 2024, -1853], [367, 167, -2938], [2697, -1503, 2211], [2047, 3779, 254], [2, 0, -1], [1192, -1010, 1338], [2487, -193, 391], [-2992, 1670, -2682], [2, 0, -1], [-2179, -1583, 1420], [-3113, 1515, -1928], [-285, 659, -3245], [-1699, -1955, 1603], [-390, -1836, -1959], [-2125, 875, -840], [506, -884, 1621], [502, -1296, 1447], [-2084, 742, 1683], [582, -2868, -780], [-1785, -2033, 1745], [1130, -1220, 1438], [-688, -674, 700], [-3175, -895, 102], [2080, 1706, -1483], [3048, 1006, -268], [-1412, 1318, -3054], [2, 0, -1], [2268, -850, 1294], [-3489, 1703, -2069], [131, -2149, 1476], [-1781, -2013, 1729], [3112, -878, 1650], [1229, -1659, 1238], [2, 0, -1], [-1362, -1852, 1483], [2, 0, -1], [-1660, -2094, 2006], [-1559, 3325, -1335], [-3045, 1391, -1337], [-231, -1959, -1977], [2897, 1129, -779], [-1789, 763, -599], [-3060, -610, -14], [1800, 1938, -1743], [3410, -1544, 1864], [-1129, 431, -498], [2, 0, -1], [-2, 0, 1], [592, -3174, -677], [2673, -851, 1457], [3659, -1753, 2127], [-235, -1919, -1922], [-200, -1938, -1922], [-1618, 312, -2002], [2, 0, -1], [1072, -458, 441], [2, 0, -1], [1292, -3170, 3316], [-1887, -4047, -348], [-836, -1954, -613], [-3044, 1258, -1305], [-1731, 1033, -1222], [2579, -2113, 507], [653, -1163, 814], [-1516, -1366, -921], [-2536, 1534, -2144], [-1585, -1453, -390], [2611, -645, 670], [-408, -2122, -1595], [-1595, 789, 3505], [-374, -1980, -1820], [-2241, 871, -892], [-500, -1782, -1757], [-163, -1991, -1943], [870, 2236, -1390], [2, 0, -1], [1686, 1452, 558], [-483, -1795, -1643], [-1704, -1902, 1674], [-927, 1657, -1420], [-655, -1839, -1915], [-1699, 645, -697], [2286, 1424, -851], [1412, -602, -1163], [100, -2090, -2262], [1556, -682, -39], [462, -960, 99], [-46, -1152, 923], [-450, -744, 645], [3220, 1038, 43], [-2, 0, 1], [1873, -495, 1354], [-1009, -1357, -1602], [904, 1098, 1738], [2, 0, -1], [-925, 703, -332], [3683, -1773, 2030], [-1760, 2222, -1084], [-206, -1964, -1848], [-221, -1721, -2052], [796, 974, -853], [-528, 546, -627], [-1342, 2928, 998], [-280, -1774, -1911], [-630, 988, -757], [-152, -1962, -1976], [2, 0, -1], [912, -1986, 2058], [1677, -1211, 941], [1502, -720, -940], [1500, -922, 1699], [1014, -944, 1406], [-1947, 3233, 184], [4021, -1887, 2095], [1695, -857, 653], [-1611, 997, -733], [-367, -1807, -2028], [3559, -1485, 1486], [-753, 1075, -1633], [899, -1953, 2054], [1552, 2290, -1656], [-275, -1699, -2005], [1234, -1316, 1590], [-1711, 929, -1146], [1216, 2226, -1097], [-1583, 1069, -561], [2, 0, -1], [2922, -1500, 2625], [2, 0, -1], [-1765, -1637, 1534], [2, 0, -1], [-1011, 1265, -1130], [1847, 4055, 156], [-1183, 1049, -891], [-860, 1806, -1937], [-1767, 905, -1127], [2233, -3219, 1288], [-467, 529, -1935], [-349, -2289, -1600], [2440, 762, -497], [-2, 0, 1], [-1550, -1192, -973], [1532, -2902, -834], [-2372, 1298, -1909], [-638, -1564, -1894], [-899, -2051, 1149], [2, 0, -1], [2485, -703, 1196], [828, -770, -514], [-1517, -2073, 1549], [2, 0, -1], [-1156, -322, 693], [2569, 13, 357], [-371, -1831, -1984], [-1048, -894, 1037], [1140, 330, -3279], [-728, -1750, -1498], [-1275, 893, -803], [-686, -1492, -1696], [-1754, -1844, 1677], [2387, 131, 999], [2, 0, -1], [833, -815, 1447], [1092, -338, -3133], [2, 0, -1], [-110, 928, -834], [-3767, 1757, -2149], [831, -3409, -257], [-405, 1155, 2706], [-538, -1768, -1659], [-2100, 3194, -1385], [-449, -1877, -1827], [2, 0, -1], [2, 0, -1], [-292, -1974, -1972], [1440, 2066, -1604], [2, 0, -1], [2, 0, -1], [-794, -1612, -1627], [-1034, 332, -1948], [-732, -1798, -1106], [-490, 1164, -2197], [-587, -2595, 2311], [2, 0, -1], [-1955, -1895, 1737], [-1884, 910, -544], [1481, -1179, 722], [1576, -1070, 1560], [-415, 2469, -2338], [-224, -810, 4270], [2, 0, -1], [-1147, 981, -1918], [-1928, 974, -1084], [-120, -2254, -1019], [-2557, 1003, -1127], [2, 0, -1], [-1727, -1863, 1714], [-539, -1863, -1856], [3163, -1273, 1673], [1294, 2132, -1204], [2, 0, -1], [1550, -712, 225], [-2585, 843, -701], [-167, 1681, -1155], [1109, -2631, 2459], [-1543, -2151, 1574], [2, 0, -1], [-839, -587, 819], [-2618, 1128, 1378], [-263, -1639, -2176], [787, -1437, 706], [-1762, -1768, 1704], [-1590, -1756, 1495], [2, 0, -1], [-612, -1798, -1637], [-1764, -1682, 1628], [-1544, 1482, -107], [-3225, 1491, -1839], [2226, 320, 703], [-290, -1964, -1824], [2, 0, -1], [-2, 0, 1], [941, 2289, -1048], [895, -1853, 1914], [2621, -1167, 2255], [-1725, -1961, 1688], [-1223, 549, -140], [-24, -1090, 196], [482, -2488, 2250], [315, -577, -3125], [-827, -2059, 1058], [2100, 1790, -1730], [1410, 140, -3461], [-3513, 1471, -1723], [-345, 103, 3875], [-401, -1885, -1945], [-155, -1899, -2000], [-1445, -2273, 1734], [784, -2430, -1484], [-182, -1944, -1952], [1566, -2944, -860], [1921, 1793, -1714], [-913, -1689, -1168], [1466, 20, -3534], [1702, -1152, 2059], [-1881, -1865, 1640], [-1588, 306, 77], [-1755, 3149, -1823], [2506, -3432, -83]]

exec_time (ms): 430799.96967315674 ms
exec_time: 7m 10s 799.9696731567383ms