N: 51
n: 6
number_of_primes (d): 3
exp_register_width (qd): 5
primes: [2, 5, 7]

R: 11287
T: 3
t: 16
delta: 0.00010850933564202967
delta_inv: 9216Percent of combinations (with positive values of result vector) that gives % N = 1: 59.6%
Percent of combinations (with positive values of result vector) that give p and q: 38.9%
Vectors that gives p and q: [[1, 1, -1], [-1, -1, 1], [603, -635, -641], [-1852, -1965, -197], [-1359, 1532, -1678], [592, 898, 2058], [2, 1, -3], [1, 1, -1], [1778, -600, 3484], [368, 385, -1743], [1, 1, -1], [1, 1, -1], [-1368, 1134, -1818], [-764, 989, -523], [1, 1, -1], [-592, -898, -2058], [922, 22, 2746], [-1891, -2001, -155], [1, 1, -1], [1779, -1992, -1814], [1, 1, -1], [1, 1, -1], [-1502, 2010, 1662], [-1785, 1932, 1926], [1, 1, -1], [-1852, -1965, -197], [584, -903, 377], [1, 1, -1], [-1317, 2162, 1444], [1799, -1896, -1870], [172, -293, 2739], [1, 1, -1], [642, -599, 2677], [1, 1, -1], [1531, -1180, 3142], [1, 1, -1], [-1761, -1933, -331], [900, -940, -940], [1, 1, -1], [706, 715, 1815], [1, 1, -1], [1, 1, -1], [-1960, -1987, -163], [-1701, 1756, 1774], [1, 1, -1], [1, 1, -1], [-1852, -1965, -197], [1, 1, -1], [1, 1, -1], [1, 1, -1], [-552, 716, -540], [2, 1, -3], [1779, -1992, -1814], [-554, -944, -2020], [-1934, -1966, -170], [1486, -2316, 1040], [1, 1, -1], [-664, -270, 1002], [1492, -2066, -1234], [-1099, 2248, 1126], [1, 1, -1], [1, 1, -1], [-1368, 2161, 1377], [-1831, -1726, -456], [1068, -1508, 1804], [-1967, -1886, -200], [1, 1, -1], [-643, 596, -1678], [-1623, 618, -1904], [2185, -799, 783], [1, 1, -1], [-1834, -1886, -306], [-1170, -1572, -1016], [-1695, 2099, 1617], [-823, 1385, 423], [1, 1, -1], [1, 1, -1], [592, 898, 2058], [1, 1, -1], [-610, -922, 1026], [1, 1, -1], [1, 1, -1], [1, 1, -1], [-660, 757, -2147], [1, 1, -1], [1, 1, -1], [1665, -1713, -1795], [1, 1, -1], [-2270, 1277, -1751], [-1619, -1841, -475], [1, 1, -1], [-1261, 1475, -1619], [-1368, 201, 297], [1, 1, -1], [172, -293, 2739], [1479, -870, 1220], [1, 1, -1], [1, 1, -1], [-259, 624, -882], [100, 292, -908], [-585, 36, -2354], [1, 1, -1], [-1740, 1969, 1641], [-359, 472, -722], [1, 1, -1], [1627, -1924, -1602], [1366, -1466, 1634], [-643, 596, -1678], [-1922, -1967, -155], [1, 1, -1], [-1230, 2825, -1691], [1, 1, -1], [-493, -1154, 1936], [-1819, 597, -501], [1229, -907, 1147], [-1737, 1574, -768], [1, 1, -1], [-1862, -1930, -262], [1136, -2044, 1708], [-1576, 2092, 1524], [-1977, 1370, -748], [-1922, -1967, -155], [-1696, 1820, 1908], [1290, -953, 819], [-1273, -379, 1271], [-250, 967, -949], [-172, 293, -2739], [-686, 632, -628], [1, 1, -1], [2200, -313, 151], [1012, -2435, 1733], [-1641, -1816, -446], [1, 1, -1], [595, -923, 3119], [722, -499, 2969], [1, 1, -1], [-1672, 2100, 1644], [1, 1, -1], [-834, 559, -445], [1, 1, -1], [1, 1, -1], [-1967, -1886, -200], [446, -844, 2304], [1, 1, -1], [1, 1, -1], [954, -533, 503], [-1996, -1948, -124], [1, 1, -1], [-954, 533, -503], [-250, 967, -949], [1, 1, -1], [-108, 455, -2577], [-1538, 1796, -784], [1785, -2006, -1776], [-643, 596, -1678], [-1591, 54, -2548], [1, 1, -1], [1, 1, -1], [-1852, -1965, -197], [-1642, 1805, -2815], [-232, -58, -2418], [-1436, 1264, -3616], [-250, 967, -949], [1, 1, -1], [-1282, 1624, -1212], [-580, 550, -554], [-1697, 1932, 1926], [1, 1, -1], [-1677, -1905, -535], [1619, -981, 709], [1591, -54, 2548], [-1674, 1092, -864], [-1819, 597, -501], [1, 1, -1], [-654, 50, 166], [1, 1, -1], [1, 1, -1], [1619, -981, 709], [1, 1, -1], [-1960, -1987, -163], [1369, -1826, -1884], [-1220, -1553, -1017], [-1840, -1987, -275], [1, 1, -1], [1, 1, -1], [-1771, 1898, 1912], [2481, -985, 2341], [1, 1, -1], [-883, -435, 1203], [-1945, 682, -636], [-1696, 1820, 1908], [1, 1, -1], [-1190, 2292, -1384], [1, 1, -1], [-1068, 1508, -1804], [1605, -1776, -1970], [-1642, 1805, -2815], [2102, -1468, 2944], [1107, -699, 1807], [1366, -1466, 1634], [1531, -1180, 3142], [1, 1, -1], [1, 1, -1], [1, 1, -1], [2394, -1546, 2858], [1465, 42, 1424], [-592, -898, -2058], [796, -914, 2702], [1, 1, -1], [1803, -1993, -1823], [-1, -1, 1], [1, 1, -1], [2, 1, -3], [1779, -1992, -1814], [1, 1, -1], [1, 1, -1], [-636, 1019, -2221], [1, 1, -1], [351, -939, 519], [1, 1, -1], [-438, -539, -2335], [1, 1, -1], [-1201, -65, 625], [1, 1, -1], [-660, 757, -2147], [-736, 656, -3096], [1, 1, -1], [-686, 632, -628], [-232, -58, -2418], [1, 1, -1], [-1981, -1960, -102], [2394, -1546, 2858], [1, 1, -1], [-369, -929, 561], [1, 1, -1], [1, 1, -1], [1, 1, -1], [-1, -1, 1], [-1852, -1965, -197], [1, 1, -1], [887, -1029, 1917], [1, 1, -1], [1, 1, -1], [1, 1, -1], [-250, 967, -949], [-1664, 1924, 1948], [1695, -2099, -1617], [-1237, 2586, -1956], [-1673, -1936, -502], [-929, -778, 1424], [1, 1, -1], [-172, 293, -2739], [1, 1, -1], [-1619, -1841, -475], [1772, -572, 628], [-1741, -1874, -448], [869, -950, 104], [-903, 77, -2837], [1, 1, -1], [1, 1, -1], [-1618, 1725, 2081], [1, 1, -1], [-1946, -2006, -154], [-829, -140, 550], [1, 1, -1], [1, 1, -1], [-636, 1019, -2221], [1419, -903, 4627], [-846, 1608, -1012], [1, 1, -1], [-2262, 2327, -3197], [-946, 962, -1890], [1, 1, -1], [314, -409, 2627], [691, -599, 1939], [1, 1, -1], [1, 1, -1], [1, 1, -1], [1, 1, -1], [1, 1, -1], [1, 1, -1], [1, 1, -1], [-2798, 2204, -2752], [-1891, -2001, -155], [1237, -2586, 1956], [-594, 439, -677], [1, 1, -1], [1, 1, -1], [-554, -944, -2020], [-1317, 2162, 1444], [-946, 962, -1890], [1, 1, -1], [1, 1, -1], [-1840, -1987, -275], [1818, -1959, -1883], [-894, 1383, -1261], [1, 1, -1], [1, 1, -1], [-636, 1019, -2221], [-1923, -1873, -203], [-108, 455, -2577], [-1955, -1989, -127], [1, 1, -1], [1, 1, -1], [870, -896, -964], [1, 1, -1], [-250, 967, -949], [-1455, 1873, -913], [-1831, -1726, -456], [-1170, -1572, -1016], [314, -409, 2627], [-1834, -1886, -306], [1, 1, -1], [1, 1, -1], [-1852, -1965, -197], [-580, 550, -554], [-580, 550, -554], [1, 1, -1], [1713, -1800, -1938], [1, 1, -1], [1, 1, -1], [-530, 947, -2073], [-552, 716, -540], [528, -200, -832], [1, 1, -1], [1, 1, -1], [686, -754, 2154], [-1852, -1965, -197], [1, 1, -1], [1, 1, -1], [1, 1, -1], [1, 1, -1], [1, 1, -1], [1, 1, -1], [1, 1, -1], [1, 1, -1], [1, 1, -1], [-1976, -1949, -141], [-1195, 2334, 1244], [1, 1, -1], [1, 1, -1], [-1810, 1584, -2580], [1, 1, -1], [2394, -1546, 2858], [-1818, 1973, 1865], [941, -737, 2037], [-1919, -1947, -237], [1, 1, -1], [-1959, -1985, -131], [-1935, -2009, -123], [1, 1, -1], [-1674, 1092, -864], [-552, 716, -540], [-1665, 1713, 1795], [1, 1, -1], [1, 1, -1], [-1898, -1956, -200], [1, 1, -1], [1, 1, -1], [-1934, -1966, -170], [-1505, 2317, -3009], [1, 1, -1], [-872, 645, -1771], [1, 1, -1], [11, 220, -1026], [765, -152, -1306], [542, 345, 2749], [-1730, -1822, -562], [-1590, -1898, -470], [-764, 989, -523], [1, 1, -1], [-823, 1385, 423], [898, -479, 2653], [-2313, 2305, -2509], [1, 1, -1], [-1433, 2105, 1531], [1, 1, -1], [351, -939, 519], [1945, -682, 636], [1, 1, -1], [1, 1, -1], [1, 1, -1], [-1891, -2001, -155], [-1122, 1149, -1215], [1, 1, -1], [-1852, -1965, -197], [761, -2276, -382], [-654, 50, 166], [1, 1, -1]]

exec_time (ms): 424360.9890937805 ms
exec_time: 7m 4s 360.9890937805176ms