N: 21
n: 5
number_of_primes (d): 3
exp_register_width (qd): 5
primes: [2, 5, 11]

R: 11287
T: 3
t: 16
delta: 0.00010850933564202967
delta_inv: 9216Percent of combinations (with positive values of result vector) that gives % N = 1: 93.7%
Percent of combinations (with positive values of result vector) that give p and q: 85.5%
Vectors that gives p and q: [[0, 1, 1], [0, -2, 1], [0, -2, 1], [0, -1, -1], [0, 1, 1], [0, 1, 1], [0, 1, 1], [0, 1, 1], [0, 1, 1], [0, 1, 1], [0, 1, 1], [0, 1, 1], [0, -2, 1], [0, 1, 1], [0, 1, 1], [0, 1, 1], [0, 1, 1], [0, 1, 1], [1, 2, 0], [0, 1, 1], [0, 1, 1], [-1, 1, 0], [0, 1, 1], [0, 1, 1], [0, 1, 1], [0, 1, 1], [-1, 1, 0], [0, 1, 1], [0, 1, 1], [0, 1, 1], [-1, 1, 0], [0, 1, 1], [-1, 1, 0], [-1, 1, 0], [0, 1, 1], [0, 0, 3], [0, 1, 1], [-1, 1, 0], [0, 1, 1], [1, 1, 2], [0, 1, 1], [1, -1, 0], [0, 1, 1], [1, -1, 0], [0, 1, 1], [-1, 1, 0], [0, 1, 1], [0, 2, -1], [0, 1, 1], [0, 1, 1], [0, 1, 1], [0, 1, 1], [0, -1, -1], [1, -1, 0], [0, 1, 1], [0, 1, 1], [0, 1, 1], [0, 1, 1], [0, 1, 1], [0, 1, 1], [-1, 0, 2], [0, -1, -1], [0, 1, 1], [0, 1, 1], [0, 1, 1], [-1, 1, 0], [0, -2, 1], [-1, 1, 0], [0, 1, 1], [0, 1, 1], [0, 1, 1], [-1, 1, 0], [0, 1, 1], [-1, -2, 0], [0, 1, 1], [0, 1, 1], [1, 2, 0], [-1, 1, 0], [0, 1, 1], [1, 1, 2], [-1, -2, 0], [0, 0, 3], [1, -1, 0], [0, 0, 3], [0, 1, 1], [0, 1, 1], [0, 1, 1], [0, 0, 3], [0, 1, 1], [0, 1, 1], [-1, 1, 0], [0, 1, 1], [1, -1, 0], [-1, 1, 0], [-1, 1, 0], [0, 1, 1], [0, 1, 1], [0, -2, 1], [0, 1, 1], [0, 1, 1], [0, 1, 1], [0, 1, 1], [-1, 1, 0], [-1, 1, 0], [0, -2, 1], [-1, 1, 0], [0, 0, 3], [-1, 1, 0], [0, 1, 1], [0, 1, 1], [0, 1, 1], [0, 1, 1], [1, -1, 0], [0, 1, 1], [1, 1, 2], [1, 1, 2], [0, 1, 1], [0, 1, 1], [0, 1, 1], [0, 1, 1], [0, -2, 1], [0, 1, 1], [0, -2, 1], [-1, 1, 0], [0, 1, 1], [0, 1, 1], [1, 2, 0], [0, -1, -1], [-1, 1, 0], [0, 1, 1], [0, 1, 1], [0, -2, 1], [-1, 1, 0], [0, 1, 1], [0, 1, 1], [0, 1, 1], [0, 1, 1], [0, 1, 1], [0, 1, 1], [0, 1, 1], [0, -2, 1], [0, 1, 1], [0, 1, 1], [-1, 1, 0], [0, 0, 3], [-1, 1, 0], [-1, 1, 0], [-1, 1, 0], [0, 1, 1], [-1, 1, 0], [-1, 1, 0], [0, 0, 3], [0, -2, 1], [1, 2, 0], [0, 0, 3], [0, 1, 1], [-1, 1, 0], [0, -2, 1], [0, 1, 1], [0, 1, 1], [0, 1, 1], [1, -1, 0], [0, 1, 1], [-1, 0, 2], [0, 0, 3], [0, 1, 1], [0, -2, 1], [1, 1, 2], [0, 1, 1], [0, 1, 1], [-1, 0, 2], [0, 1, 1], [0, 1, 1], [1, 1, 2], [-1, 1, 0], [0, 1, 1], [1, -1, 0], [1, 1, 2], [0, -2, 1], [0, 1, 1], [0, -2, 1], [0, 1, 1], [0, -2, 1], [0, -2, 1], [0, 1, 1], [-1, 1, 0], [0, 1, 1], [0, 1, 1], [0, 1, 1], [0, 1, 1], [0, 1, 1], [0, 1, 1], [-1, 1, 0], [0, 1, 1], [0, 1, 1], [0, 1, 1], [0, 0, 3], [0, 1, 1], [0, 1, 1], [-1, 1, 0], [1, -1, 0], [0, 1, 1], [0, 1, 1], [0, -2, 1], [0, 1, 1], [0, 1, 1], [0, 1, 1], [0, -2, 1], [0, -2, 1], [0, 1, 1], [0, -2, 1], [0, 0, 3], [0, 1, 1], [0, 1, 1], [-1, 1, 0], [-1, 1, 0], [0, 1, 1], [0, -2, 1], [1, 1, 2], [0, 1, 1], [0, 1, 1], [0, 1, 1], [-1, 1, 0], [0, 1, 1], [0, 2, -1], [0, 1, 1], [0, 1, 1], [0, -2, 1], [0, 1, 1], [1, -1, 0], [0, 1, 1], [1, -1, 0], [-1, 1, 0], [0, 1, 1], [0, 1, 1], [-1, 1, 0], [0, -1, -1], [0, 0, 3], [0, 1, 1], [-1, 1, 0], [0, 1, 1], [0, 1, 1], [0, 1, 1], [0, 1, 1], [0, 1, 1], [0, -2, 1], [0, -2, 1], [0, 1, 1], [1, 2, 0], [0, 1, 1], [0, 1, 1], [0, 1, 1], [0, 1, 1], [0, 1, 1], [0, 1, 1], [1, 1, 2], [0, -2, 1], [1, -1, 0], [0, 1, 1], [-1, 1, 0], [0, 1, 1], [-1, 1, 0], [0, 1, 1], [0, 1, 1], [0, 1, 1], [0, 1, 1], [0, 1, 1], [-1, 1, 0], [1, -1, 0], [0, -2, 1], [0, -2, 1], [1, 1, 2], [1, -1, 0], [0, 1, 1], [0, 1, 1], [0, 1, 1], [0, -2, 1], [-1, 1, 0], [0, 1, 1], [1, -1, 0], [0, 1, 1], [0, -2, 1], [0, -2, 1], [0, 1, 1], [1, 2, 0], [0, 1, 1], [0, -2, 1], [0, 1, 1], [1, 1, 2], [0, 1, 1], [0, 1, 1], [-1, 0, 2], [-1, 1, 0], [0, 1, 1], [0, -2, 1], [0, -2, 1], [0, 0, 3], [1, 1, 2], [0, 1, 1], [0, 1, 1], [0, 1, 1], [0, 1, 1], [0, 1, 1], [0, 1, 1], [0, -2, 1], [-1, 1, 0], [0, 1, 1], [-1, 1, 0], [-1, 0, 2], [0, -2, 1], [0, 1, 1], [0, 1, 1], [0, 1, 1], [0, -1, -1], [0, -1, -1], [0, 1, 1], [1, 1, 2], [0, 0, 3], [0, 1, 1], [0, 1, 1], [-1, 1, 0], [0, 1, 1], [0, 1, 1], [-1, 1, 0], [0, 1, 1], [0, -2, 1], [0, 1, 1], [0, 1, 1], [0, -1, -1], [0, 1, 1], [0, 1, 1], [1, 2, 0], [0, 1, 1], [-1, 1, 0], [0, 1, 1], [1, -1, 0], [0, 1, 1], [0, 1, 1], [-1, 1, 0], [1, -1, 0], [0, 1, 1], [0, 1, 1], [1, 1, 2], [0, 1, 1], [0, 1, 1], [0, -2, 1], [0, -2, 1], [0, 1, 1], [-1, 1, 0], [0, -2, 1], [0, 1, 1], [-1, 1, 0], [0, 0, 3], [-1, 1, 0], [0, 1, 1], [0, -2, 1], [0, 1, 1], [0, 1, 1], [1, 1, 2], [0, 1, 1], [0, -2, 1], [0, 1, 1], [-1, 1, 0], [0, 1, 1], [-1, 1, 0], [0, 1, 1], [0, 0, 3], [0, -2, 1], [-1, 0, 2], [0, 1, 1], [0, 2, -1], [0, 1, 1], [0, 1, 1], [0, 1, 1], [0, 1, 1], [0, 1, 1], [0, 0, 3], [0, 1, 1], [-1, 1, 0], [1, -1, 0], [0, -2, 1], [0, 1, 1], [0, 0, 3], [0, 0, 3], [0, 1, 1], [0, 1, 1], [1, 1, 2], [-1, 1, 0], [0, 1, 1], [0, 1, 1], [0, 1, 1], [0, 1, 1], [0, 0, 3], [0, 1, 1], [0, 1, 1], [0, -2, 1], [-1, 1, 0], [0, 1, 1], [-1, 1, 0], [0, -2, 1], [0, 1, 1], [0, -2, 1], [0, 1, 1], [0, 1, 1], [0, 1, 1], [0, 1, 1], [0, 1, 1], [1, 1, 2], [0, 1, 1], [-1, 1, 0], [0, 1, 1], [0, 1, 1], [0, 1, 1], [0, 1, 1], [1, 1, 2], [-1, 1, 0], [0, -2, 1], [0, 1, 1], [0, 1, 1], [-1, 1, 0], [0, 1, 1], [0, -2, 1], [1, 1, 2], [0, 1, 1], [1, 1, 2], [0, -2, 1], [0, 1, 1], [0, 1, 1], [-1, 1, 0], [0, 1, 1], [0, 1, 1], [-1, 1, 0], [-1, 1, 0], [0, 1, 1], [0, 0, 3], [-1, 1, 0], [-1, 0, 2], [0, 1, 1], [0, 1, 1], [0, 1, 1], [0, 0, 3], [-1, 1, 0], [0, -2, 1], [0, 1, 1], [0, 1, 1], [0, -2, 1], [0, 1, 1], [0, 1, 1], [0, 1, 1], [0, -2, 1], [0, -2, 1], [0, 1, 1], [0, 1, 1], [1, -1, 0], [0, 1, 1], [0, -2, 1], [0, 1, 1], [0, 1, 1], [0, 1, 1], [0, 1, 1], [0, 1, 1], [1, -1, 0], [0, 1, 1], [0, -2, 1], [1, 1, 2], [0, 1, 1], [0, 1, 1], [-1, 1, 0], [0, 1, 1], [0, 1, 1], [-1, 1, 0], [0, 1, 1], [0, 1, 1], [-1, 1, 0], [0, 1, 1], [0, 1, 1], [-1, 1, 0], [0, 1, 1], [-1, 1, 0], [0, 1, 1], [0, 1, 1], [1, 2, 0], [0, 1, 1], [0, 1, 1], [0, 1, 1], [0, -2, 1], [0, -2, 1], [0, 1, 1], [1, 1, 2], [0, 1, 1], [0, 1, 1], [-1, 1, 0], [0, 1, 1], [0, 1, 1], [0, -2, 1], [0, 2, -1], [0, 1, 1], [0, 1, 1], [-1, 1, 0], [0, 1, 1], [0, 0, 3], [1, 1, 2], [0, 1, 1], [0, 1, 1], [1, 2, 0], [0, 1, 1], [-1, 1, 0], [1, 1, 2], [0, -2, 1], [0, -2, 1], [1, 1, 2], [1, 2, 0], [0, 0, 3], [0, 1, 1], [0, 1, 1], [0, 1, 1], [0, 1, 1], [0, 1, 1], [0, 1, 1], [0, -2, 1], [0, 1, 1], [0, 1, 1], [0, 1, 1], [0, 1, 1], [0, 1, 1], [0, 1, 1], [0, 1, 1], [0, 1, 1], [0, 1, 1], [0, 1, 1], [0, 1, 1], [1, -1, 0], [0, 1, 1], [1, 1, 2], [0, 1, 1], [1, 2, 0], [0, -2, 1], [0, 1, 1], [0, 2, -1], [0, -2, 1], [1, -1, 0], [1, 1, 2], [-1, 1, 0], [0, 0, 3], [0, 0, 3], [0, 1, 1], [2, -1, 1], [0, 1, 1], [0, 1, 1], [0, 1, 1], [0, 1, 1], [-1, 1, 0], [1, -1, 0], [1, 2, 0], [0, 1, 1], [0, 1, 1], [0, -1, -1], [0, 1, 1], [0, 1, 1], [1, -1, 0], [0, -1, -1], [0, 1, 1], [0, 1, 1], [0, 1, 1], [1, 1, 2], [0, 1, 1], [0, -2, 1], [0, 1, 1], [0, 0, 3], [-1, 1, 0], [0, -1, -1], [0, 1, 1], [0, 1, 1], [0, -2, 1], [0, 1, 1], [0, 1, 1], [0, 0, 3], [1, 1, 2], [-1, 1, 0], [0, 0, 3], [0, -2, 1], [0, 1, 1], [-1, 1, 0], [-1, 1, 0], [0, 0, 3], [0, 1, 1], [-1, 1, 0], [0, 1, 1], [0, 1, 1], [0, 1, 1], [0, 1, 1], [0, -2, 1], [0, -2, 1], [0, 1, 1], [0, 1, 1], [0, 1, 1], [0, -2, 1], [-1, 1, 0], [1, -1, 0], [0, 0, 3], [0, 1, 1], [0, 1, 1], [0, -2, 1], [0, -2, 1], [0, 1, 1], [0, 1, 1], [-1, 1, 0], [0, 1, 1], [-1, 1, 0], [0, 1, 1], [1, -1, 0], [0, 1, 1], [0, 1, 1], [-1, 1, 0], [0, 1, 1], [0, 1, 1], [-1, 1, 0], [0, 1, 1], [0, -1, -1], [0, 1, 1], [0, -2, 1], [0, 1, 1], [0, 1, 1], [0, 1, 1], [0, 1, 1], [-1, 0, 2], [0, 1, 1], [0, 0, 3], [0, 0, 3], [0, 1, 1], [-1, 1, 0], [0, 1, 1], [0, 1, 1], [0, 1, 1], [0, 0, 3], [0, 1, 1], [1, 1, 2], [0, 1, 1], [-1, 1, 0], [0, 1, 1], [0, 1, 1], [0, 1, 1], [0, 1, 1], [-1, 1, 0], [1, -1, 0], [0, 1, 1], [0, -2, 1], [0, 1, 1], [1, -1, 0], [0, 1, 1], [0, 1, 1], [0, 1, 1], [1, 1, 2], [0, 1, 1], [0, 1, 1], [0, 1, 1], [0, 1, 1], [0, 1, 1], [0, 1, 1], [0, -2, 1], [0, -1, -1], [-1, 1, 0], [0, 1, 1], [0, -2, 1], [0, 1, 1], [1, 1, 2], [0, 1, 1], [0, 1, 1], [0, -2, 1], [-1, 1, 0], [0, 1, 1], [0, 1, 1], [0, 1, 1], [0, 1, 1], [0, 1, 1], [0, 1, 1], [0, 1, 1], [-1, 1, 0], [0, 0, 3], [0, 1, 1], [0, 1, 1], [0, 1, 1], [0, 2, -1], [0, -1, -1], [-1, 1, 0], [0, 1, 1], [0, 1, 1], [0, 1, 1], [0, 1, 1], [0, 1, 1], [1, 2, 0], [0, 1, 1], [0, 1, 1], [0, 1, 1], [0, 0, 3], [0, 1, 1], [-1, 1, 0], [0, -2, 1], [0, 1, 1], [0, 1, 1], [0, 1, 1], [0, -2, 1], [0, 1, 1], [0, 1, 1], [0, -2, 1], [0, 0, 3], [0, 1, 1], [0, 1, 1], [0, 1, 1], [0, 1, 1], [-1, 1, 0], [1, 1, 2], [0, 0, 3], [-1, 1, 0], [0, 1, 1], [0, 1, 1], [0, 1, 1], [0, 1, 1], [0, 1, 1], [0, 0, 3], [0, 0, 3], [0, -2, 1], [0, 1, 1], [-1, 1, 0], [-1, 1, 0], [0, 1, 1], [-1, 1, 0], [0, 1, 1], [0, 1, 1], [0, 1, 1], [0, 1, 1], [1, 2, 0], [0, 1, 1], [-1, 1, 0], [0, 1, 1], [0, 1, 1], [0, 1, 1], [0, 1, 1], [0, 1, 1], [0, 1, 1], [0, 0, 3], [0, 1, 1], [0, 1, 1], [0, 1, 1], [0, 1, 1], [0, 1, 1], [0, -2, 1], [0, 1, 1], [0, 1, 1], [-1, 1, 0], [0, 0, 3], [0, -2, 1], [0, 1, 1], [0, 1, 1], [0, 1, 1], [1, -1, 0], [0, 1, 1], [0, -2, 1], [-1, 1, 0], [-1, 1, 0], [0, 1, 1], [0, 1, 1], [0, 1, 1], [0, 1, 1], [0, 1, 1], [0, -2, 1], [0, 1, 1], [0, 1, 1], [-1, 1, 0], [0, -2, 1], [0, 1, 1], [0, 1, 1], [1, -1, 0], [0, -2, 1], [0, 1, 1], [0, -2, 1], [0, 1, 1], [-1, 0, 2], [1, 1, 2], [0, -2, 1], [1, 2, 0], [-1, 1, 0], [0, 1, 1], [0, 1, 1], [0, 1, 1], [0, 1, 1], [0, 1, 1], [0, 1, 1], [0, 1, 1], [-1, 1, 0], [0, -2, 1], [0, 1, 1], [1, -1, 0], [0, 1, 1], [0, 1, 1], [0, 1, 1], [0, 1, 1], [0, 1, 1], [0, 1, 1], [1, -1, 0], [0, 1, 1], [0, 1, 1], [0, 1, 1], [-1, 0, 2], [1, 1, 2], [0, 1, 1], [0, 1, 1], [0, -1, -1], [0, 1, 1], [-1, 1, 0], [0, 1, 1], [0, -2, 1], [0, -2, 1], [0, 1, 1], [0, 1, 1], [0, 1, 1], [-1, 1, 0], [0, 2, -1], [0, 1, 1], [0, 0, 3], [0, -2, 1], [1, 2, 0], [-1, 1, 0], [0, 1, 1], [-1, 1, 0], [1, 1, 2], [1, -1, 0], [0, 1, 1], [0, 1, 1], [0, 0, 3], [0, 1, 1], [-1, 1, 0], [0, 1, 1], [1, 2, 0], [-1, 1, 0], [0, 1, 1], [1, 2, 0], [0, 1, 1], [0, 1, 1], [-1, 1, 0], [0, 1, 1], [0, -2, 1], [0, -2, 1], [0, -2, 1], [1, -1, 0], [0, 1, 1], [-1, 1, 0], [0, 1, 1], [0, -2, 1], [0, -2, 1], [0, 1, 1], [1, 1, 2], [0, 1, 1], [0, 1, 1], [-1, 1, 0]]

exec_time (ms): 536781.8071842194 ms
exec_time: 8m 56s 781.8071842193604ms