N: 51
n: 6
number_of_primes (d): 3
exp_register_width (qd): 5
primes: [2, 5, 7]

R: 11287
T: 3
t: 16
delta: 0.00010850933564202967
delta_inv: 9216Percent of combinations (with positive values of result vector) that gives % N = 1: 49.0%
Percent of combinations (with positive values of result vector) that give p and q: 49.0%
Vectors that gives p and q: [[0, 1, 1], [0, 1, 1], [1, 1, -1], [1, 1, -1], [0, 1, 1], [1, 1, -1], [1, 1, -1], [0, 1, 1], [1, 1, -1], [1, 1, -1], [0, 1, 1], [0, 1, 1], [1, 1, -1], [1, 1, -1], [1, 1, -1], [0, 1, 1], [1, 1, -1], [1, 1, -1], [1, 1, -1], [1, 1, -1], [1, 1, -1], [0, 1, 1], [1, 1, -1], [1, 1, -1], [1, 1, -1], [1, 1, -1], [1, 1, -1], [1, 1, -1], [1, 1, -1], [1, 1, -1], [0, 1, 1], [1, 1, -1], [1, 1, -1], [0, 1, 1], [1, 1, -1], [0, 1, 1], [1, 1, -1], [1, 1, -1], [1, 1, -1], [0, 1, 1], [1, 1, -1], [1, 1, -1], [0, 1, 1], [1, 1, -1], [0, 1, 1], [1, 1, -1], [1, 1, -1], [1, 1, -1], [1, 1, -1], [1, 1, -1], [1, 1, -1], [1, 1, -1], [1, 1, -1], [1, 1, -1], [1, 1, -1], [1, 1, -1], [0, 1, 1], [1, 1, -1], [1, 1, -1], [0, 1, 1], [1, 1, -1], [1, 1, -1], [1, 1, -1], [1, 1, -1], [1, 1, -1], [1, 1, -1], [1, 1, -1], [0, 1, 1], [1, 1, -1], [0, 1, 1], [1, 1, -1], [0, 1, 1], [1, 1, -1], [1, 1, -1], [1, 1, -1], [1, 1, -1], [1, 1, -1], [1, 1, -1], [1, 1, -1], [1, 1, -1], [1, 1, -1], [1, 1, -1], [1, 1, -1], [1, 1, -1], [1, 1, -1], [1, 1, -1], [0, 1, 1], [1, 1, -1], [1, 1, -1], [1, 1, -1], [0, 1, 1], [0, 1, 1], [1, 1, -1], [1, 1, -1], [1, 1, -1], [1, 1, -1], [1, 1, -1], [1, 1, -1], [0, 1, 1], [0, 1, 1], [1, 1, -1], [0, 1, 1], [0, 1, 1], [1, 1, -1], [0, 1, 1], [0, 1, 1], [1, 1, -1], [1, 1, -1], [1, 1, -1], [1, 1, -1], [0, 1, 1], [1, 1, -1], [1, 1, -1], [1, 1, -1], [1, 1, -1], [1, 1, -1], [1, 1, -1], [1, 1, -1], [1, 1, -1], [1, 1, -1], [0, 1, 1], [1, 1, -1], [1, 1, -1], [0, 1, 1], [1, 1, -1], [0, 1, 1], [0, 1, 1], [1, 1, -1], [1, 1, -1], [1, 1, -1], [0, 1, 1], [1, 1, -1], [0, 1, 1], [1, 1, -1], [1, 1, -1], [1, 1, -1], [0, 1, 1], [1, 1, -1], [0, 1, 1], [1, 1, -1], [1, 1, -1], [1, 1, -1], [0, 1, 1], [1, 1, -1], [1, 1, -1], [1, 1, -1], [1, 1, -1], [1, 1, -1], [1, 1, -1], [1, 1, -1], [0, 1, 1], [1, 1, -1], [0, 1, 1], [1, 1, -1], [1, 1, -1], [1, 1, -1], [1, 1, -1], [1, 1, -1], [1, 1, -1], [1, 1, -1], [0, 1, 1], [1, 1, -1], [1, 1, -1], [0, 1, 1], [0, 1, 1], [0, 1, 1], [0, 1, 1], [0, 1, 1], [1, 1, -1], [0, 1, 1], [1, 1, -1], [1, 1, -1], [1, 1, -1], [1, 1, -1], [1, 1, -1], [0, 1, 1], [0, 1, 1], [1, 1, -1], [1, 1, -1], [1, 1, -1], [1, 1, -1], [1, 1, -1], [1, 1, -1], [1, 1, -1], [1, 1, -1], [1, 1, -1], [1, 1, -1], [1, 1, -1], [0, 1, 1], [1, 1, -1], [0, 1, 1], [1, 1, -1], [1, 1, -1], [0, 1, 1], [1, 1, -1], [1, 1, -1], [1, 1, -1], [1, 1, -1], [1, 1, -1], [1, 1, -1], [1, 1, -1], [1, 1, -1], [1, 1, -1], [1, 1, -1], [1, 1, -1], [1, 1, -1], [1, 1, -1], [1, 1, -1], [1, 1, -1], [1, 1, -1], [1, 1, -1], [1, 1, -1], [1, 1, -1], [1, 1, -1], [1, 1, -1], [1, 1, -1], [1, 1, -1], [0, 1, 1], [0, 1, 1], [1, 1, -1], [1, 1, -1], [1, 1, -1], [1, 1, -1], [1, 1, -1], [0, 1, 1], [1, 1, -1], [0, 1, 1], [1, 1, -1], [0, 1, 1], [1, 1, -1], [1, 1, -1], [0, 1, 1], [1, 1, -1], [0, 1, 1], [1, 1, -1], [1, 1, -1], [1, 1, -1], [0, 1, 1], [1, 1, -1], [0, 1, 1], [1, 1, -1], [1, 1, -1], [1, 1, -1], [1, 1, -1], [1, 1, -1], [1, 1, -1], [0, 1, 1], [1, 1, -1], [0, 1, 1], [0, 1, 1], [1, 1, -1], [0, 1, 1], [1, 1, -1], [1, 1, -1], [1, 1, -1], [0, 1, 1], [1, 1, -1], [0, 1, 1], [1, 1, -1], [1, 1, -1], [0, 1, 1], [0, 1, 1], [1, 1, -1], [1, 1, -1], [1, 1, -1], [0, 1, 1], [0, 1, 1], [1, 1, -1], [1, 1, -1], [1, 1, -1], [1, 1, -1], [1, 1, -1], [1, 1, -1], [0, 1, 1], [1, 1, -1], [1, 1, -1], [1, 1, -1], [1, 1, -1], [1, 1, -1], [1, 1, -1], [0, 1, 1], [1, 1, -1], [1, 1, -1], [0, 1, 1], [0, 1, 1], [1, 1, -1], [1, 1, -1], [0, 1, 1], [1, 1, -1], [1, 1, -1], [0, 1, 1], [1, 1, -1], [1, 1, -1], [1, 1, -1], [1, 1, -1], [1, 1, -1], [1, 1, -1], [1, 1, -1], [1, 1, -1], [1, 1, -1], [1, 1, -1], [1, 1, -1], [1, 1, -1], [1, 1, -1], [1, 1, -1], [1, 1, -1], [1, 1, -1], [1, 1, -1], [0, 1, 1], [0, 1, 1], [1, 1, -1], [1, 1, -1], [0, 1, 1], [1, 1, -1], [1, 1, -1], [1, 1, -1], [1, 1, -1], [1, 1, -1], [0, 1, 1], [1, 1, -1], [0, 1, 1], [0, 1, 1], [1, 1, -1], [1, 1, -1], [0, 1, 1], [1, 1, -1], [1, 1, -1], [1, 1, -1], [0, 1, 1], [1, 1, -1], [1, 1, -1], [1, 1, -1], [0, 1, 1], [1, 1, -1], [1, 1, -1], [0, 1, 1], [1, 1, -1], [0, 1, 1], [1, 1, -1], [1, 1, -1], [1, 1, -1], [1, 1, -1], [0, 1, 1], [0, 1, 1], [0, 1, 1], [1, 1, -1], [1, 1, -1], [0, 1, 1], [1, 1, -1], [1, 1, -1], [1, 1, -1], [1, 1, -1], [0, 1, 1], [1, 1, -1], [1, 1, -1], [0, 1, 1], [1, 1, -1], [1, 1, -1], [1, 1, -1], [1, 1, -1], [0, 1, 1], [1, 1, -1], [0, 1, 1], [0, 1, 1], [1, 1, -1], [1, 1, -1], [1, 1, -1], [0, 1, 1], [1, 1, -1], [0, 1, 1], [1, 1, -1], [0, 1, 1], [1, 1, -1], [1, 1, -1], [1, 1, -1], [1, 1, -1], [1, 1, -1], [1, 1, -1], [1, 1, -1], [0, 1, 1], [1, 1, -1], [0, 1, 1], [1, 1, -1], [1, 1, -1], [1, 1, -1], [1, 1, -1], [1, 1, -1], [1, 1, -1], [1, 1, -1], [0, 1, 1], [0, 1, 1], [1, 1, -1], [1, 1, -1], [1, 1, -1], [1, 1, -1], [1, 1, -1], [0, 1, 1], [1, 1, -1], [0, 1, 1], [1, 1, -1], [1, 1, -1], [1, 1, -1], [1, 1, -1], [1, 1, -1], [0, 1, 1], [0, 1, 1], [0, 1, 1], [1, 1, -1], [0, 1, 1], [1, 1, -1], [1, 1, -1], [1, 1, -1], [1, 1, -1], [1, 1, -1], [0, 1, 1], [1, 1, -1], [0, 1, 1], [0, 1, 1], [1, 1, -1], [0, 1, 1], [0, 1, 1], [1, 1, -1], [0, 1, 1], [1, 1, -1], [1, 1, -1], [1, 1, -1], [1, 1, -1], [1, 1, -1], [1, 1, -1], [0, 1, 1], [1, 1, -1], [1, 1, -1], [1, 1, -1], [1, 1, -1], [1, 1, -1], [1, 1, -1], [1, 1, -1], [1, 1, -1], [0, 1, 1], [1, 1, -1], [1, 1, -1], [1, 1, -1], [0, 1, 1], [1, 1, -1], [0, 1, 1], [0, 1, 1], [0, 1, 1], [1, 1, -1], [1, 1, -1], [0, 1, 1], [0, 1, 1], [0, 1, 1], [1, 1, -1], [1, 1, -1], [1, 1, -1], [1, 1, -1], [1, 1, -1], [1, 1, -1], [0, 1, 1], [1, 1, -1], [0, 1, 1], [1, 1, -1], [0, 1, 1], [1, 1, -1], [1, 1, -1], [1, 1, -1], [1, 1, -1], [1, 1, -1], [1, 1, -1], [0, 1, 1], [1, 1, -1], [1, 1, -1], [1, 1, -1], [1, 1, -1], [1, 1, -1], [1, 1, -1], [1, 1, -1], [1, 1, -1], [1, 1, -1], [1, 1, -1], [0, 1, 1], [1, 1, -1], [1, 1, -1], [1, 1, -1], [1, 1, -1], [0, 1, 1], [1, 1, -1], [1, 1, -1], [1, 1, -1], [0, 1, 1]]

exec_time (ms): 442234.99298095703 ms
exec_time: 7m 22s 234.99298095703125ms