N: 77
n: 7
number_of_primes (d): 2
exp_register_width (qd): 5
primes: [2, 3]

R: 6517
T: 6
t: 15
delta: 0.00015344483658124905
delta_inv: 6517Percent of combinations (with positive values of result vector) that gives % N = 1: 36.7%
Percent of combinations (with positive values of result vector) that give p and q: 29.4%
Vectors that gives p and q: [[-1, 2], [-1, 2], [-1, 2], [-1, 2], [-1, 2], [-1, 2], [-1, 2], [-1, 2], [-1, 2], [-1, 2], [-1, 2], [-1, 2], [-1, 2], [-1, 2], [-1, 2], [-1, 2], [-1, 2], [-1, 2], [-1, 2], [-1, 2], [-1, 2], [-1, 2], [-1, 2], [-1, 2], [-1, 2], [-1, 2], [-1, 2], [1, -2], [-1, 2], [-1, 2], [-1, 2], [-1, 2], [-1, 2], [-1, 2], [-1, 2], [-1, 2], [-1, 2], [-1, 2], [-1, 2], [-1, 2], [-1, 2], [-1, 2], [-1, 2], [-1, 2], [-1, 2], [-1, 2], [-1, 2], [-1, 2], [-1, 2], [-1, 2], [-1, 2], [-1, 2], [-1, 2], [-1, 2], [-1, 2], [-1, 2], [-1, 2], [-1, 2], [-1, 2], [-1, 2], [-1, 2], [-1, 2], [-1, 2], [-1, 2], [-1, 2], [-1, 2], [1, -2], [-1, 2], [-1, 2], [-1, 2], [-1, 2], [-1, 2], [-1, 2], [-1, 2], [-1, 2], [-1, 2], [-1, 2], [-1, 2], [-1, 2], [-1, 2], [-1, 2], [-1, 2], [-1, 2], [-1, 2], [-1, 2], [-1, 2], [-1, 2], [-1, 2], [-1, 2], [-1, 2], [-1, 2], [-1, 2], [-1, 2], [-1, 2], [-1, 2], [-1, 2], [-1, 2], [-1, 2], [-1, 2], [-1, 2], [-1, 2], [-1, 2], [-1, 2], [-1, 2], [-1, 2], [-1, 2], [-1, 2], [1, -2], [-1, 2], [-1, 2], [-1, 2], [-1, 2], [-1, 2], [-1, 2], [-1, 2], [-1, 2], [-1, 2], [-1, 2], [1, -2], [-1, 2], [-1, 2], [-1, 2], [-1, 2], [-1, 2], [-1, 2], [-1, 2], [-1, 2], [-1, 2], [-1, 2], [-1, 2], [-1, 2], [-1, 2], [-1, 2], [-1, 2], [-1, 2], [-1, 2], [-1, 2], [-1, 2], [-1, 2], [-1, 2], [-1, 2], [-1, 2], [-1, 2], [-1, 2], [-1, 2], [-1, 2], [-1, 2], [-1, 2], [-1, 2], [-1, 2], [-1, 2], [-1, 2], [-1, 2], [-1, 2], [-1, 2], [-1, 2], [-1, 2], [-1, 2], [-1, 2], [-1, 2], [-1, 2], [-1, 2], [-1, 2], [-1, 2], [-1, 2], [-1, 2], [-1, 2], [-1, 2], [-1, 2], [-1, 2], [-1, 2], [-1, 2], [-1, 2], [-1, 2], [-1, 2], [-1, 2], [-1, 2], [-1, 2], [-1, 2], [-1, 2], [-1, 2], [-1, 2], [-1, 2], [-1, 2], [-1, 2], [-1, 2], [-1, 2], [-1, 2], [-1, 2], [-1, 2], [-1, 2], [-1, 2], [-1, 2], [-1, 2], [-1, 2], [-1, 2], [-1, 2], [-1, 2], [-1, 2], [-1, 2], [-1, 2], [-1, 2], [-1, 2], [-1, 2], [-1, 2], [-1, 2], [-1, 2], [-1, 2], [-1, 2], [-1, 2], [-1, 2], [-1, 2], [-1, 2], [-1, 2], [-1, 2], [1, -2], [-1, 2], [-1, 2], [-1, 2], [-1, 2], [-1, 2], [-1, 2], [-1, 2], [-1, 2], [-1, 2], [-1, 2], [-1, 2], [-1, 2], [-1, 2], [-1, 2], [-1, 2], [-1, 2], [-1, 2], [-1, 2], [-1, 2], [-1, 2], [-1, 2], [-1, 2], [-1, 2], [-1, 2], [-1, 2], [-1, 2], [-1, 2], [-1, 2], [-1, 2], [-1, 2], [-1, 2], [-1, 2], [-1, 2], [-1, 2], [-1, 2], [-1, 2], [-1, 2], [-1, 2], [-1, 2], [-1, 2], [-1, 2], [-1, 2], [-1, 2], [-1, 2], [-1, 2], [-1, 2], [-1, 2], [1, -2], [-1, 2], [-1, 2], [-1, 2], [-1, 2], [-1, 2], [-1, 2], [-1, 2], [-1, 2], [-1, 2], [-1, 2], [-1, 2], [-1, 2], [1, -2], [-1, 2], [-1, 2], [-1, 2], [1, -2], [-1, 2], [-1, 2], [-1, 2], [-1, 2], [-1, 2], [-1, 2], [-1, 2], [-1, 2], [-1, 2], [-1, 2], [-1, 2], [-1, 2], [-1, 2]]

exec_time (ms): 364470.28493881226 ms
exec_time: 6m 4s 470.28493881225586ms