N: 21
n: 5
number_of_primes (d): 2
exp_register_width (qd): 5
primes: [2, 5]

R: 5431
T: 5
t: 14
delta: 0.00018412815319462345
delta_inv: 5431Percent of combinations (with positive values of result vector) that gives % N = 1: 56.5%
Percent of combinations (with positive values of result vector) that give p and q: 56.5%
Vectors that gives p and q: [[1, -1], [-1, 1], [-1, 1], [1, 2], [1, -1], [1, -4], [-1, -2], [1, -4], [1, 2], [1, 2], [-1, 1], [1, 2], [-1, 4], [-1, 4], [1, -1], [1, 2], [-1, 4], [-1, -2], [-1, 1], [1, -1], [1, 2], [1, 2], [1, -4], [-1, -2], [1, 2], [-1, -2], [-1, -2], [-1, 1], [-1, -2], [1, 2], [1, -1], [-1, 1], [1, -1], [1, 2], [-1, 4], [-1, -2], [1, 2], [1, 2], [1, 2], [-1, 4], [-1, -2], [1, 2], [-1, 1], [1, -4], [1, 2], [1, -1], [1, 2], [-1, 4], [-1, 1], [1, -1], [1, -1], [1, 2], [-1, -2], [-1, 4], [-1, 4], [1, 2], [1, -1], [-1, -2], [1, 2], [1, 2], [1, 2], [-1, -2], [1, 2], [1, 2], [-1, -2], [1, 2], [-1, -2], [-1, -2], [-1, -2], [1, -4], [-1, 4], [-1, -2], [1, 2], [-1, 4], [1, 2], [-1, 4], [1, 2], [1, 2], [-1, 1], [-1, 1], [-1, 1], [-1, -2], [1, 2], [-1, -2], [1, 2], [1, 2], [1, 2], [1, -1], [-1, 4], [-1, -2], [1, 2], [-1, 4], [-1, -2], [1, -1], [-1, 1], [-1, 4], [-1, 1], [1, -1], [1, 2], [-1, -2], [1, -1], [1, -1], [1, 2], [-1, -2], [-1, 1], [-1, 4], [-1, 1], [-1, 1], [-1, -2], [1, 2], [1, 2], [1, -4], [1, -1], [1, -1], [1, 2], [1, 2], [1, -1], [-1, 1], [1, 2], [1, 2], [-1, 4], [1, -1], [1, -1], [-1, -2], [-1, 1], [1, 2], [1, -1], [1, -1], [-1, 1], [-1, 1], [1, -1], [-1, 4], [1, 2], [-1, 1], [1, -1], [-1, 1], [-1, -2], [1, 2], [1, 2], [1, 2], [-1, 1], [1, 2], [1, -1], [1, -1], [-1, 4], [1, -1], [1, -1], [1, 2], [1, -1], [1, -1], [1, -1], [1, 2], [-1, 1], [1, -4], [1, 2], [1, -1], [-1, 4], [1, -1], [-1, 4], [1, 2], [1, 2], [-1, 1], [-1, 4], [-1, 4], [1, -1], [-1, 4], [1, 2], [-1, 1], [-1, 4], [-1, 1], [-1, 4], [1, -1], [1, -1], [1, 2], [1, -1], [1, -1], [-1, 4], [1, 2], [1, -1], [1, -4], [1, -1], [-1, -2], [-1, 1], [1, 2], [1, -1], [1, 2], [-1, 4], [1, 2], [1, 2], [-1, 1], [-1, 1], [-1, 1], [-1, 4], [1, 2], [1, -1], [1, -1], [1, -4], [-1, 4], [1, 2], [-1, 4], [1, -1], [-1, 4], [1, -1], [-1, 4], [1, 2], [1, 2], [-1, 4], [1, 2], [-1, 1], [-1, 1], [1, -4], [1, -1], [1, 2], [-1, 4], [-1, 4], [1, -1], [-1, 1], [1, -1], [-1, 1], [1, 2], [1, -1], [-1, -2], [1, 2], [1, 2], [1, 2], [-1, 1], [1, 2], [1, 2], [1, -1], [1, 2], [-1, 1], [1, 2], [1, 2], [1, -4], [1, 2], [1, 2], [1, -4], [-1, 1], [-1, -2], [-1, 4], [1, -1], [1, -1], [1, 2], [-1, 1], [-1, -2], [1, 2], [1, -4], [-1, 1], [1, -1], [1, -4], [1, 2], [1, -1], [1, 2], [-1, -2], [-1, -2], [-1, 1], [-1, 4], [-1, -2], [1, 2], [1, -1], [-1, 4], [1, -4], [1, 2], [1, 2], [1, 2], [-1, 4], [1, 2], [-1, 1], [1, 2], [1, 2], [-1, 4], [1, -1], [-1, 1], [-1, 1], [1, -1], [1, 2], [1, 2], [1, 2], [-1, 1], [-1, 1], [1, -1], [-1, 4], [1, -1], [1, -1], [-1, -2], [1, -1], [1, 2], [-1, -2], [-1, -2], [-1, 1], [1, 2], [1, 2], [1, 2], [1, 2], [1, 2], [-1, 4], [1, -1], [1, 2], [1, 2], [1, -1], [-1, 4], [1, -1], [1, 2], [1, -1], [-1, 1], [-1, 4], [1, -1], [-1, 1], [-1, 1], [-1, 4], [1, 2], [-1, 4], [1, -1], [1, 2], [-1, 4], [1, -1], [-1, 1], [-1, -2], [1, 2], [1, 2], [1, 2], [1, -1], [1, 2], [1, 2], [1, 2], [-1, 1], [-1, 4], [1, -1], [-1, 4], [1, 2], [1, 2], [-1, 1], [-1, 4], [1, 2], [-1, 1], [-1, 1], [1, 2], [1, -4], [1, -1], [1, 2], [-1, -2], [1, -1], [-1, -2], [1, -1], [1, -1], [1, -4], [1, -1], [1, -4], [-1, 4], [-1, 1], [1, -1], [1, 2], [-1, 1], [1, 2], [1, 2], [-1, 1], [1, 2], [1, -4], [-1, 1], [1, -1], [1, -1], [1, 2], [-1, 1], [1, 2], [1, -1], [-1, 1], [-1, 1], [1, 2], [-1, 4], [-1, 4], [1, -4], [1, -1], [-1, 4], [-1, 4], [1, 2], [-1, 1], [1, -1], [-1, 4], [1, -1], [1, -1], [1, 2], [-1, 1], [-1, 4], [1, -1], [-1, 4], [-1, 1], [-1, -2], [1, -1], [-1, -2], [1, -1], [1, 2], [1, 2], [1, -1], [1, 2], [1, 2], [1, 2], [1, 2], [-1, 4], [-1, 1], [-1, 1], [-1, -2], [-1, 4], [1, -1], [-1, 1], [-1, 4], [1, -1], [-1, 4], [1, -1], [1, 2], [1, -1], [-1, 1], [1, 2], [1, 2], [-1, 4], [-1, 4], [-1, 1], [-1, 4], [1, -1], [1, -1], [1, -1], [1, 2], [1, 2], [-1, 4], [1, -4], [1, -1], [-1, 1], [-1, 1], [1, 2], [-1, -2], [1, 2], [1, 2], [-1, 1], [1, 2], [-1, 1], [1, -1], [1, 2], [-1, 1], [1, -1], [1, -1], [-1, 1], [1, 2], [-1, 1], [1, -1], [-1, -2], [-1, 1], [1, 2], [1, 2], [-1, 1], [1, 2], [1, 2], [1, 2], [-1, -2], [1, -1], [1, 2], [-1, 1], [-1, 4], [1, 2], [-1, 1], [1, -1], [1, -4], [-1, 1], [1, 2], [1, 2], [1, 2], [-1, 1], [1, 2], [-1, 1], [1, 2], [1, 2], [-1, 4], [1, -1], [1, 2], [1, 2], [1, 2], [-1, 4], [1, -4], [1, -4], [1, 2], [-1, 4], [1, 2], [1, 2], [-1, 4], [1, -1], [1, -1], [1, 2], [-1, 4], [1, -4], [1, 2], [-1, -2], [1, 2], [1, -1], [-1, 1], [-1, 4], [1, -1], [-1, 1], [1, 2], [1, 2], [-1, 4], [1, 2], [1, 2], [1, -1], [-1, 1], [-1, 1], [1, -4], [-1, -2], [1, 2], [1, -4], [1, 2], [-1, 4], [-1, 1], [1, -1], [1, 2], [-1, 4], [1, -1], [1, 2], [-1, 1], [-1, -2], [1, -1], [-1, 1], [1, -4], [-1, 4], [-1, 4], [-1, 1], [1, 2], [-1, 4], [1, -4], [-1, 1], [1, -1], [-1, -2], [-1, 1], [1, -1], [1, -1], [-1, 1], [-1, 4], [1, 2], [1, 2], [1, 2], [1, 2], [-1, -2], [-1, 4], [1, -1], [1, 2], [1, 2], [1, 2], [1, 2], [-1, 4], [1, 2], [1, 2], [-1, 4], [-1, -2], [1, -1], [1, -1], [-1, 1], [-1, 1], [1, 2], [-1, 4], [1, 2], [-1, -2], [-1, 1], [-1, 1], [-1, -2], [-1, 4], [-1, 4], [-1, 1], [-1, -2]]

exec_time (ms): 211393.2807445526 ms
exec_time: 3m 31s 393.2807445526123ms