N: 33
n: 6
number_of_primes (d): 2
exp_register_width (qd): 5
primes: [2, 5]

R: 5431
T: 5
t: 14
delta: 0.00018412815319462345
delta_inv: 5431Percent of combinations (with positive values of result vector) that gives % N = 1: 64.9%
Percent of combinations (with positive values of result vector) that give p and q: 37.8%
Vectors that gives p and q: [[138, -517], [-1401, 929], [-378, 247], [-1502, -237], [-500, -505], [120, -505], [-511, -521], [-942, 1423], [-472, -1447], [-736, 579], [-384, 281], [-451, -631], [-2421, -381], [-780, 1355], [-500, -515], [-709, 441], [-511, -501], [-504, -489], [-1138, -873], [-1053, -963], [75, -335], [851, -1439], [-551, -451], [-932, -1227], [-477, -617], [-524, -479], [-827, 3], [-512, -507], [779, -511], [146, -649], [-785, 565], [-995, 1535], [-675, 115], [-512, -507], [-490, -555], [1475, -975], [966, -1479], [-422, -687], [441, -709], [1928, 203], [941, -149], [-503, -493], [-561, -471], [955, -1465], [-502, -507], [-312, 773], [-1277, 143], [-1018, -963], [-709, 441], [-636, 519], [658, 1113], [-512, -507], [-706, 789], [-516, -501], [-480, -515], [196, -459], [998, -1507], [-883, 737], [971, -129], [-4, 1], [-658, 237], [-2285, 605], [916, -1459], [659, -321], [975, -1455], [1, -2519], [-350, 305], [-386, -541], [-1341, 1599], [-614, -479], [-696, 429], [-627, 423], [-1503, 1017], [-520, -485], [-659, 111], [-494, -519], [-516, -511], [275, -1395], [-1009, 1561], [-516, -491], [661, 1321], [-173, -623], [-741, 639], [-749, 111], [-1983, 477], [908, -1457], [-571, -451], [-498, -523], [1262, 767], [1247, -423], [-549, 411], [-381, 1919], [1505, -1035], [154, -661], [441, -709], [84, -341], [-465, -605], [632, -233], [-893, 1477], [1111, -759], [765, -695], [286, -969], [-498, -563], [208, -467], [66, -219], [180, -675], [-1494, 1001], [-1413, 247], [672, -693], [222, -963], [151, -669], [-979, 1521], [-372, 273], [806, -1439], [-471, -541], [-821, 629], [441, -709], [-548, -363], [471, -1999], [619, -291], [978, -787], [-650, 635], [-737, 1443], [745, -765], [687, -673], [797, 1807], [-1401, 929], [-920, 1365], [1434, -951], [375, 945], [-587, -507], [633, -197], [-512, -507], [150, -525], [1492, -1763], [-488, 747], [-513, -483], [-955, 1465], [-464, 741], [-515, -485], [263, -667], [-544, -459], [87, -343], [-489, -519], [-650, 635], [1859, -431], [-492, -517], [929, -1401], [-337, 133], [929, -1401], [1507, -993], [473, 613], [-263, 667], [364, -781], [-1295, -455], [-1481, 989], [-503, -513], [-724, 591], [-908, 707], [262, -793], [483, -737], [-513, 2037], [-533, -503], [-735, 465], [770, -295], [-523, -493], [169, -611], [123, -507], [1433, -947], [-1439, 971], [-323, 107], [-353, 687], [276, -599], [-1108, 1487], [825, -145], [326, -499], [-263, 247], [955, -1465], [-498, -523], [-483, -603], [-688, 437], [-1401, 929], [-475, -615], [-762, 393], [-509, -509], [-528, -483], [29, 1699], [2018, -337], [-462, -527], [270, 705], [479, -201], [154, -491], [1205, -195], [690, -205], [-709, 441], [-1051, 1569], [1451, -959], [-537, -447], [-256, 1019], [172, -1133], [-163, -603], [625, -415], [-513, -513], [808, -1077], [1043, -267], [989, -1471], [-709, 441], [-575, 505], [255, -1025], [-517, -557], [-326, 1339], [674, 119], [-1508, -233], [974, -1271], [-1372, 193], [-1679, -59], [-1035, 1505], [114, -501], [-512, -507], [713, 2053], [463, -717], [959, -1501], [973, -1527], [-490, -525], [-568, 467], [-966, -131], [655, 5], [-676, 249], [-1413, 247], [-494, -519], [326, -499], [-687, 353], [-736, 629], [-507, -507], [-505, -515], [-511, -561], [-1792, 1173], [476, 1211], [-502, -517], [114, -501], [102, -493], [743, -487], [-4, 1], [-528, -493], [466, 581], [877, -1473], [-508, -493], [278, -507], [-559, 451], [898, -1187], [72, -333], [1283, 673], [-14, -1229], [310, -755], [-370, 265], [-735, 595], [633, -447], [346, -569], [-491, -521], [-538, -453], [1028, -1487], [-1204, -579], [-939, 1431], [167, -663], [87, -343], [-517, -497], [593, 1103], [-1034, 1531], [69, -331], [-625, -5], [-450, 1985], [381, -1919], [-590, -1095], [-926, -1821], [-751, 589], [-1911, 479], [250, -1375], [-431, -541], [-749, 111], [-563, 447], [1358, -267], [167, -673], [-2, 3], [441, -709], [-552, -467], [-516, -511], [-387, -737], [-370, 265], [1021, 951], [-665, -1305], [183, -787], [703, -747], [-512, -507], [-512, -507], [-1031, 1579], [-525, -495], [-485, -525], [1443, -737], [427, -743], [1018, 953], [-1900, -275], [-494, -519], [475, -1165], [820, -775], [-508, -503], [-653, 847], [-419, 1961], [-522, -507], [767, -713], [-490, -525], [-581, -541], [-480, -595], [-266, -1101], [-525, -495], [-782, 873], [586, 81], [-1669, 251], [917, -1493], [-747, -407], [-931, 1499], [-518, -493], [-968, 1467], [-24, -1069], [-388, -603], [-2, 3], [-477, -547], [-1705, 1195], [-1515, 975], [929, -1401], [-529, -469], [-752, 533], [-1787, 223], [-400, -585], [-564, -419], [-666, 539], [-518, -473], [-647, -207], [-662, 163], [1279, -391], [464, -1921], [72, -333], [-536, -471], [192, -1073], [-522, -487], [589, -751], [781, -719], [-922, 233], [-517, -527], [885, -725], [907, -1443], [-1714, -629], [-513, -503], [2415, 635], [-38, -1063], [383, -1307], [1090, 865], [-354, -749], [-1518, 1027], [-459, -549], [2000, -495], [-1068, 227], [222, -663], [-856, 719], [-1008, 1507], [-636, 519], [-498, 1207], [-1141, 419], [-702, 433], [-719, -9], [-709, 441], [-557, 173], [-499, 291], [461, -729], [907, -1293], [-2165, 45], [-637, 243], [-516, -501], [-733, 577]]

exec_time (ms): 172582.27586746216 ms
exec_time: 2m 52s 582.2758674621582ms