N: 39
n: 6
number_of_primes (d): 2
exp_register_width (qd): 5
primes: [2, 5]

R: 5431
T: 5
t: 14
delta: 0.00018412815319462345
delta_inv: 5431Percent of combinations (with positive values of result vector) that gives % N = 1: 60.7%
Percent of combinations (with positive values of result vector) that give p and q: 34.9%
Vectors that gives p and q: [[264, -766], [0, -266], [-915, -71], [78, -988], [-999, -7], [-375, -859], [-1005, -9], [243, -605], [-360, -222], [-423, 113], [-162, -700], [432, 762], [-981, -29], [-999, -7], [-174, -132], [-156, -982], [-999, -7], [447, -1417], [-999, -7], [225, -751], [261, 489], [27, -741], [-999, -7], [279, 1651], [234, 144], [0, -590], [108, -358], [48, 894], [-480, 1510], [-486, -1548], [450, 424], [351, -41], [96, 926], [51, -681], [234, -712], [-240, 766], [-999, -7], [-978, -28], [-1005, -9], [-234, 748], [-999, -7], [-972, -26], [321, -1295], [-1008, -10], [-261, -53], [-300, -314], [-1002, -16], [363, -653], [354, -1152], [-1002, -8], [-1008, -10], [-390, -900], [-369, 663], [-252, -930], [-345, -905], [-999, -11], [-1005, -9], [-993, -13], [-252, 770], [-240, 754], [-1002, -8], [-999, -11], [-471, 1501], [48, -706], [177, 965], [489, -1519], [255, -757], [489, 853], [-252, 770], [378, -724], [1008, 6], [297, 1505], [-369, 1423], [-54, -1308], [-267, -819], [216, -730], [300, 314], [-1008, -10], [-1005, -9], [297, -683], [-87, 905], [477, -1503], [54, 600], [-378, -940], [450, 904], [-453, -297], [-252, -770], [-339, 1397], [-1002, -8], [-999, -11], [-996, -14], [-999, -7], [-1005, -9], [-978, -32], [0, 798], [-1011, -3], [504, 1530], [-1005, -13], [375, -625], [138, -1164], [-459, -883], [-996, -14], [135, -385], [33, -967], [450, -1484], [-474, 1468], [279, -357], [-354, 1364], [-999, -7], [279, 75], [171, 1611], [-459, -707], [309, -307], [-282, 280], [279, -357], [-1008, -10], [339, -1397], [-258, 4], [240, -758], [435, 1711], [-462, -1568], [-456, -1554], [-354, -496], [-498, -1528], [0, 1538], [-978, -32], [495, -1525], [456, 1786], [-1005, -9], [450, -1472], [-993, -13], [-1008, -10], [-999, -11], [372, -1422], [417, -1451], [75, -857], [-432, 1470], [306, -716], [375, -625], [-279, 637], [-978, -24], [387, -1429], [63, 619], [-462, 1496], [-999, -7], [420, -1462], [-333, -685], [105, -347], [405, 965], [-354, -496], [-1002, -32], [-990, -24], [-39, 381], [141, -843], [372, -718], [132, 586], [459, 1551], [483, -1529], [237, -743], [474, -740], [-462, -764], [258, -760], [-135, 1185], [174, -304], [-171, -851], [372, -1374], [-1002, -16], [-477, -1533], [-993, -21], [87, -905], [957, 33], [192, 470], [-1005, -9], [420, -326], [-495, 1525], [132, -794], [-252, -930], [174, 1024], [417, -1451], [-978, -32], [30, -900], [-1011, -3], [459, 1563], [450, -144], [423, -1477], [78, -988], [237, 897], [219, -709], [339, -1397], [-222, 736], [-999, -11], [-252, -770], [-213, -793], [450, 424], [-171, 633], [-924, -74], [-999, -19], [-1005, -13], [483, -1529], [249, 753], [-234, -1728], [363, -653], [-24, 818], [-465, -1545], [366, -712], [417, -1451], [-999, -7], [-993, -21], [-171, 885], [-69, 715], [-432, 958], [246, -364], [0, 1538], [213, -727], [438, -1460], [-240, -782], [255, -757], [-72, -774], [270, -776], [450, 904], [-996, -14], [-1002, -8], [-444, 1486], [402, 232], [495, -1525], [-384, 1442], [-462, -764], [-936, -62], [75, -1257], [-105, -937], [264, -766], [-78, -132], [-387, 1385], [-504, -1530], [-1005, -9], [96, 926], [-222, -556], [276, -778], [-447, 1433], [78, -732], [309, -307], [-360, -1074], [309, -307], [132, 586], [-219, 733], [-417, 763], [27, 587], [-162, -1116], [366, 392], [-336, 1406], [-999, -7], [-348, 1186], [489, 1545], [-996, -14], [279, -909], [12, 626], [390, 848], [-183, -2179], [267, -773], [459, 1551], [-1002, -16], [-90, -772], [420, -1426], [-432, -346], [-369, 927], [-33, 967], [-450, 1460], [-483, 1513], [-294, -720], [162, 856], [144, 358], [-39, 381], [417, -1451], [-123, -99], [75, -857], [-468, -1538], [405, 797], [243, -1201], [-180, 950], [-978, -24], [411, -1449], [-405, -797], [264, -766], [195, -733], [444, -658], [-999, -19], [36, -370], [-141, 1355], [477, -1503], [480, -1514], [447, -1473], [414, 916], [180, 294], [132, -794], [45, 409], [363, -653], [-192, -118], [-78, -132], [-312, -1926], [438, -1468], [-342, 892], [-321, -697], [-1005, -9], [-246, -688], [-999, -19], [-117, -289], [387, -733], [-480, -1530], [297, -683], [264, -766], [-309, -1761], [303, -837], [240, 782], [-495, 1525], [273, -779], [405, 797], [402, -416], [132, 586], [27, -897], [405, 889], [-1005, -9], [-999, -7], [495, -825], [-999, -11], [423, -801], [165, -643], [210, -720], [-198, 712], [-216, 746], [84, -286], [420, -1426], [240, -754], [411, -1449], [-231, 765], [258, -760], [336, -1362], [-375, 373], [312, 1022], [-177, -841], [-483, -535], [378, -1440], [-465, 1495], [-1008, -10], [-252, -930], [-1005, -9], [63, 619], [-390, -848], [-339, 1397], [-438, 1452]]

exec_time (ms): 189038.3026599884 ms
exec_time: 3m 9s 38.30265998840332ms