N: 55
n: 6
number_of_primes (d): 2
exp_register_width (qd): 5
primes: [2, 3]

R: 5431
T: 5
t: 14
delta: 0.00018412815319462345
delta_inv: 5431Percent of combinations (with positive values of result vector) that gives % N = 1: 41.7%
Percent of combinations (with positive values of result vector) that give p and q: 22.3%
Vectors that gives p and q: [[-1467, -551], [-118, 836], [211, -597], [378, -1396], [-64, 978], [-348, 2366], [-2355, 205], [1532, 466], [-556, 282], [-597, 99], [1407, 931], [-1329, -997], [678, 1144], [1519, 527], [-1511, -543], [-2065, 275], [78, 624], [-1473, -589], [-1470, -560], [-1501, -533], [-1522, -516], [-1491, -563], [-566, 792], [-134, -2032], [411, 903], [-1500, -550], [-1524, -542], [-494, 228], [-625, -145], [109, -463], [-1529, -557], [-1077, -61], [158, -676], [-20, 330], [-1562, -376], [-1103, -79], [-1561, -413], [476, -1482], [741, 1133], [-1444, -562], [-1545, -545], [198, -856], [-619, -1727], [238, -516], [-196, 882], [908, -106], [146, 668], [535, -1565], [1026, -232], [-981, -1313], [425, -1395], [-241, -1073], [233, -751], [1079, -373], [1319, 1207], [-2275, 365], [-454, -332], [-527, -151], [-125, -805], [424, -1498], [970, 260], [1356, 738], [222, -744], [171, -1057], [-310, -960], [424, -1438], [-518, 1576], [-192, -406], [535, -1545], [-398, -324], [1248, -426], [-390, -1380], [-679, 813], [-515, 1505], [-140, 390], [-463, 361], [-734, 408], [440, -1450], [-50, 360], [-680, 150], [-1825, 235], [-1071, -943], [1512, 506], [645, -15], [-587, 129], [398, -736], [125, 805], [-626, 32], [766, -252], [720, -30], [1577, 441], [272, 626], [79, -693], [-498, 236], [-403, -299], [-599, 253], [358, 484], [532, -1594], [179, -713], [-29, 703], [-193, 1151], [-901, 227], [-580, -90], [256, -762], [-1077, -1961], [467, -569], [-775, 545], [439, -1453], [-827, -531], [-1145, 575], [-73, 811], [-118, -944], [-1133, -9], [-487, 749], [-275, -875], [458, -1436], [513, -1491], [-956, 362], [306, 468], [66, 648], [478, -1456], [1538, 764], [1236, -282], [-1519, -507], [-1131, -623], [-3, 1], [-918, 436], [-169, -1097], [-451, 1517], [486, -1532], [115, -365], [189, -1103], [-517, 1539], [1495, 595], [-648, 346], [449, 617], [190, -320], [741, 1633], [1499, 547], [-1311, -683], [-312, -586], [1096, 358], [-805, 75], [-856, -38], [885, 725], [-844, 138], [-680, 10], [-1495, -555], [222, -744], [445, -1435], [257, 361], [609, -63], [-1532, -506], [1141, -227], [1488, 594], [-1527, -511], [-1069, -137], [463, -1501], [-823, -639], [517, -1519], [-1441, -573], [1095, -225], [226, -732], [498, -1516], [-1771, 377], [-301, -733], [-497, 119], [-592, 94], [1308, -406], [514, -1528], [205, -695], [-312, 914], [-688, 26], [-151, -703], [253, -771], [477, -1499], [374, 132], [510, -1540], [-664, 518], [-939, 753], [1533, -1831], [1469, 537], [-495, -1055], [681, -7], [-1419, -7], [1518, 504], [494, -1488], [-729, 303], [708, 54], [-1416, -638], [-842, 804], [264, -698], [-566, 1632], [294, -788], [439, 807], [-480, 1510], [-771, -663], [1194, -168], [-499, -507], [-366, 332], [1476, 558], [1110, 140], [-763, -259], [1362, -664], [-1326, 372], [-210, -1160], [-396, -818], [-1987, 849], [-771, 597], [-516, -1018], [936, 818], [206, -312], [603, -861], [1459, -1033], [1515, 535], [-447, -391], [-1319, -667], [-1533, -509], [113, -411], [-451, -503], [217, -799], [453, 1389], [-620, -90]]

exec_time (ms): 229891.37315750122 ms
exec_time: 3m 49s 891.3731575012207ms