N: 85
n: 7
number_of_primes (d): 2
exp_register_width (qd): 5
primes: [2, 3]

R: 6517
T: 6
t: 15
delta: 0.00015344483658124905
delta_inv: 6517Percent of combinations (with positive values of result vector) that gives % N = 1: 31.5%
Percent of combinations (with positive values of result vector) that give p and q: 17.8%
Vectors that gives p and q: [[900, -400], [-3982, 1956], [1112, -1240], [-1512, -1704], [-3854, 580], [-2414, 468], [-1692, 32], [-2236, -64], [320, -1512], [1814, 1196], [-1198, 292], [68, 1968], [-364, -1504], [-902, 1892], [-3132, -128], [-1726, 1428], [-536, -2504], [-78, 1156], [-26, -1604], [-768, -2216], [584, -2072], [-254, 1572], [-1640, -24], [92, -688], [-2828, -400], [1434, -428], [1444, -1696], [236, -1712], [-2188, -192], [-2094, -2988], [1526, 140], [-728, 168], [-1924, -1872], [-840, 280], [2544, -152], [156, -1664], [2584, -1032], [614, 1004], [620, -1664], [-136, -1592], [-4044, -2048], [-2946, 172], [-994, 524], [1394, -140], [-598, -1964], [-1360, 296], [318, 1180], [1180, 592], [-1232, 312], [544, 1688], [544, -2232], [-1050, -516], [-26, -1332], [-1272, 216], [-514, 332], [106, -2620], [-524, 416], [762, 916], [-1244, 1488], [48, 3992], [-514, -932], [-3690, 428], [-1074, 204], [1112, -632], [-1600, -584], [864, -1512], [1242, -348], [-1370, -1716], [-882, -1092], [-1306, 348], [-30, -1708], [-1228, -1936], [-1730, 300], [-524, -2144], [-324, -2240], [1396, -48], [1548, -1728], [-182, -1388], [-2342, -156], [1004, 96], [222, 1116], [-1570, 940], [766, -1604], [1718, 188], [3734, -1620], [-940, 208], [208, -1864], [-450, -1236], [-2196, -128], [-964, -64], [-1696, -1944], [-34, -1332], [1862, 972], [-2790, 2084], [2866, -2396], [320, 2360], [-1410, 1020], [1372, 1152], [-394, 1916], [-3752, 1800], [-1156, 336], [-1056, -168], [1342, 140], [-1010, -2196], [-1580, -2336], [-576, 248], [154, -1516], [-1422, -412], [-198, -1180], [-182, -1388], [-1274, 476], [124, -1424], [-884, 512], [-2560, 296], [-1300, 272], [-3888, 1880], [-1258, -228], [-182, -1388], [566, -1380], [100, -1488], [1212, -480], [1654, -260], [760, -872], [-1696, -1944], [460, -2016], [-1506, -292], [-1384, -280], [-1876, -48], [220, 3792], [-2220, -2240], [-1354, -212], [-34, -1988], [72, 1976], [440, -872], [-1666, -868], [830, 1180], [-358, -1180], [-884, -1632], [-1492, 1840], [-876, 1328], [-324, -2032], [-302, -3932], [338, -1516], [406, 1340], [-168, -1672], [-1380, -272], [-2316, -784], [-1610, 700], [-78, -3948], [822, 1916], [1882, -540], [-1296, -1800], [2054, 268], [386, -1356], [446, 1964], [-72, -1976], [-2352, 72], [-2548, 112], [-1326, -1900], [-1370, 60], [-1280, 2072], [-20, -1536], [-2354, -212], [-3292, -1136], [1094, 1132], [1636, -1520], [-1402, 220], [-2016, -1032], [2176, -1240], [1990, -1348], [252, -1568], [-928, 8], [2292, 192], [1556, -112], [936, -1448], [-2292, -192], [-2374, 1620], [-164, 2672]]

exec_time (ms): 211313.22479248047 ms
exec_time: 3m 31s 313.22479248046875ms