N: 39
n: 6
number_of_primes (d): 2
exp_register_width (qd): 5
primes: [2, 5]

R: 5431
T: 5
t: 14
delta: 0.00018412815319462345
delta_inv: 5431Percent of combinations (with positive values of result vector) that gives % N = 1: 67.1%
Percent of combinations (with positive values of result vector) that give p and q: 41.9%
Vectors that gives p and q: [[360, -1406], [273, -1263], [348, -1446], [-987, -15], [201, -211], [486, -1548], [0, 1502], [-1005, -9], [375, -1461], [330, -1580], [-999, -7], [-285, 1623], [-1002, -8], [-300, 978], [-1008, -6], [195, 919], [-480, -14], [-486, -544], [270, -628], [-480, -14], [417, -1495], [-1002, -8], [-420, -2478], [198, 1004], [324, 858], [-999, -7], [-141, -353], [267, -265], [495, 27], [-318, 796], [378, 1396], [66, 216], [-402, -904], [387, -1425], [-477, 1451], [177, -743], [-957, -37], [366, -1436], [-285, 943], [210, -700], [-996, -10], [0, -914], [-402, 1404], [-144, 958], [450, 308], [336, 270], [387, -1425], [117, -2595], [486, 1556], [411, -1397], [-132, -678], [243, -729], [-231, -483], [-384, -1574], [501, 9], [-1002, -8], [-1002, -8], [-465, 163], [-996, -10], [27, 655], [-501, -9], [354, -1280], [-486, -1420], [438, -1408], [-240, 710], [-399, -471], [495, -1525], [0, -1526], [-993, -13], [354, -2552], [267, -753], [-1005, -13], [408, -1322], [-999, -7], [-1011, -7], [456, -1422], [-429, 879], [-180, 746], [-1008, -6], [-1005, -5], [126, -764], [483, 1723], [408, -1198], [-156, 1058], [-312, 1318], [-138, -2932], [-459, -927], [-963, -15], [375, -781], [-999, -7], [-471, -1431], [-999, -7], [486, 1556], [312, -830], [312, -830], [489, -819], [-243, 1289], [0, -214], [450, 232], [-150, -152], [-228, 1134], [-1002, -8], [-165, 887], [-237, -2645], [309, 1053], [0, -1418], [-1008, -10], [141, -639], [-999, -7], [-1008, -10], [459, -1541], [270, -756], [-450, 1752], [225, -719], [333, -1359], [237, -723], [444, -774], [453, -967], [399, -1445], [447, -1481], [12, -1702], [384, -1298], [465, -1523], [-999, -11], [387, -825], [-231, 721], [423, 2727], [-246, -432], [-1005, -9], [108, -554], [483, 847], [177, 1813], [192, -734], [0, -302], [-420, 1650], [426, 168], [99, -693], [-420, 1498], [207, -749], [-999, -7], [-999, -7], [-996, -14], [-999, -7], [-102, 1276], [-318, -2308], [-441, -773], [-999, -7], [219, -713], [-408, 90], [-42, -1628], [207, -749], [75, 271], [330, -1404], [324, 182], [-144, 958], [243, -617], [405, -1455], [-345, 1827], [270, -956], [-999, -7], [69, -191], [-210, 1212], [144, -650], [357, -355], [-987, -15], [-261, 1627], [-186, -2784], [-948, -26], [498, -1484], [-462, 1556], [-987, -15], [-216, 710], [423, -1481], [0, -670], [-381, -973], [-285, 927], [-42, -2236], [420, 2478], [-996, -10], [-999, -7], [-270, 936], [42, -644], [-468, 1386], [276, -2462], [-999, -7], [-999, -7], [369, -1391], [384, -2386], [-153, 1203], [-996, -10], [-138, 1248], [-1002, -8], [153, 149], [-435, 869], [-1002, -8], [-999, -11], [171, -553], [60, -1498], [-213, -1493], [258, -252], [-303, -1139], [-996, -14], [-351, -115], [444, -1038], [-69, 623], [-999, -11], [288, -218], [396, 2434], [-417, 863], [-219, 909], [-492, 802], [-153, -2753], [-999, -7], [-207, -311], [-240, 1266], [-468, 850], [0, -334], [-336, 718], [-300, -1014], [-999, -7], [219, 455], [264, -834], [-375, 817], [-999, -7], [417, -1363], [279, -637], [432, 42], [-306, 316], [-480, 338], [-6, 1116], [-273, -2213], [216, -746], [363, -1505], [261, -1627], [-429, -921], [489, -1615], [-1002, -16], [459, -1485], [429, -1375], [369, 2457], [345, -1467], [-261, -2205], [-117, -281], [246, -796], [-363, 881], [-987, -15], [42, -624], [-480, -14], [-1005, -9], [207, 171], [315, -1573], [-264, 874], [417, -1383], [-999, -7], [396, -890], [246, -300], [-273, -2213], [-999, -7], [-411, 1217], [-426, -420], [-1002, -8], [-999, -7], [399, -2065], [-357, 843], [246, -892], [-339, -119], [237, -751], [-399, 1181], [-1005, -9], [-993, -13], [-177, 1207], [474, -1428], [447, 927], [471, -269], [-999, -7], [-999, -7], [-438, 136], [-1008, -6], [-999, -7], [-999, -7], [240, -766], [-309, -909], [-999, -7], [-492, -1522], [-999, -7], [237, -723], [-15, -795], [-1002, -8], [-480, -14], [-1005, -13], [339, -1369], [201, -715], [-999, -7], [-999, -7], [492, -822], [-330, -512], [-366, -104], [342, -1300], [-999, -11], [0, -878], [-399, 1181], [237, -655], [-258, -1976], [-999, -7], [480, 206], [-963, -15], [390, 1648], [306, -740], [-999, -11], [-387, 1229], [-1008, -6], [60, -690], [-483, -1491], [156, 1118], [-360, 1490], [327, 191], [192, -810], [-999, -7], [-954, -20], [336, -426], [-495, 1497], [-999, -7], [108, 286], [-219, -1739], [-996, -14], [-6, -708], [-999, -11], [375, -1433], [-981, -21], [243, -729], [-999, -7], [-999, -7], [-126, 2332], [-996, -10], [0, -1490], [-996, -10], [-18, -408], [-189, 727], [462, -684], [-480, -14], [216, -742], [-153, -1669], [-1011, -3], [-486, -1488], [387, -2449], [0, -522], [-108, -286], [111, -361], [-999, -7], [438, -916], [-999, -7], [-999, -7], [-1002, -8], [-999, -11], [474, -1508], [492, -198], [-996, -10], [366, -1436], [249, -751], [-1005, -9], [339, -1413], [348, -962], [-483, 2621], [-999, -11], [237, -1319], [-999, -7], [-174, 1612], [0, 1298], [-999, -7], [306, 252], [288, -754], [348, -1442], [-399, 1181], [-336, 178], [0, -242], [-999, -7], [-999, -7], [-291, 1293], [-1008, -6], [0, 1298], [0, -922], [-999, -7], [0, -274], [189, -723], [-339, 857], [-1011, -3], [-999, -7], [69, -759], [429, 109], [483, 1491], [-60, 1498], [-276, 818], [-993, -13], [456, 70], [-294, -1788], [-438, -1528], [366, -1516], [-351, -155], [357, 1033], [-432, 174], [-306, 316], [387, -749], [459, -1401], [276, -2462], [333, -919], [450, -2452], [-1002, -8], [195, 1587], [-1008, -6], [387, -845], [399, -1525], [243, -729], [372, 138], [-360, -1546], [-999, -7], [-321, -369], [-999, -7], [-975, -19], [0, -738]]

exec_time (ms): 194713.64569664001 ms
exec_time: 3m 14s 713.6456966400146ms