N: 51
n: 6
number_of_primes (d): 2
exp_register_width (qd): 5
primes: [2, 5]

R: 5431
T: 5
t: 14
delta: 0.00018412815319462345
delta_inv: 5431Percent of combinations (with positive values of result vector) that gives % N = 1: 42.8%
Percent of combinations (with positive values of result vector) that give p and q: 28.0%
Vectors that gives p and q: [[1001, -1510], [-239, -614], [-1008, -520], [-1014, -516], [-1014, -516], [-1008, -520], [1008, 520], [-239, -614], [276, 576], [-239, -614], [-1008, -520], [-1002, 1508], [-1014, -516], [239, 614], [-239, -614], [1014, 516], [276, 576], [276, 576], [1001, -1510], [1001, -1510], [-276, -576], [-1001, 1510], [1001, -1510], [239, 614], [1014, 516], [-1001, 1510], [-1014, -516], [-1008, -520], [230, -700], [-1008, -520], [-1001, 1510], [276, 576], [-1002, 1508], [-1002, 1508], [-1001, 1510], [-239, -614], [-1014, -516], [-1014, -516], [276, 576], [1001, -1510], [-1002, 1508], [276, 576], [276, 576], [-1002, 1508], [-1014, -516], [230, -700], [1002, -1508], [-1002, 1508], [239, 614], [-1008, -520], [239, 614], [1014, 516], [1001, -1510], [276, 576], [-239, -614], [-230, 700], [276, 576], [239, 614], [-1014, -516], [1002, -1508], [-1014, -516], [-1014, -516], [-1014, -516], [1001, -1510], [-1014, -516], [-239, -614], [-1002, 1508], [1014, 516], [230, -700], [-239, -614], [-1008, -520], [230, -700], [239, 614], [-1008, -520], [-276, -576], [-276, -576], [-1014, -516], [-1008, -520], [1002, -1508], [1014, 516], [276, 576], [-1014, -516], [-1008, -520], [-1008, -520], [276, 576], [-239, -614], [-239, -614], [-1002, 1508], [-1008, -520], [-1001, 1510], [-1008, -520], [-1008, -520], [276, 576], [-1002, 1508], [-1002, 1508], [-1008, -520], [-1014, -516], [1002, -1508], [-276, -576], [-1014, -516], [-1008, -520], [-276, -576], [-1002, 1508], [-1008, -520], [1002, -1508], [1001, -1510], [-1008, -520], [-1002, 1508], [-1002, 1508], [-1001, 1510], [-1002, 1508], [276, 576], [276, 576], [-1002, 1508], [-1014, -516], [-1014, -516], [230, -700], [1008, 520], [230, -700], [-1001, 1510], [-1002, 1508], [-276, -576], [-1014, -516], [-1014, -516], [230, -700], [230, -700], [-1014, -516], [-1014, -516], [-276, -576], [-1014, -516], [-1014, -516], [-1014, -516], [230, -700], [230, -700], [230, -700], [239, 614], [-1014, -516], [-1001, 1510], [276, 576], [-239, -614], [-1014, -516], [276, 576], [-230, 700], [-1008, -520], [-239, -614], [-1014, -516], [1001, -1510], [-239, -614], [-239, -614], [230, -700], [-1008, -520], [-1002, 1508], [-1014, -516], [-1008, -520], [-1014, -516], [-1014, -516], [-230, 700], [-1002, 1508], [-1008, -520], [-1008, -520], [-239, -614], [-239, -614], [-1014, -516], [1002, -1508], [-239, -614], [-239, -614], [-230, 700], [-1001, 1510], [276, 576], [1014, 516], [-1014, -516], [230, -700], [1001, -1510], [-1001, 1510], [239, 614], [-1008, -520], [276, 576], [276, 576], [-1014, -516], [-1008, -520], [-1008, -520], [-1014, -516], [-1001, 1510], [230, -700], [230, -700], [-1014, -516], [-1002, 1508], [-1001, 1510], [-276, -576], [-1014, -516], [-1008, -520], [-1001, 1510], [-1008, -520], [-1002, 1508], [-1008, -520], [-1008, -520], [-1014, -516], [-1008, -520], [-1014, -516], [-1001, 1510], [-1014, -516], [239, 614], [239, 614], [-1002, 1508], [-239, -614], [1001, -1510], [-1001, 1510], [-276, -576], [276, 576], [-276, -576], [-239, -614], [-1008, -520], [-239, -614], [-1001, 1510], [-276, -576], [-1014, -516], [-239, -614], [-276, -576], [-1014, -516], [-276, -576], [-1008, -520], [-1002, 1508], [-1001, 1510], [-1008, -520], [-1008, -520], [1001, -1510], [-1014, -516], [-1002, 1508], [-230, 700], [-1014, -516], [-1014, -516], [230, -700], [-1001, 1510], [1014, 516], [-1002, 1508], [230, -700], [-1001, 1510], [-1008, -520], [-1008, -520], [-1002, 1508], [-1014, -516], [-1014, -516], [-1008, -520], [276, 576], [-1002, 1508], [239, 614], [239, 614], [230, -700], [239, 614], [1014, 516], [-1014, -516], [230, -700], [-1014, -516], [276, 576], [-1008, -520], [1014, 516], [276, 576], [-1014, -516], [-1008, -520], [239, 614], [-1001, 1510], [-1008, -520], [1002, -1508], [-1014, -516], [230, -700], [230, -700], [-1002, 1508], [1001, -1510], [-239, -614], [-1014, -516], [-276, -576], [-1014, -516], [239, 614], [1014, 516], [-1001, 1510], [-1002, 1508], [1014, 516], [-239, -614], [1008, 520], [-1002, 1508]]

exec_time (ms): 213820.06072998047 ms
exec_time: 3m 33s 820.0607299804688ms