N: 69
n: 7
number_of_primes (d): 2
exp_register_width (qd): 5
primes: [2, 5]

R: 6517
T: 6
t: 15
delta: 0.00015344483658124905
delta_inv: 6517Percent of combinations (with positive values of result vector) that gives % N = 1: 51.0%
Percent of combinations (with positive values of result vector) that give p and q: 35.2%
Vectors that gives p and q: [[-1, 2], [-1, 2], [-201, -632], [-1803, 757], [-1, 2], [-197, 1505], [-2025, -647], [-1775, 877], [-1949, 1038], [903, -871], [-1, 2], [-1, 2], [-2023, 1054], [-1, 2], [-403, 1444], [-1943, 927], [1597, 1470], [-2311, -2979], [1017, -1209], [1801, 1348], [-1, 2], [563, -3084], [923, 1102], [2335, 467], [-1, 2], [-1, 2], [-1, 2], [2125, 282], [-935, 429], [1731, 1169], [-1, 2], [-1, 2], [-1829, 853], [-1, 2], [1177, -2409], [-1, 2], [1, -2], [1671, 1355], [-1, 2], [-1, 2], [151, 1205], [-1, 2], [1745, 1625], [101, 1426], [617, -1069], [-1, 2], [-453, 158], [-1, 2], [365, 2460], [-1, 2], [-1, 2], [477, 960], [-1, 2], [-1345, -1699], [-2007, 1451], [-1, 2], [-2035, 770], [159, -2848], [653, 2104], [403, -1697], [-1, 2], [525, -1820], [-1, 2], [-1397, -4785], [-1, 2], [-1751, -3021], [-1, 2], [-1, 2], [-1273, -886], [-1, 2], [-277, -326], [793, -794], [-1257, -731], [-1, 2], [-1413, -419], [-457, -1143], [-1, 2], [-1805, -3353], [-2059, 1126], [-1, 2], [1957, 2708], [-2927, -1406], [1717, -563], [-1, 2], [-1, 2], [-1, 2], [-1, 2], [-201, -1094], [-1, 2], [1, -2], [-1897, 868], [-1, 2], [-1651, -834], [-1743, 692], [-1913, 889], [-1, 2], [-1, 2], [-797, 1693], [65, -1373], [-1, 2], [-1645, 661], [-1433, 479], [-1891, 900], [-1, 2], [-1777, 848], [-1, 2], [-1541, -548], [-1681, 777], [-413, 1101], [-1, 2], [-1897, 824], [-1, 2], [-395, -90], [-1933, 907], [-1, 2], [-1885, 943], [3205, 1466], [-1591, 839], [-935, 1232], [333, -1755], [-1869, 768], [-1627, 779], [-1, 2], [111, -1300], [-1725, 678], [-1, 2], [-1181, -630], [-1, 2], [-451, 1705], [-1147, -3283], [-2525, -10], [-1, 2], [1481, 96], [1711, 2166], [-1, 2], [-1659, 513], [-1003, 521], [481, 1898], [-1329, -609], [-1, 2], [-697, -1048], [-1081, -1809], [-1593, 777], [-1111, -1221], [-1, 2], [-1791, -3612], [-1175, -796], [57, -1434], [-1831, 791], [-293, 1323], [-1771, 781], [-1779, -336], [1745, -784], [-1, 2], [-1803, -1597], [-1955, 731], [-621, -3070], [1787, -1825], [-1, 2], [-1953, 870], [203, -1363], [-1, 2], [731, -1165], [-331, 1289], [937, 1085], [-1, 2], [-1767, 916], [-1, 2], [-987, -985], [2347, 1345], [979, 3124], [-1, 2], [-1383, -1194], [-1, 2], [-1501, -804], [-1, 2], [-1, 2], [-1, 2], [1253, -2517], [-1, 2], [-1129, -1174], [-1, 2], [-273, -1819], [-2089, -1025], [-1, 2], [-211, -1206], [-1, 2], [-1555, -2610], [-1, 2], [227, 1163], [-1, 2], [323, 1389], [-1, 2], [-1887, -769], [-1, 2], [-1, 2], [-231, 1254], [-1, 2], [-1, 2], [-1, 2], [-1, 2], [1575, -741], [-1, 2], [-319, -1133], [401, 1079], [1561, 1938], [-1133, -1111], [-1, 2], [-1, 2], [-1809, 835], [2655, 2775], [-791, -772], [-1, 2], [-2297, -158], [-1, 2], [1569, 1636], [-1, 2], [-1, 2], [-1, 2], [1, -2], [-1, 2], [-1715, 702], [1037, 1523], [-1, 2], [13, -2215], [-1795, -1426], [551, -2697], [-2357, -115], [-1, 2], [-307, -2598], [-1, 2], [1911, -1105], [869, 1474], [-1, 2], [-557, -800], [-1351, 271], [1, -2], [-1, 2], [209, 1441], [-1503, 608], [-2029, 978], [-119, -2248], [1803, 1861], [1005, -1218], [-1, 2], [-1177, -2684], [-1, 2], [-1, 2], [2849, -242], [-1, 2], [-1, 2], [-1, 2], [799, -1521], [-541, 2446], [1843, 549], [-1283, -327], [1541, 1373], [249, -1389], [1895, -1062], [-1, 2], [-1, 2], [-1, 2], [1797, 1532], [-1, 2], [-1, 2], [-3563, -464], [163, 499], [-9, -2402], [-1, 2], [-1867, 863], [-1, 2], [-1, 2], [-1, 2], [555, 936], [-1, 2], [-1, 2], [-1, 2], [-2255, 1782], [-563, -854], [-1815, 726], [-1, 2], [-1, 2], [-1701, 674], [-1, 2], [-1, 2], [-1931, -2573], [-1, 2], [-1943, 894], [-1341, -959], [-945, -1311], [-1, 2], [-1307, 205], [-1, 2], [-1, 2], [-1979, -860], [-833, -996], [-1, 2], [-1135, -667], [-697, -1389], [-1, 2], [-1565, -1358], [-1633, 428], [-1, 2], [-1, 2], [-777, -800], [-1, 2], [-1, 2], [-1105, -584], [-1309, -1562], [-1, 2], [-1, 2], [643, 903], [-1, 2], [2875, 762], [1781, 541], [-1013, -1890], [-1, 2], [-135, -3426], [-1671, -1399], [-1, 2], [-2007, 1022], [-1, 2], [-949, -1413], [-675, -1851], [289, 1457], [-1, 2], [-2339, -2186], [-1, 2], [653, -1636], [-2029, 1066], [-1, 2], [609, -1449], [1737, 1311], [-1137, -322], [-1, 2], [-1915, 904], [-1, 2], [-1341, -1564], [809, -1662], [-653, -916], [-1, 2], [-1585, -1406], [621, 2168], [-1, 2], [1, -2], [-1009, -2866], [-2125, -524], [-1969, 814], [-1, 2], [-2617, -299], [549, -900], [-431, 829]]

exec_time (ms): 219563.98105621338 ms
exec_time: 3m 39s 563.9810562133789ms