N: 85
n: 7
number_of_primes (d): 2
exp_register_width (qd): 5
primes: [2, 3]

R: 6517
T: 6
t: 15
delta: 0.00015344483658124905
delta_inv: 6517Percent of combinations (with positive values of result vector) that gives % N = 1: 30.5%
Percent of combinations (with positive values of result vector) that give p and q: 15.0%
Vectors that gives p and q: [[-1376, 1640], [320, -1016], [144, -1768], [1456, 424], [1022, -1636], [214, -1828], [-160, -2120], [-2178, -708], [-1566, 596], [-1910, 1780], [-1472, 104], [-266, -2484], [-1560, 328], [326, -1764], [-812, -1376], [-2126, 196], [-1298, 572], [-1356, 240], [-440, 1512], [-1402, -452], [1596, 384], [-122, -3876], [-1596, 176], [-1482, -1172], [-770, 492], [-2590, 1412], [-2278, 1188], [-224, 1256], [-2444, 320], [-1666, 2044], [-3966, 1940], [-856, 1080], [-1062, -908], [138, 1476], [318, -1972], [122, 3844], [-1590, -2108], [2606, -116], [-1578, 300], [-1914, -708], [-2094, -188], [-2422, 1780], [1214, -1044], [-3426, 1068], [-760, 872], [-938, 812], [1274, 964], [-3916, 1728], [-686, -1404], [-1508, -1968], [-1068, -960], [696, -1016], [-1110, 724], [-2198, 244], [576, -2632], [-1062, 1028], [-1644, 1856], [836, -112], [-1392, 1592], [-2574, 244], [-2278, 1188], [2404, -80], [-2058, 508], [2570, -428], [-1374, 420], [-1132, 432], [-848, 408], [-1862, -972], [1324, -1360], [-924, 1616], [-974, -1116], [2316, 832], [266, 2468], [-870, -1180], [1034, -412], [-1124, 592], [708, -1056], [-470, -1500], [-834, -980], [-2534, -1276], [318, -1588], [-2178, -708], [1454, -244], [-1216, -184], [-2474, -228], [-2588, 2192], [610, 404], [-1426, 124], [-2392, -184], [2126, -1716], [-1030, -108], [364, 1504], [1526, 140], [2544, -152], [422, -1700], [574, -1028], [-3648, 1816], [-96, -3848], [2486, -1828], [-2670, -620], [348, -1792], [-574, -892], [-1062, 1300], [-1700, -1904], [-2796, -1424], [260, -1440], [396, -1136], [1278, -388], [-800, 872], [1236, 160], [-1058, 700], [-168, -1672], [618, -1788], [-3462, 100], [-1352, 712], [454, 1980], [-2554, -1892], [-1682, 204], [-1164, 1568], [-1378, 204], [-68, -3952], [-582, -1212], [-724, -1648], [-3564, 1504], [-1262, 612], [-756, 1376], [78, -2420], [-1348, -736], [-2210, 284], [-126, -3916], [-1034, 412], [-92, -3952], [218, -1660], [-1358, -524], [1498, 372], [1438, -1284], [610, 404], [-128, -1320], [-116, -3968], [1160, -88], [-1198, -652], [740, 1600], [902, 1100], [786, -1148], [-2378, -1604], [2390, -164], [-1336, 264], [1566, -2148], [-1192, 680], [982, 332]]

exec_time (ms): 200187.65306472778 ms
exec_time: 3m 20s 187.6530647277832ms