N: 95
n: 7
number_of_primes (d): 2
exp_register_width (qd): 5
primes: [2, 3]

R: 6517
T: 6
t: 15
delta: 0.00015344483658124905
delta_inv: 6517Percent of combinations (with positive values of result vector) that gives % N = 1: 29.2%
Percent of combinations (with positive values of result vector) that give p and q: 16.3%
Vectors that gives p and q: [[-829, 421], [1697, 2323], [-1204, 94], [1180, 1298], [661, 791], [1168, -994], [-2387, -2065], [-2638, 1708], [1848, -606], [239, -863], [-1192, -746], [835, -1507], [-2402, 2252], [-373, -1079], [840, -2262], [-1923, 735], [-2251, 115], [-1508, -1558], [-1627, -329], [-1207, 619], [-1114, 1876], [-766, 1600], [-2284, 1426], [-1449, 333], [-1063, -1181], [-3022, 472], [1220, -2474], [2466, 0], [-1505, -1147], [-2290, -1556], [-1365, -831], [-1997, -1411], [1036, -1402], [-1257, 393], [279, -1179], [-3033, -207], [1786, -892], [-1249, 877], [-1272, -1338], [-232, -1058], [2481, 1227], [-1957, 361], [653, -1457], [-1300, 2422], [-1302, -156], [-2100, 462], [2379, -363], [2435, 649], [-224, -2230], [-2402, -2644], [804, -1902], [611, -1739], [-1995, 771], [-307, 1339], [2066, -1376], [-1730, -3208], [1310, -2312], [271, -1519], [-1415, -1705], [-225, -999], [3, 1113], [-2293, 85], [-414, -1044], [213, -573], [-570, 1344], [-1510, -1112], [-1314, 2484], [1678, -2044], [-1667, 851], [-919, 331], [-2020, -3374], [1305, -2457], [1037, 2011], [2194, -1516], [551, -887], [-41, -1063], [-422, 1172], [-2038, -2564], [-941, -343], [-2590, 544], [1319, -2483], [455, -1763], [390, -1056], [-840, -474], [-2299, -953], [361, -925], [-1151, 443], [892, -2014], [-1882, -2936], [-2210, 1520], [-1237, -1547], [156, -2334], [-1506, 660], [380, -2390], [-1661, -2107], [1716, 2010], [-1433, -283], [-1391, -1189], [-1766, 1076], [-1515, 255], [-1055, -2641], [-1065, -555], [94, -1432], [-1861, -2183], [-65, 653], [516, -1362], [1921, 359], [-1500, 186], [1155, 1797], [-1433, 581], [555, -843], [1484, 1222], [1191, -1875], [619, -283], [-1296, 1350], [330, -1716], [-1209, 2073], [-1806, -1992], [-2520, -846], [121, -2413], [646, -904], [-1715, -2053], [2039, -935], [-1469, 2273], [-1505, -67], [598, -1288], [-379, 1483], [-2110, -260], [-780, -930], [-2252, -202], [443, -1355], [982, -1744], [1647, 729], [-1817, -1699], [501, -1905], [828, 810], [-3895, -2057], [-164, -2362], [790, -2668], [-1482, -2676], [476, -1118], [-765, -1323], [1642, -2404], [-2497, 1405], [747, 9], [383, -1763], [-814, 1468], [-943, -1877], [-1816, -1814], [486, -1692], [-2939, 323], [-3034, -1892], [-660, 3126], [-248, -1162], [-1146, -1248], [-1802, 716], [-1120, -206], [451, -1195], [588, 906], [744, 1146], [1963, 1649], [826, 428], [-2173, -935]]

exec_time (ms): 225212.21947669983 ms
exec_time: 3m 45s 212.2194766998291ms