N: 21
n: 5
number_of_primes (d): 3
exp_register_width (qd): 5
primes: [2, 5, 11]

R: 11287
T: 3
t: 16
delta: 0.00010850933564202967
delta_inv: 9216Percent of combinations (with positive values of result vector) that gives % N = 1: 98.4%
Percent of combinations (with positive values of result vector) that give p and q: 91.2%
Vectors that gives p and q: [[-1, 1, 0], [-1, 1, 0], [-1, 1, 0], [-1, 1, 0], [-1, 1, 0], [1067, -20, 2100], [-1, 1, 0], [708, -2775, 825], [-1, 1, 0], [-1, 1, 0], [1670, -1247, 1491], [2971, -3264, 2656], [1, -1, 0], [-1, 1, 0], [-1, 1, 0], [-1, 1, 0], [1529, -316, 454], [-1, 1, 0], [708, -2636, 967], [-1, 1, 0], [215, -11, -282], [-1, 1, 0], [-705, 2151, 2880], [-1, 1, 0], [-1, 1, 0], [-1, 1, 0], [-2622, 2292, -453], [925, -383, -2344], [-1, 1, 0], [-1, 1, 0], [528, -1505, 1933], [-1, 1, 0], [845, -763, -854], [2224, 1227, -1733], [-2976, 477, -3525], [-1, 1, 0], [-1, 1, 0], [-1, 1, 0], [-1, 1, 0], [-1, 1, 0], [-1, 1, 0], [-1, 1, 0], [2649, -2715, 912], [-1, 1, 0], [-1, 1, 0], [-1860, -364, 3089], [1, -1, 0], [871, -2597, -142], [1, -1, 0], [-2107, 47, 214], [-1, 1, 0], [-1535, 197, 1116], [-1, 1, 0], [-1, 1, 0], [-1, 1, 0], [-1, 1, 0], [-1278, -1177, -1177], [-1937, -648, 1654], [-1, 1, 0], [-724, 1142, -3647], [-1135, 189, 2522], [-649, -643, -1910], [-3805, 1019, -1610], [1, -1, 0], [-1, 1, 0], [-1, 1, 0], [-2738, 1765, 3683], [-1, 1, 0], [-1, 1, 0], [392, 2655, -553], [-1, 1, 0], [-1, 1, 0], [-1, 1, 0], [-1, 1, 0], [1, -1, 0], [-1, 1, 0], [-162, 1266, -1875], [-1, 1, 0], [1, -1, 0], [-1, 1, 0], [-1, 1, 0], [-1, 1, 0], [-1, 1, 0], [-1, 1, 0], [-1, 1, 0], [-1, 1, 0], [-1, 1, 0], [-1, 1, 0], [-1, 1, 0], [-1, 1, 0], [-1, 1, 0], [-1, 1, 0], [-2458, 474, 131], [1, -1, 0], [-1, 1, 0], [-1, 1, 0], [-2112, -2384, 253], [-1130, 312, 205], [-1, 1, 0], [-1, 1, 0], [-1892, 492, 121], [-1, 1, 0], [-1, 1, 0], [-3802, 2610, 1361], [-1, 1, 0], [-1, 1, 0], [-1, 1, 0], [-2564, 174, -2675], [-1, 1, 0], [520, -2577, -245], [-1, 1, 0], [-1270, 687, -3553], [3965, 2502, 518], [-2560, -1978, -1127], [-1, 1, 0], [-1, 1, 0], [-1, 1, 0], [-1, 1, 0], [-1, 1, 0], [-1, 1, 0], [-1, 1, 0], [-1, 1, 0], [-1, 1, 0], [-2086, -2354, 1977], [2026, -2679, -203], [2517, 1138, -1412], [1, -1, 0], [-1, 1, 0], [-1, 1, 0], [-2, 0, 1], [-1, 1, 0], [-1, 1, 0], [-1, 1, 0], [-1, 1, 0], [-1, 1, 0], [-1, 1, 0], [-1, 1, 0], [-1, 1, 0], [-1, 1, 0], [-1, 1, 0], [1847, 2377, 162], [1223, -977, -1158], [-1, 1, 0], [-1, 1, 0], [-1, 1, 0], [-2556, -1576, 3299], [-1, 1, 0], [-1, 1, 0], [-1, 1, 0], [-1, 1, 0], [293, -1853, 828], [-1, 1, 0], [-2336, 175, 857], [-1, 1, 0], [-1, 1, 0], [1605, -1642, 20], [-1, 1, 0], [-1, 1, 0], [-1, 1, 0], [79, -2622, -2810], [-1, 1, 0], [1705, 1492, 3728], [0, 2, -1], [1202, -959, -819], [1, -1, 0], [-1572, -4150, 1397], [-1180, 997, -699], [-684, 1464, -2127], [-1, 1, 0], [-1, 1, 0], [-1, 1, 0], [-1, 1, 0], [-1, 1, 0], [-1, 1, 0], [1, -1, 0], [-1, 1, 0], [1095, 1357, -1994], [-3462, 1946, -307], [1, 0, -2], [1, 0, -2], [-1, 1, 0], [-1, 1, 0], [-1, 1, 0], [-1, 1, 0], [-1, 1, 0], [-1398, -1201, -673], [-1, 1, 0], [-1, 1, 0], [-2483, 837, 1066], [-1, 1, 0], [982, -1239, -1217], [-1, 1, 0], [647, 1644, -1816], [-1, 1, 0], [1195, -1010, 1694], [-1, 1, 0], [-1, 1, 0], [-911, 125, 1344], [-1, 1, 0], [1976, -690, -1393], [-347, 3613, -2188], [-1, 1, 0], [-1, 1, 0], [-1, 1, 0], [187, 1110, -2312], [-95, -2990, 746], [-1, 1, 0], [-1, 1, 0], [-1, 1, 0], [-1, 1, 0], [-2407, -249, 1004], [1542, -2302, -55], [-1, 1, 0], [-1, 1, 0], [-740, 452, -2205], [0, 2, -1], [-1, 1, 0], [-1, 1, 0], [-1, 1, 0], [-1, 1, 0], [-1, 1, 0], [-1619, 966, -590], [-1, 1, 0], [-1, 1, 0], [-971, 1641, 784], [-1, 1, 0], [-1, 1, 0], [-283, -2475, -2422], [-1, 1, 0], [-724, 2139, 59], [1, -1, 0], [-1, 1, 0], [1, -1, 0], [-1784, 21, 3013], [-1, 1, 0], [-1, 1, 0], [3775, -359, 140], [1992, 5, -1771], [-1, 1, 0], [-1, 1, 0], [0, -2, 1], [1, -1, 0], [-1, 1, 0], [-1, 1, 0], [-1, 1, 0], [-1, 1, 0], [-1923, -2662, 2090], [2827, -71, -2266], [-1, 0, 2], [2540, -1869, -79], [-1, 1, 0], [-1, 1, 0], [-1, 1, 0], [2756, 1097, 2197], [-2121, -56, 580], [-1, 1, 0], [1945, -533, 512], [-1, 1, 0], [-1, 1, 0], [-2, 0, 1], [-1, 1, 0], [-1, 1, 0], [-1, 1, 0], [-1, 1, 0], [-1, 1, 0], [-1, 1, 0], [-1, 1, 0], [-2793, -2880, 1512], [67, -5101, 882], [-4293, -304, 2468], [-1, 1, 0], [199, 2693, -414], [-3684, 145, 7], [-790, -534, -1729], [-1, 1, 0], [-1667, -538, 1002], [-1, 1, 0], [-1, 1, 0], [-1, 1, 0], [-1, 1, 0], [-1, 1, 0], [-1, 1, 0], [-1, 1, 0], [36, 73, -2819], [-1, 1, 0], [-1, 1, 0], [171, -34, -226], [-1, 1, 0], [-1, 1, 0], [-833, -74, -2524], [-899, 3251, -1902], [-3129, -161, 2974], [-1, 1, 0], [-3304, -2109, -4561], [-1, 1, 0], [-1, 1, 0], [-1, 1, 0], [-1, 1, 0], [-1, 1, 0], [-1, 1, 0], [682, -2861, 323], [994, -698, -1051], [-1, 1, 0], [-1, 1, 0], [-1, 1, 0], [-1, 1, 0], [-1, 1, 0], [-1, 1, 0], [-1, 1, 0], [-1, 1, 0], [-1161, 555, -306], [517, 330, -3098], [558, -1650, 87], [223, -130, 2988], [-1595, 301, -1846], [-110, 1265, -411], [-1, 1, 0], [-1, 1, 0], [828, 2916, -441], [1, -1, 0], [-1603, 1432, 1344], [-1, 1, 0], [1230, -205, -3037], [-1, 1, 0], [-1, 1, 0], [-1, 1, 0], [1, -1, 0], [-1, 1, 0], [-1, 1, 0], [-1, 1, 0], [-1, 1, 0], [-1, 1, 0], [-1, 1, 0], [-1, 1, 0], [-1, 1, 0], [-1, 1, 0], [1358, 1823, 2803], [-1, 1, 0], [-1, 1, 0], [-1, 1, 0], [-1, 1, 0], [-1, 1, 0], [-1, 1, 0], [-1, 1, 0], [-1, 1, 0], [-1, 1, 0], [-1, 1, 0], [-1, 1, 0], [-1, 1, 0], [-3315, -1045, -1948], [-2297, 143, -738], [2, 0, -1], [-1, 1, 0], [-1, 1, 0], [-2252, 932, 1317], [-1, 1, 0], [-1, 1, 0], [-1813, 1216, 642], [-1, 1, 0], [-1, 1, 0], [-202, 4425, -547], [-1, 1, 0], [-1244, -2022, -203], [-223, -2215, -2888], [-1, 1, 0], [-1, 1, 0], [-1, 1, 0], [-17, 3527, -2664], [-1, 1, 0], [982, -3172, 693], [-1, 1, 0], [-1, 1, 0], [-2606, 49, 791], [-1, 1, 0], [-1, 1, 0], [1514, -3038, 1443], [-1, 1, 0], [-3686, -2397, 961], [869, -3797, -1242], [-1, 1, 0], [-1, 1, 0], [-2633, -139, 630], [-1, 1, 0], [-1, 1, 0], [-1, 1, 0], [-1, 1, 0], [-1, 1, 0], [-1, 1, 0], [-1, 1, 0], [-1, 1, 0], [-818, -199, -2355], [-1, 1, 0], [-1, 1, 0], [-2, 0, 1], [-1, 1, 0], [-1, 1, 0], [1615, -1738, -888], [-1, 1, 0], [18, 2202, 2919], [-1, 1, 0], [-1, 1, 0], [-995, -1330, 1842], [-1, 1, 0], [1174, -953, 353], [-1, 1, 0], [-1, 1, 0], [-1, 1, 0], [-2553, 3759, -72], [-1154, -1046, -1573], [-2929, 2170, 672], [-1, 1, 0], [-1, 1, 0], [2318, -1261, -365], [-1, 1, 0], [-1439, 1238, -798], [-1, 1, 0], [-1, 1, 0], [-1, 1, 0], [442, 411, 2443], [-4539, 455, 2270], [-2474, 322, -97], [-1, 1, 0], [-1, 1, 0], [-1, 1, 0], [-1, 1, 0], [866, -1356, -727], [-1, 1, 0], [-1, 1, 0], [-1, 1, 0], [-1, 1, 0], [-1, 1, 0], [-1, 1, 0], [-1, 1, 0], [-178, -174, -2617], [-1, 1, 0], [1938, -1930, 269], [-2910, -443, 805], [-1, 1, 0], [-1717, -1205, 1848], [-1069, 62, -3032], [-1, 1, 0], [-756, 442, -3005], [-1, 1, 0], [-1, 1, 0], [-1, 1, 0], [-1709, -2120, -286], [-1, 1, 0], [-3236, -3022, 171], [-1, 1, 0], [-1, 1, 0], [-1, 1, 0], [-1, 1, 0], [-1, 1, 0], [-936, 365, -625], [-1, 1, 0], [-1, 1, 0], [-1, 1, 0], [-1, 1, 0], [-1, 1, 0], [-558, 1208, 263], [-1722, -1844, -2969], [-1, 1, 0], [-1, 1, 0], [-1, 1, 0], [-1, 1, 0], [-2588, -2145, 2137], [-1, 1, 0], [-1547, 269, 450], [753, -209, -1028], [-1, 1, 0], [-1, 1, 0], [-1, 1, 0], [-1, 1, 0], [-1, 1, 0], [3016, -2182, -2607], [-1, 1, 0], [-1, 1, 0], [-1922, -1475, -2743], [-1, 1, 0], [-1, 1, 0], [-1, 1, 0], [1, -1, 0], [-1, 1, 0], [-1, 1, 0], [-1529, -1058, -820], [-2, 0, 1], [-1, 1, 0], [-1, 1, 0], [-1, 1, 0], [-1, 1, 0], [-1, 1, 0], [2541, 1947, 120], [-1, 1, 0], [-1, 1, 0], [-1, 1, 0], [2393, -9, 1748], [-1, 1, 0], [-1, 1, 0], [-1, 1, 0], [619, -1926, -926], [-1, 1, 0], [-1, 1, 0], [-1, 1, 0], [-749, 1149, -2708], [-1, 1, 0], [-1, 1, 0], [-1, 1, 0], [-1, 1, 0], [-1, 1, 0], [-1, 1, 0], [-1, 1, 0], [-1, 1, 0], [-122, -1365, 1363], [4097, -562, -140], [-1, 1, 0], [-1, 1, 0], [-2282, 367, -2209], [-1, 1, 0], [580, 2817, 1567], [-1, 1, 0], [1564, -256, -297], [-1, 1, 0], [-1, 1, 0], [-1, 1, 0], [-1, 1, 0], [-2, 0, 1], [-1, 1, 0], [-1, 1, 0], [-1295, -1257, -1460], [-1, 1, 0], [-467, -2245, 1698], [-1, 1, 0], [-1, 1, 0], [-1, 1, 0], [-1, 1, 0], [-1, 1, 0], [-1, 1, 0], [-1, 0, 2], [1, -1, 0], [-1, 1, 0], [0, 2, -1], [1, -1, 0], [-1, 1, 0], [-1806, -2141, -2051], [-1, 1, 0], [1, -1, 0], [360, -1803, 297], [-1, 1, 0], [-1514, -1871, -409], [-1, 1, 0], [-1, 1, 0], [-1, 1, 0], [-1, 1, 0], [-1919, 192, 2740], [-267, -535, 2594], [-1, 1, 0], [-1, 1, 0], [1, -1, 0], [-1, 1, 0], [-1, 1, 0], [-1, 1, 0], [-1, 1, 0], [-1, 1, 0], [-1, 1, 0], [-263, -2684, 590], [1, -1, 0], [-1, 1, 0], [-1, 1, 0], [-1, 0, 2], [-1, 1, 0], [-1, 1, 0], [2721, -2697, -132], [-1, 1, 0], [-1, 1, 0], [-1, 1, 0], [-1, 1, 0], [-2431, -444, 962], [-1051, -114, -3106], [3053, -1912, -896], [-2555, -1622, 2936], [1, -1, 0], [478, -352, -2463], [-1, 1, 0], [1842, -1201, -1837], [-1, 1, 0], [-1613, -287, 3890], [1, -1, 0], [-1, 1, 0], [-1, 1, 0], [-1427, 684, -554], [-1, 1, 0], [-1, 1, 0], [1674, 826, 1009], [-1, 1, 0], [-1, 1, 0], [-1, 1, 0], [1, -1, 0], [-1, 1, 0], [-1, 1, 0], [-1, 1, 0], [-1, 1, 0], [-1, 1, 0], [532, -3482, 2063], [-1, 1, 0], [-1, 1, 0], [-1, 1, 0], [-1, 1, 0], [782, 173, -3011], [-1, 1, 0], [-422, -2616, 1177], [-1, 1, 0], [-2908, -438, 323], [-721, -2778, 1094], [-2974, -2263, 889], [-1, 1, 0], [-1, 1, 0], [-1, 1, 0], [-1, 1, 0], [-1, 1, 0], [-1, 1, 0], [-2617, -196, 268], [1798, -1351, -435], [-1, 1, 0], [-1693, -2434, -1052], [-1, 1, 0], [1, -1, 0], [1322, -1109, 1119], [-1, 1, 0], [-1, 1, 0], [-1, 1, 0], [1054, -69, -3083], [-1, 1, 0], [-1, 1, 0], [-1, 1, 0], [855, -1434, -2586], [-1, 1, 0], [-1, 1, 0], [-1720, 1756, -1089], [-1, 1, 0], [8, 2681, -1691], [-1, 1, 0], [-1, 1, 0], [-1, 1, 0], [-1, 1, 0], [-1, 1, 0], [2285, -249, -2890], [-1, 1, 0], [-1, 1, 0], [-1, 1, 0], [-1, 1, 0], [-1, 1, 0], [-1, 1, 0], [-1, 1, 0], [-1, 1, 0], [-1, 1, 0], [-1, 1, 0], [-1, 1, 0], [-1, 1, 0], [1606, -1009, 855], [-1, 1, 0], [-1400, 1025, -981], [-1, 1, 0], [-1, 1, 0], [-1, 1, 0], [-1, 1, 0], [1, -1, 0], [-3012, 2922, 1623], [-1, 1, 0], [-1, 1, 0], [-1, 1, 0], [-1, 1, 0], [-1033, 401, -2042], [1986, 942, -1845], [-1, 1, 0], [1, 0, -2], [-1, 1, 0], [-1, 1, 0], [-1, 1, 0], [-1, 1, 0], [-1549, -2052, 1298], [-1, 1, 0], [-1, 1, 0], [-1, 1, 0], [-2242, -184, 649], [-1, 1, 0], [-1, 1, 0], [-1, 1, 0], [-1, 1, 0], [-1, 1, 0], [-1012, -2545, 1429], [725, -3918, 2246], [1, -1, 0], [-1, 1, 0], [-1, 1, 0], [-2376, 2507, 581], [-1, 1, 0], [-1, 1, 0], [-1, 1, 0], [-1, 1, 0], [-1, 1, 0], [2138, 318, 53], [-1, 1, 0], [-1, 1, 0], [-1, 1, 0], [-1, 1, 0], [-2156, -945, 1723], [375, 3021, -1476], [730, 313, -2269], [-1229, 1463, -1254], [-1, 1, 0], [-1, 1, 0], [-1, 1, 0], [-1387, -158, -1638], [-1, 1, 0], [-1, 1, 0], [-1, 1, 0], [-1, 1, 0], [405, 3008, -1060], [-900, -484, -2245], [-1, 1, 0], [-1, 1, 0], [-1091, -2769, -1430], [-1, 1, 0], [-1, 1, 0], [-1, 1, 0], [-1, 1, 0], [-778, 442, -2247], [-697, -3214, 2146], [-1, 1, 0], [-1, 1, 0], [-1092, 1626, 873], [2100, 1913, 2099], [-704, -1263, -1823], [716, -1490, -1035], [229, -120, -620], [-1229, -3789, -230], [1922, 2532, -2119], [-1789, 2967, -112], [-1, 1, 0], [-1, 1, 0], [-670, -2094, -3097], [-1, 1, 0], [-1, 1, 0], [-1, 1, 0], [-658, -2328, -1573], [-1, 1, 0], [-1, 1, 0], [-1608, 253, 991], [-1, 1, 0], [-1, 1, 0], [-1, 1, 0], [-1, 1, 0], [-1, 1, 0], [-712, -3590, 2259], [-1, 1, 0], [-1, 1, 0], [-1, 1, 0], [-1, 1, 0], [0, 2, -1], [-2872, -2401, 751], [-1, 1, 0], [-1, 1, 0], [-1, 1, 0], [-1, 1, 0], [-1, 1, 0], [-1, 1, 0], [-1, 1, 0], [-1, 1, 0], [-1, 1, 0], [-1, 1, 0], [-1, 1, 0], [-1, 1, 0], [-1, 1, 0], [-2097, 59, 602], [1905, 2686, -3206], [-3011, -2755, 2004], [210, 1582, -2459], [-1, 1, 0], [-1, 1, 0], [-1, 1, 0], [-1, 1, 0], [-1, 1, 0], [-1, 1, 0], [-1, 1, 0], [-1, 1, 0], [-1, 1, 0], [-1, 1, 0], [1, -1, 0], [-1, 1, 0], [-577, 1297, -1458], [-2898, 399, -729], [-1, 1, 0], [-852, 3730, 1183], [-1, 1, 0], [-1, 1, 0], [-1701, -2344, -2158], [-1, 1, 0], [-1, 1, 0], [779, 1121, 4582], [988, -2489, -211], [-2040, 281, 2567], [-1, 1, 0], [-1, 1, 0], [-1, 1, 0], [-1, 1, 0], [-1, 1, 0], [-1, 1, 0], [-1, 1, 0], [-1, 1, 0], [-1966, 1147, -135], [-1250, -1874, -2623], [-1, 1, 0], [2416, -2584, 57], [-1, 1, 0], [-1, 1, 0], [-1902, -1447, 29], [-541, -708, -2302], [-1, 1, 0], [22, 550, -3715], [-1, 1, 0], [1775, -1691, 144], [-1, 1, 0], [-3231, 53, 314], [-1, 1, 0], [-1, 1, 0], [-2946, 821, -2401], [-1, 1, 0], [-1, 1, 0], [998, 1441, 3843], [-1, 1, 0], [1772, 2807, -347], [-2, 0, 1], [-2427, -353, 820], [-1, 1, 0], [1301, -1175, -2286], [2, 0, -1], [-1341, -1842, -1014], [-1, 1, 0], [-1728, 1010, -1765], [2285, 1673, -686], [-1, 1, 0], [-1235, -3192, -1658], [-1, 1, 0], [-1, 1, 0], [-2, 0, 1], [-1, 1, 0], [-1, 1, 0], [-1, 1, 0], [-1, 1, 0], [1334, -952, -1379], [-1, 1, 0], [-1111, 2685, -316], [-1, 1, 0], [337, -2046, -3176], [-1, 1, 0], [-1, 1, 0], [-1, 1, 0], [-792, 1090, -1385], [-3031, 251, -4310], [-1, 1, 0], [58, -1937, -3637], [-1, 1, 0], [-1076, -1440, -887], [2230, 713, -1143], [-1, 1, 0], [-1, 1, 0], [-155, -2907, 1036], [114, -2762, 919], [3267, -2654, -1340], [2456, 884, -1967], [-1, 1, 0], [-1, 1, 0], [-1, 1, 0], [-1, 1, 0], [-1, 1, 0], [-1, 1, 0], [1, -1, 0], [-1, 1, 0], [-1965, 624, 108], [-1, 1, 0], [-1, 1, 0], [-1, 1, 0], [-1, 1, 0], [-1, 1, 0], [-350, 139, 2711], [-1, 1, 0], [-1, 1, 0], [-1, 1, 0], [1, -1, 0], [-1, 1, 0], [732, 347, -1981], [213, -2404, -868], [-1, 1, 0], [3198, -3307, -601], [-1, 1, 0], [1743, 3577, 208], [-1, 1, 0], [-1, 1, 0], [-1, 1, 0], [1, 0, -2], [-1, 1, 0], [-1, 1, 0], [-1, 1, 0], [1119, 1917, 492], [-757, -1569, 2438], [-1, 1, 0], [-1, 1, 0], [-3788, 513, -1583], [-1, 1, 0], [-1, 1, 0], [-1, 1, 0], [213, -2650, 944]]

exec_time (ms): 598655.2298069 ms
exec_time: 9m 58s 655.2298069000244ms