N: 33
n: 6
number_of_primes (d): 3
exp_register_width (qd): 5
primes: [2, 5, 7]

R: 11287
T: 3
t: 16
delta: 0.00010850933564202967
delta_inv: 9216Percent of combinations (with positive values of result vector) that gives % N = 1: 81.8%
Percent of combinations (with positive values of result vector) that give p and q: 54.7%
Vectors that gives p and q: [[2496, -2153, -1022], [2924, -433, -106], [-830, 1221, -3252], [1533, -2456, -2397], [-1914, 1270, 187], [-1987, 2454, 473], [-503, 678, -1747], [-1244, 866, 95], [-1275, -3806, 3497], [-1736, -460, -597], [-557, -2116, 1833], [-2957, -1352, -2875], [-2290, -509, -2132], [-1844, 1022, -277], [-2502, -867, 990], [-1633, 115, 194], [-2055, -2011, -728], [88, 1104, 2273], [2497, -912, -2037], [1985, 4782, -1229], [-218, -2674, 1057], [-1806, -1824, -319], [-196, -1487, 1462], [-2565, -2776, 507], [-1895, 26, -4087], [179, 2308, -2103], [-1801, -1236, -2175], [397, -1892, 1903], [-2405, 694, 567], [705, 2353, 1594], [331, 2891, -320], [-377, 766, -1201], [3040, 1790, 185], [1246, -847, -154], [-2836, -933, -2046], [-1949, 655, -1608], [407, -1267, -2572], [0, 1, -2], [1922, -1246, -1909], [-1141, 4282, -2681], [2124, -3154, -369], [-1269, -437, -1934], [-1676, 27, 3064], [-2809, 1264, -1351], [0, 1, -2], [1725, -3477, 1504], [2510, -1567, -676], [110, 2104, -2553], [718, -1886, -407], [-1184, -4994, -695], [-2688, 1675, 1614], [-1310, 2589, 2372], [743, -1136, -527], [758, -3108, -1723], [146, 1345, -2568], [-3040, -208, 311], [-2101, -2522, 2167], [-1189, 1277, -2402], [-503, 491, -838], [-2979, 1284, -761], [610, 27, -2244], [-2237, -1544, 309], [-2115, -851, 292], [1892, 2869, -434], [-2051, -1742, -1753], [-1130, 2414, -2833], [-2018, 1366, -1363], [-460, -3036, 1137], [1972, -2173, -1400], [-1040, 1250, -3295], [1059, -561, -2530], [-1672, 1696, 929], [716, -1414, -2385], [4097, 1141, -858], [2547, 765, -1736], [-1482, 1548, -565], [-49, -2327, 686], [2590, -2939, 18], [-2170, 630, 2225], [-1867, -1850, 1671], [2805, 109, 1262], [-1744, 1993, -1444], [363, -3010, 1201], [-1455, 1564, -3293], [2580, -557, -536], [-1724, -1814, -725], [3441, -21, 994], [-1932, 2500, -1349], [-2490, 116, 443], [1819, 91, 1516], [1945, -137, 1224], [-2315, 852, 4691], [-2717, 448, 855], [-1359, 1152, -3017], [0, -1, 2], [-121, -3287, 692], [261, -3052, -2719], [-516, -2, -4103], [2920, -2658, 41], [-2263, 1705, -406], [241, -2296, -1491], [-4676, 694, 915], [-1755, 2522, -3249], [-10, 124, -2513], [47, -1563, 500], [294, 942, -1401], [1076, -2794, -245], [4173, 22, 7], [230, -491, -1908], [-1287, 1006, -1101], [-2502, 1697, -2378], [-2205, 136, -337], [-556, 1449, -2240], [-1552, -1753, -428], [-941, 2986, -3019], [2360, 1540, -2405], [-1618, -3093, -640], [-112, -2128, 717], [-1271, -749, 2636], [4155, -356, 1947], [2100, 135, 1960], [379, -703, -2646], [-1460, 1721, 2958], [-3393, 1371, -898], [-1170, 678, -2271], [752, -4149, -668], [-2302, -1233, 2162], [-2298, -2370, -761], [2987, -1423, 50], [-836, -1296, -1335], [-727, -3201, -1342], [2128, -3519, -316], [-2988, -414, -973], [1560, -4003, 666], [-2263, -1603, 1820], [513, -2520, -1789], [3049, 3, 1082], [-2293, 3759, -4084], [0, -1, 2], [664, -3088, 1019], [-4394, -2407, 896], [636, -1891, 1084], [3170, -1255, -1000], [-1280, -144, 3173], [711, 771, -1720], [-1640, 2779, -1588], [-2065, -1938, 3611], [1763, -2079, 1584], [645, -1802, -2571], [1591, 2238, 541], [881, -1631, 124], [-1173, -1076, -1599], [-161, -2298, 129], [1720, -4229, 1388], [-985, -1866, 2747], [-3581, -733, -2686], [62, 984, -2959], [-3461, 58, -903], [2152, 1617, 2080], [1338, 1133, 760], [-753, 3090, 529], [-776, -3251, -2610], [27, -3434, 2457], [1845, 3011, 428], [2926, 2190, -533], [108, -961, -2802], [789, -1756, -2175], [-1373, 990, -1001], [141, -455, -2208], [-2323, -81, 556], [-1569, 1137, -2202], [-278, 1318, -1837], [-3379, -64, 1685], [95, -3306, -3343], [-227, -2375, 406], [651, -1639, -350], [439, 1174, 3835], [-1985, 2197, -1564], [-954, 3076, -3125], [-850, -568, 2451], [930, -2717, 2954], [-2036, -3953, -2206], [-1229, 178, 1011], [-2179, 738, 501], [-1581, 1827, -1046], [-2224, -2024, -995], [690, 284, 2327], [-1515, 1477, -1804], [848, 166, -2401], [114, 823, -1988], [-3598, -866, 1851], [-3447, -2367, 2730], [393, -560, -3139], [119, -2679, 1046], [344, 1099, 1690], [850, -264, -2787], [-1864, 1239, -756], [1116, -1945, 1992], [286, 265, -2508], [2521, -508, -137], [-2298, 603, 118], [-2572, -377, 2930], [-1114, -3237, -1424], [-763, 1373, -1162], [0, 1, -2], [-1559, 1831, -4760], [-496, -1924, -959], [700, -3198, 511], [-1074, -918, -2117], [-2239, 2310, 477], [2107, 2971, -428], [-1946, 1194, 545], [2930, -1209, 1238], [-1228, -661, 3466], [-2297, 995, 436], [119, 453, -1508], [403, 836, -2931], [0, 1, -2], [189, -1693, 454], [2996, 824, -4031], [-1435, 1362, -2419], [-3703, 1022, 565], [667, -3650, -971], [-1097, -624, -2191], [-22, 2386, -231], [320, -1939, 498], [-459, 869, -2536], [658, 3271, 2644], [-1720, -3093, -2054], [2716, -1060, 27], [4535, 214, -1333], [-1832, -2537, -700], [-2980, -32, 2839], [-542, -1894, 1039], [-220, 170, 2925], [-2408, -3443, 630], [2270, -769, -802], [-1772, 1421, 374], [1610, -151, -1888], [-1531, 991, -2174], [-2434, 1035, -538], [-112, -2856, 493], [814, -2522, -263], [-3225, 578, -2911], [0, -1, 2], [2, 0, -1], [-2648, 669, 6], [1165, -458, -2749], [921, -658, -2727], [-1227, 1184, -2127], [-112, 1265, -1604], [-2211, -192, 467], [-2008, 899, 2286], [300, -3397, 714], [-2725, -746, -863], [-1186, 2302, -3091], [-142, -1847, 4170], [2251, -2967, -1474], [37, -4339, -278], [464, 249, -1890], [-2107, 1046, -1471], [-1549, -2138, -1987], [-2457, 1162, -1363], [-2155, 545, -1260], [-684, 1261, -3770], [203, 63, -2990], [2701, -2832, -1429], [-2270, 563, -906], [-3042, -1577, -530], [-327, 594, -817], [817, -2536, -1529], [852, -4681, 1016], [560, -29, -2182], [-1354, 1185, -428], [1892, -3722, -3477], [314, 1856, -1449], [-4236, -778, -291], [-2130, 728, -771], [-927, 1060, -2619], [0, 1, -2], [-2782, 23, 720], [-586, -2861, -990], [2280, -1854, -227], [-33, 2980, -591], [-2781, 297, -46], [-1818, -2681, -1384], [-1301, 767, 264], [-950, -2251, -1578], [2374, 16, -79], [1765, 2256, 873], [-1483, -4542, -1547], [-1970, 4526, -187], [2302, -961, 796], [1486, -1282, -759], [45, -2193, 1336], [-1602, -1462, 2315], [10, -2707, 1394], [-410, 1191, -2322], [-1059, 633, -2414], [-3095, 992, 571], [212, -4224, -3363], [-3955, 2295, -260], [-1517, -1685, 1456], [-1037, -1714, 3019], [596, -2378, -27], [1164, -1678, -3111], [627, -2360, 109], [1249, 1015, -2852], [-2096, 1024, -1415], [531, -1572, 951], [34, 1610, 1333], [-3166, 518, 327], [-1133, -3306, -3379], [-636, -1650, -1817], [2655, -2694, -107], [948, -3608, -1793], [-1110, -907, -1926], [2662, 420, -1911], [-1721, 2515, -1862], [488, -2106, 153], [0, 1, -2], [0, 1, -2], [-363, -345, 2424], [-3900, -4, -2867], [-1281, -2734, -19], [253, -2305, 176], [-3908, 344, -829], [1078, -887, -2880], [-1199, -694, -1725], [-3559, -2069, -2640], [-1637, -262, -975], [54, -2358, 1579], [-363, -438, 2455], [-2503, -449, 112], [-2375, -3028, -2519], [1369, -1800, -2907], [-2289, -3802, -2709], [1476, -354, 1825], [0, -1, 2], [1551, -1614, -675], [0, 1, -2], [0, 1, -2], [-2779, -842, -1449], [-1672, 1112, 417], [-1734, 1604, -221], [2058, -1382, 1635], [251, 680, -2263], [-276, 751, -1794], [318, -551, -3072], [1936, -1935, 722], [-922, -2368, 1797], [-1863, 347, 780], [1701, -2096, 2189], [0, -1, 2], [-2452, -7, 1140], [724, 235, -2532], [0, 1, -2], [357, 644, -2579], [699, 288, -1603], [-1667, 1717, 3732], [2131, -731, -2046], [1246, -1141, -1796], [-2134, 1684, -71], [-1825, 1373, 684], [1664, -2335, 2448], [1180, -3431, -1518], [-2191, 250, 323], [355, -2366, -313], [-1017, -1326, 2323], [-1414, -3125, 72], [-1254, 0, -2323], [-1809, -58, 2203], [-3440, -1384, 633], [438, -4145, -884], [-2009, -1334, 2325], [630, -681, 942], [-4370, -169, 1598], [-3861, -456, -365], [-948, -1670, -2231], [0, -1, 2], [0, -1, 2], [-3256, 180, 993], [-1287, 833, -1830], [-1844, -129, -2610], [-2255, -168, 771], [1002, -473, 2710], [-3036, 1827, -236], [1925, -481, -1998], [-209, -133, 2328], [27, 1646, -633], [-1103, -924, -2983], [812, -3427, 2698], [116, 2967, 1798], [-3900, 237, -754], [603, 172, -1253], [293, -2958, -3673], [113, -2691, 1528], [-924, -2270, 3487], [-3169, -575, -1138], [518, -2885, -704], [2986, 2424, -981], [-2734, 111, 3360], [2775, -275, -2090], [-25, 652, -2509], [408, 2237, -1638], [-1898, 1660, 119], [-1489, 1010, 357], [-2100, 702, -309], [-2141, 1024, -55], [-2506, 1265, 628], [-2243, 1025, 2284], [3173, -2763, -8], [1508, 772, -3413], [1975, 2101, -242], [-1168, 714, -69], [-709, -2399, 2400], [-1760, 469, -1898], [-199, -2573, 988], [-3198, -2450, -221], [-1535, -906, -1513], [2516, -1299, -5400], [875, -1635, -790], [419, 771, -2154], [2041, 336, 885], [827, 1828, -2627], [-127, 600, -3919], [-1550, 478, -1931], [-2377, 458, -1955], [-1121, 423, -2418], [266, -72, -2439], [527, -1806, -1589], [231, 2, -2897], [-1, 2, -1], [1412, -1725, -2226], [-2697, 376, 679], [-703, 1591, -1108], [-1462, -72, 925], [2834, -2116, -2335], [-797, -1214, -1131], [-2274, -3595, -838], [113, -2211, 848], [618, -2524, 1049], [318, -2290, -109], [554, -319, -2774], [1433, -540, -1089], [-1107, 98, 2075], [-1373, -1110, -1521], [-2366, 1549, 1470], [-1888, -478, 1845], [-326, 865, -1272], [-770, -1484, 2073], [-2322, 521, 534], [232, -2423, -290], [-2500, -875, 630], [-1411, -414, 961], [-2213, 327, 1280], [704, 25, -2572], [-1403, 1560, 259], [1482, -2304, 1997], [-1783, 428, -1787], [817, -2963, -700], [-2586, 675, -202], [-3939, 414, -1371], [361, -1449, 440], [2606, 3051, -1260], [0, 1, -2], [-794, -206, 1409], [1019, -1582, -1783], [-2147, -406, 523], [-808, 1710, 609], [3946, -603, 2418], [-1347, 153, -1500], [-1512, 420, -2769], [0, -1, 2], [-1720, -269, 618], [-2562, -3286, 1773], [-1355, 1906, -817], [-2967, 1469, -12], [-2154, 503, 256], [-1335, 355, -2360], [1763, -1052, -2155], [-2218, -773, 360], [-157, 178, 2445], [1141, -285, -2208], [1943, -1574, 1119], [-642, 1142, 1297], [-1537, -3449, 584], [-96, 3136, -599], [-2461, -723, -1676], [2455, 56, -2667], [-2292, 551, 414], [-696, 1853, 2092], [2802, -1651, 346], [1426, 105, -3448], [2384, -2153, -2516], [587, -1844, -2943], [-180, 679, -2428], [-2209, 1795, 82], [-747, 728, -735], [-2099, 626, 495], [319, -2655, 3288], [0, -1, 2], [-2553, 1324, -1949], [-3083, 516, -2493], [-48, -2657, -3522], [-3076, 781, 466], [-2035, 210, 795], [503, -2241, 408], [-2922, -1293, -1658], [-3984, -1290, 1017], [779, 1557, 4754], [-3133, -2303, 1550], [804, 3935, -2342], [877, -1841, 276], [-189, 3340, 3117], [-96, 1014, -2605], [-3948, -262, -587], [-333, -2583, -250], [-1691, -3728, -191], [-3702, -2216, 2483], [466, 912, -1527], [-2, 0, 1], [854, -268, -2211], [-3333, -1543, 300], [291, 2537, -2452], [154, 913, -2198], [-76, 1298, -1833], [1680, -298, -2849], [401, 546, -2255], [-1011, 1440, -997], [-1740, -3117, 1564], [-2769, 808, 1611], [1721, -1586, -101], [2526, -627, 1386], [88, 467, -4138], [272, -3542, -1237], [45, 150, -1285], [1224, -2132, -2663], [1681, -1218, 1073], [-176, -364, 3501], [1589, -968, -1691], [-3, -1927, 758], [-3152, -2901, -2602], [-470, -3063, -1444], [1321, 2057, 1578], [588, 153, -2720], [349, -1748, 1539]]

exec_time (ms): 590785.6407165527 ms
exec_time: 9m 50s 785.6407165527344ms