N: 39
n: 6
number_of_primes (d): 3
exp_register_width (qd): 5
primes: [2, 5, 7]

R: 11287
T: 3
t: 16
delta: 0.00010850933564202967
delta_inv: 9216Percent of combinations (with positive values of result vector) that gives % N = 1: 72.2%
Percent of combinations (with positive values of result vector) that give p and q: 44.1%
Vectors that gives p and q: [[-1408, -2149, -589], [352, 2057, 1069], [1429, 53, 3784], [-1383, -1041, -1734], [447, 2518, -2391], [-334, 561, -2605], [909, -2536, -135], [-381, -2863, -2682], [-2927, 610, 739], [2647, 727, -824], [2175, 526, -1311], [747, 2941, -426], [-1773, 1627, -2256], [718, -1013, 1465], [-1637, -492, -3209], [-616, -1000, -3874], [270, -2703, -165], [-1479, -1245, 594], [865, -1544, 1717], [-1482, 1192, -660], [-4771, 756, 17], [2993, -1477, -94], [-643, -789, 2942], [-2648, 804, -710], [1211, -628, -2233], [857, 1942, 3323], [3933, 1847, -2226], [878, -1873, 29], [2077, -1889, -1718], [-3112, -325, -1705], [-1986, -1837, 2637], [-2425, -157, 824], [-1300, -2818, -844], [821, 50, -1693], [-1586, 1893, 3607], [-3083, -1216, -215], [-3929, 1356, -2225], [-1934, -354, 1378], [514, -591, -2633], [-87, -3579, 660], [4097, -1938, 539], [-2813, 1618, 1993], [-594, 2684, 780], [-1035, -2099, 1524], [1268, 2770, -424], [-2583, 184, 429], [1662, 661, -777], [758, -2973, 677], [2943, -2746, 801], [1147, -2102, -347], [-630, -3081, 633], [-1568, 781, -35], [-1094, 880, -1040], [-1344, -1207, -3651], [-2253, 366, -1119], [-2550, -357, 753], [-2830, 953, 491], [1899, 3131, -1620], [1392, 1520, -3666], [706, -306, -1046], [-2945, 1453, -1814], [872, -2536, -70], [-2581, 1814, -475], [3811, 1163, -1316], [2286, -880, -2808], [-1320, 2848, 1914], [-2954, 886, 2914], [-2463, 31, 666], [-458, -3762, -746], [-2714, 672, -2600], [738, -655, -3261], [-2864, -1049, 919], [897, -1991, 1332], [242, 746, -3082], [2634, 645, -2841], [-1489, -1358, -919], [-1102, -868, 1352], [-1686, 358, -1350], [-2382, -391, -1629], [1323, 488, -825], [-218, -1943, 2623], [-622, 500, 2660], [-222, -3857, -423], [557, 698, -1573], [-3676, 429, 545], [-2493, -1884, 219], [-93, 1604, -1329], [-536, 1646, 1948], [-2654, 733, -833], [-1327, 3107, 2066], [-2642, 1484, 568], [-596, -300, 2650], [2214, 140, -2856], [-1524, 256, 474], [703, -284, -1481], [860, -2756, 770], [186, 277, -2073], [-1537, 2318, -199], [-2105, 1686, 85], [-1056, 2801, 441], [1494, -1749, 2553], [-766, -3263, 1163], [-190, -1431, -1777], [2425, 333, -3212], [-478, 2596, -496], [3014, -1413, -1963], [-572, 234, 4504], [-1336, -627, 2885], [157, -1913, 514], [759, -733, -3252], [-383, -1966, -1661], [2398, 1541, -593], [116, 1035, -2005], [1123, -1014, -887], [-3698, -1180, -788], [-2002, 1055, -1699], [1197, 1231, 1122], [795, -1578, 1209], [2172, 174, 768], [1876, 252, 2446], [-1231, 2093, -2752], [-988, -1505, -1141], [-2030, 193, -1673], [1821, -2600, -603], [-1846, 270, 722], [-74, 3368, -1472], [1986, 1226, -1398], [171, 105, -3138], [359, 627, -1552], [-483, 659, 1458], [2505, -419, 3000], [-602, 1372, 1708], [-1508, -2561, 1447], [623, -1260, 3035], [-2658, 1447, -471], [-566, -2922, 1270], [1670, -1231, -637], [-3056, -1941, -1649], [-4387, -986, -157], [-2446, -2608, 464], [-2754, -177, 681], [-1559, -376, 925], [-3033, 729, 126], [-1336, -457, -1717], [-509, 1859, 1468], [-2304, -3839, -687], [-1342, 2243, -1831], [1263, -1916, -165], [-2839, 356, -2227], [84, -2098, -480], [2926, -304, -908], [-2399, -2309, 298], [-1107, -5181, -1542], [617, -2546, -793], [-1325, -1240, 1831], [-1186, -103, 2027], [-878, -558, 2314], [-155, 189, -2372], [-506, 1806, -3302], [-290, -2020, -980], [-876, 2292, 558], [257, -1798, 731], [-2592, 905, -2031], [-4450, 158, 554], [-927, -2743, 228], [848, -93, -3841], [184, -2404, 2122], [2404, -2196, -14], [-1936, -680, 350], [-2508, -2429, 1131], [-2704, 84, -2386], [997, -1571, 592], [-3179, -3502, -473], [3367, -786, -515], [-1427, -579, -1772], [-155, -3443, 244], [-2939, 2125, -728], [555, -2448, -405], [-458, -2655, -1085], [355, -926, -227], [384, -1157, -2121], [2680, -446, -1532], [302, 686, -2650], [1442, -1753, -523], [-1949, -990, 2773], [-304, 944, -2266], [-2051, -2249, -3314], [1048, 32, 3970], [958, -1466, -1922], [268, -3674, 892], [1677, -2510, -2493], [1595, 2390, -379], [-751, -1270, 1643], [-1842, -1074, -342], [650, -1807, 1967], [4564, 102, -596], [-926, -1940, 664], [-2132, -369, 1891], [-2801, 639, 148], [532, 3878, -1364], [-1540, -882, 1448], [1516, -3111, -1439], [-874, -884, 812], [2413, -1628, -707], [1953, -3911, -1428], [-247, 3134, -277], [754, -1847, 343], [945, 200, -2943], [942, 2694, -2514], [994, -1838, -2], [-648, 1671, -2721], [-2430, 716, 1956], [1023, 145, 2202], [600, -1682, 708], [-163, -3109, 1610], [1335, 1947, -672], [1901, -2575, -688], [1270, -1015, -2105], [2243, 238, 3197], [2918, 1006, -2782], [332, -1060, 2246], [-4330, 2096, -784], [491, -774, -2383], [3186, 1791, -135], [-2289, -286, 573], [-711, -1307, -1320], [316, -2581, -2765], [1820, -4109, -1837], [-4224, -1132, 1710], [1789, 646, -1193], [-264, 1609, -3111], [3220, 2515, -545], [-2050, -1039, -2257], [-1824, -2615, 357], [12, -2206, 144], [825, -2749, 954], [-1379, -3370, 811], [3356, -300, -538], [-2090, -127, 547], [1823, -329, 908], [1009, -646, -2801], [856, 2383, 3451], [2250, -524, 1824], [-2870, -1610, 1006], [-117, -2640, 771], [412, -2710, -2312], [193, -1098, 1939], [-1412, -366, -1460], [-1607, -474, 895], [3957, 104, -243], [2372, -1765, -1849], [1822, -3306, -2762], [-2936, 262, 124], [-3599, -1651, -2192], [-1427, -1685, -2594], [2898, -1357, -1563], [-2415, -939, -1752], [-117, -2039, -978], [257, 1859, 4346], [-2757, 951, -408], [741, 3, -1638], [-1019, -1269, 1942], [1196, 1959, 1199], [-1442, -2804, 3028], [4587, 299, -432], [-1415, -1622, -1577], [-3277, -1695, 722], [1106, -2050, 74], [-3333, -264, 1395], [1194, -1621, -1575], [-2879, -1682, -185], [-2951, 1905, 424], [-477, -3266, -1743], [-1816, -1084, 2378], [-2105, -219, 598], [4269, -115, -1008], [547, 1095, -2984], [-665, -1995, -2918], [-1745, -3684, -785], [-3924, -3473, -225], [2252, -1216, -1990], [-3988, -1344, 74], [-2051, -2618, 835], [19, -4052, -1073], [1593, 795, -1782], [482, -927, -121], [-3139, 1258, 95], [-2611, -2923, 968], [-2727, 35, 738], [-1881, 10, -4155], [-1575, -3636, -3807], [-1768, -1609, -1501], [692, -1581, 431], [8, -2441, 719], [2779, 67, 1576], [1545, 1814, -45], [1122, 457, -1761], [-651, -215, -2124], [-2644, 515, 215], [-234, -1589, 3105], [-924, -1418, 2052], [29, -2688, 1109], [-922, -1564, -1960], [-776, -2550, 400], [2928, -3079, 885], [-2250, 517, 147], [1670, -1806, 338], [-2214, 1617, 471], [1394, -940, -2428], [-1862, -267, -401], [-200, -4328, -1898], [777, 393, -2856], [2381, 930, -1345], [762, 27, -2307], [-409, 1396, -3217], [-1123, -2702, 683], [-945, 1138, -2391], [-1079, -1902, -1553], [1500, -2082, 192], [-3841, 3074, 2261], [733, -2209, -1034], [-2975, 271, 2158], [1017, 1112, 3669], [3323, -348, 3755], [120, 869, -2703], [-1088, 1407, 1339], [-881, 1043, -1532], [-2495, 20, 1945], [657, 2308, 117], [-1403, -599, -2672], [-2151, -3864, 33], [957, 1225, -1968], [-725, -1762, 1429], [321, -1344, 789], [-122, -2163, -1169], [-1059, -2909, 1410], [1156, -1581, -1625], [854, 572, -1108], [781, -2284, 2833], [-1644, -54, -1368], [-1032, 2117, 3297], [-1638, 261, 903], [1221, 262, -2409], [-1953, 1833, -690], [1103, -496, -2749], [-510, 224, -2424], [-2945, 1230, -743], [245, 749, -2596], [949, -1051, 2020], [-2979, 954, -609], [151, 2633, 3310], [1619, 634, -3307], [-3695, 300, 2749], [-2831, -69, 622], [-434, 848, -1856], [-1851, 802, 243], [227, -1249, -2152], [-261, -1313, -4104], [245, 837, -2272], [779, -2343, -1786], [164, 2723, -1621], [-2884, -918, -3976], [-762, -695, 2403], [1123, -1869, 76], [-3687, -1592, 381], [-862, -1251, -2641], [-2403, 1626, -1977], [-587, 969, -2564], [-2935, 539, -190], [-1686, 2264, 4416], [-3067, -2784, -1135], [756, -2143, -1395], [-211, -1263, -1552], [421, -1176, 2557], [2454, 68, -12], [-1396, -1261, -337], [-2330, -1190, 2098], [605, 883, -3454], [1120, -432, -1550], [-1670, -923, 3031], [-2448, -23, 573], [23, 3754, 1517], [-3997, 15, -352], [-995, 1457, 2944], [1623, 2871, -1764], [-897, 1277, 1446], [2920, -2554, 1024], [-2366, 214, 958], [-2193, 79, -1512], [2222, 89, 2147], [-1631, 1677, -656], [-2030, -280, -380], [-1286, -1336, -2708], [2665, -548, -251], [-122, 267, -2291], [-2742, -1572, -384], [1765, -1136, -503], [1110, -319, -2997], [2895, -1732, 2343], [71, -1687, 1022], [1106, 83, -1723], [-2344, 543, 215], [-926, -1497, -1571], [-275, 1932, -2831], [2833, -11, -2708], [-2698, 917, -553], [1702, -1324, -476], [-2097, -192, 339], [3034, -1398, -2234], [-341, -4099, -530], [-1459, 1585, -2188], [1658, -29, -3283], [1533, -978, -2901], [-344, -2194, 832], [-2040, -1797, 939], [-2482, -66, 602], [-1890, -661, 969], [1152, -2424, -1962], [1890, -1754, -1470], [3167, -226, -727], [2198, 131, -151], [-1733, 2128, 1063], [640, 2135, -869], [616, 2717, -1283], [-70, -1524, 932], [2461, 3410, 1063], [-2643, -3154, 483], [-927, -1895, 1488], [1033, -1387, 2392], [-449, -409, -4244], [-2219, 73, -3272], [-873, -2164, 87], [1815, 1785, 3354], [-2331, -2684, 801], [2479, -639, 2986], [903, -2929, -456], [854, -568, -1732], [-2699, -619, 1408], [43, 2837, -1874], [2601, -364, -483], [-139, -3129, -2578]]

exec_time (ms): 603452.1925449371 ms
exec_time: 10m 3s 452.1925449371338ms