N: 51
n: 6
number_of_primes (d): 3
exp_register_width (qd): 5
primes: [2, 5, 7]

R: 11287
T: 3
t: 16
delta: 0.00010850933564202967
delta_inv: 9216Percent of combinations (with positive values of result vector) that gives % N = 1: 63.1%
Percent of combinations (with positive values of result vector) that give p and q: 36.6%
Vectors that gives p and q: [[-1160, 1451, 1083], [-1, -1, 1], [239, 1918, 1768], [1579, -1233, -1079], [896, 648, -2880], [-3088, 44, -316], [576, 2110, -842], [-2747, 492, 138], [1880, -1849, -3225], [-2249, 1693, 927], [-2510, 686, -2030], [-2080, -662, -702], [-370, 938, 1718], [-1619, -526, -2032], [-714, 1429, -2919], [-2737, -725, 1293], [-2210, -1224, 772], [-688, -2184, 672], [2575, -131, 47], [-2020, 2411, -2317], [-1484, -1507, -1707], [44, 5003, -301], [-1, -1, 1], [397, -1058, -4068], [-1678, -1215, -291], [-2821, 1775, 345], [912, -2784, -4152], [1314, 1275, -825], [492, 627, -3013], [1374, 1893, 1305], [-2611, 1330, -304], [-2858, 144, 524], [1419, -538, -2472], [174, -1442, 874], [1104, -2635, -203], [-2015, -2401, -803], [-2257, 2298, -300], [-2035, -243, 2595], [1818, -2274, 1538], [245, -3300, 714], [-167, -524, 2922], [959, 1104, 2618], [1027, 1988, -1386], [-1, -1, 1], [1, 1, -1], [-386, -2480, 2156], [-354, -1050, -4510], [-686, -2358, -2194], [19, 838, -1480], [-1783, -392, 654], [-14, 966, -1830], [-953, -3168, 74], [1197, -4915, -797], [-1, -1, 1], [-2512, -692, -1852], [-189, -3879, -2429], [329, -11, -4157], [-1233, -444, -3442], [-235, -2517, 545], [-823, -2183, -905], [1, 1, -1], [-130, -4090, 98], [-2368, -254, 2506], [-1, -1, 1], [-2873, 591, 1089], [426, 555, -1673], [1, 1, -1], [-1749, -40, -886], [1, 1, -1], [-431, -617, 2485], [-1334, 3164, -432], [-2542, 36, 8], [2806, -2573, 2951], [-1762, 1207, -389], [-1575, -139, -1949], [-1, -1, 1], [-2556, -1261, -949], [1939, -848, 1410], [-3916, -1074, 238], [521, -1766, -1952], [-249, -1398, -1372], [-2009, -3458, -104], [1363, 1002, 2908], [1, 1, -1], [350, 436, -2112], [-416, -1762, -602], [699, -1774, 436], [-2392, 2884, 108], [2680, -1372, -932], [-3357, -1197, -819], [1583, 2046, 1080], [-194, 431, -3053], [-3197, -3221, -1275], [-996, 1723, -2157], [3132, 519, 1679], [-2206, -259, 617], [-3908, -1844, -1892], [1732, 1581, 1909], [-2323, 824, -858], [-1859, -1017, -1571], [-71, 1918, -2332], [-2634, 538, -474], [-2763, -230, 440], [938, -1651, 569], [-2452, 1467, 1235], [1015, -67, -3409], [-2804, 2598, -106], [-1, -1, 1], [1555, -1965, 3229], [-2258, 2315, -1937], [-4662, 1261, 1497], [-117, 2686, -464], [773, -2354, -596], [1296, -799, -1711], [-2809, 856, -222], [967, 1969, 2211], [-1403, 776, 118], [-1814, 623, 635], [-634, -4634, 882], [-1176, -1730, 1094], [-2679, -159, 239], [-2825, -2562, -536], [2020, 775, -177], [-2613, 327, 1], [-509, -2481, 2169], [2363, 493, -697], [321, 3181, 1979], [352, 2354, 2362], [763, -389, -2779], [428, 1049, -1791], [1, 1, -1], [-1403, -1416, 2182], [-3736, 1604, -2132], [-3196, -1962, 1478], [-2912, -1758, -902], [1872, -2951, -2695], [3489, -962, -3676], [-2914, -1593, -53], [1567, -1077, -531], [537, -2112, 358], [1, 1, -1], [1754, -465, 2027], [-3730, -1421, 1623], [-1370, 28, 568], [2425, 513, 2671], [1180, -2953, 559], [-1919, -1360, -1450], [1304, 3404, -540], [271, -2514, 1160], [1771, -638, -1276], [-847, 871, -3163], [-1770, 857, 141], [-3025, 1040, 4698], [-2363, 1436, -982], [-546, 2709, -1191], [-1660, -335, -1031], [-1505, -3822, -1940], [1, 1, -1], [1, 1, -1], [-87, -2220, 442], [2302, 2734, 554], [-3652, -2205, -1909], [3419, -261, -699], [-3502, -2582, 1182], [435, -2776, 1178], [1, 1, -1], [2670, 2290, -354], [-554, -39, 1901], [1436, 2176, -304], [-900, -3561, -2753], [-878, 2858, 878], [-2698, 266, 1590], [1241, 2493, -341], [814, 109, -2895], [2067, -255, -917], [-2741, 899, 445], [2463, 453, 1991], [-1705, -1101, -2091], [1634, -2124, -2200], [-1513, 1132, -154], [3509, 2170, 2088], [3486, 2255, -1389], [-781, 3190, -840], [802, 1943, 3219], [3148, -2145, 2087], [925, -208, -2402], [-2492, -1680, -1248], [-2156, 1941, -243], [-1929, -1143, 523], [858, -2790, 94], [-994, 1920, -3252], [-595, -2708, 1610], [950, -836, -2040], [1529, -1537, 3197], [817, -2256, -26], [2126, -1074, -1078], [-2600, -3058, -1754], [1, 1, -1], [103, 595, -2075], [1, 1, -1], [1, 1, -1], [1162, -1451, -3007], [-2365, 1571, -3027], [-2021, -2255, -1749], [476, -2283, -835], [1351, -2964, 2998], [451, -3802, -3336], [1405, 509, -4669], [-191, -1908, -2718], [1, 1, -1], [480, 700, -1564], [88, -1421, 851], [-732, -2124, 2484], [-2265, -272, -342], [347, -2320, 130], [-2134, -1752, -1508], [-1785, -1785, 1737], [975, 1768, 146], [-2096, -551, 665], [-3289, -585, -2087], [-1680, 740, 380], [-954, 2890, -218], [-1002, 654, 4170], [-2343, 452, 2378], [-2433, 487, 41], [188, -2480, 48], [-1, -1, 1], [-1725, -977, -3351], [-171, -222, 1280], [-101, 4206, -992], [326, 1133, -1679], [-633, -1162, 1056], [-684, -1402, 1206], [-151, 2771, -1951], [-1842, -598, 550], [-14, -387, -3879], [-1644, -2039, -1279], [-1974, -320, 692], [-315, 720, -2978], [-3291, 990, -2308], [1007, -1641, 633], [1118, 336, 3724], [473, -2466, -76], [-2085, 430, -2560], [120, -2173, -349], [-1901, -2303, -885], [1449, -397, -2831], [-137, -4709, 365], [2103, 515, 1429], [1, 1, -1], [554, 778, -1618], [-406, -2414, 550], [1306, -1156, 1808], [-629, -2496, -4318], [214, -1802, 1042], [-2500, -169, 639], [-44, -553, 3023], [-1856, 630, 574], [942, -2400, 156], [1570, 3159, -2957], [-3408, -310, 578], [694, -2401, 227], [-583, -2787, -1605], [-1440, 14, -1402], [-3244, 605, 1493], [108, 150, -1082], [1, 1, -1], [1113, -763, 2451], [564, -689, -2441], [50, -4339, 265], [740, 4138, 10], [-2368, 3746, -2438], [-265, 1848, -398], [-1214, -165, 615], [948, -8, -1640], [3191, -1047, 2203], [419, 397, -2313], [-793, -1094, 1700], [-2004, -4161, -1497], [1640, -2240, 920], [-1001, 1597, -2033], [-1656, -1090, 2086], [-1989, -2783, -949], [-3617, -141, -1163], [2757, -619, -2965], [1896, -1022, 2426], [-1286, 1495, -1677], [2593, -2628, 1346], [-2947, -1948, 1090], [-1228, -1779, 533], [1, 1, -1], [1, 1, -1], [-2465, 1104, -1478], [561, -998, 2720], [-1792, 809, -1399], [-781, 1168, -3966], [1372, 1664, 2224], [5237, 143, 853], [-105, -2584, 2418], [327, -3679, -413], [-2254, 3288, -1700], [1567, -1, -2191], [111, 1081, -2789], [1498, -788, 96], [2602, -1649, 235], [2089, -1041, -1827], [1505, -520, -1394], [-2033, -2080, -1478], [-2400, -2827, 693], [2868, -1065, 351], [-652, 1275, 4291], [-2227, -1949, -711], [-508, -2406, 570], [-1931, -1121, 1669], [958, 1012, -2064], [-872, -693, 1659], [623, 257, -2077], [2950, 1073, -2603], [-449, 3058, -772], [-2756, 453, -3], [307, -716, 3654], [-1867, -633, -115], [-1948, 384, 1696], [-2648, 2491, -581], [-342, 2459, 39], [-3536, 774, 174], [-1224, -1705, 903], [619, -3008, 274], [2264, 1006, -2474], [-867, 487, 3837], [455, 369, -1613], [2265, -1081, -2043], [2157, -2189, -119], [-714, 2824, -1196], [-3056, -1450, 1838], [-2277, -1977, 2977], [1717, -1516, 882], [-2645, 722, -1116], [-2841, 382, -248], [-1486, 1393, -3347], [2319, -2513, -767], [-1, -1, 1], [238, 4393, -339], [-2351, -561, 2941], [726, -1175, 2125], [-1657, 593, -1821], [-2919, 789, 771], [-292, -1578, 1398], [-2193, 2402, -1860], [239, 432, -1862], [-118, -4593, 395], [-2286, -503, 85], [535, -1413, -3155], [-3334, 406, 378], [-405, -449, -2231], [-2178, -1063, -2195], [2998, 2869, 1161], [2121, -1808, -3690], [-1231, 640, -2090], [-3361, 1017, -853], [-268, 2695, 383], [-343, -3777, 269], [-3254, -2279, -2395], [-911, -1186, 1508], [-2227, 343, -483], [986, -2801, -341]]

exec_time (ms): 602599.3227958679 ms
exec_time: 10m 2s 599.3227958679199ms