N: 55
n: 6
number_of_primes (d): 3
exp_register_width (qd): 5
primes: [2, 3, 7]

R: 11287
T: 3
t: 16
delta: 0.00010850933564202967
delta_inv: 9216Percent of combinations (with positive values of result vector) that gives % N = 1: 49.9%
Percent of combinations (with positive values of result vector) that give p and q: 29.0%
Vectors that gives p and q: [[-3339, -1250, -1453], [-1442, -63, 3043], [149, 2650, -137], [2423, -3007, -1246], [-1921, -212, -909], [139, -2887, 946], [1506, 1726, -1982], [1915, -1621, 224], [-1146, -1643, -1145], [-265, -1558, -1323], [112, 3066, 1740], [1333, -2150, -1629], [-128, 1140, -226], [-2322, 1021, 627], [206, -2924, 1588], [564, -814, 2504], [-3030, -1429, -619], [-1416, -2656, 722], [1159, -1109, 2344], [-2079, 343, 3690], [-2073, 422, -2159], [-2589, -1546, 2321], [-1272, -3760, 1186], [2645, -580, -2055], [1254, -3462, -3454], [2785, -85, -410], [-3062, -227, 899], [-554, -353, 2609], [-1404, -971, 2501], [75, -2729, 836], [1228, -43, -1847], [-2519, -55, -2108], [-2321, -1550, 2633], [254, -86, -2158], [-3008, 511, 535], [-3321, 966, -1131], [3050, -568, -588], [1959, -1021, -2248], [-862, -3467, -1001], [-1151, -1805, 378], [-2134, 1630, -2318], [-1428, -789, -1485], [-2237, 2337, -1982], [-798, 2500, -256], [-2251, -288, 345], [-4124, -1798, 484], [-2981, -1901, -808], [-986, -1097, -1519], [238, 1042, -2722], [191, 3643, 1980], [1403, -1311, -850], [-1769, -906, 841], [365, -3946, -581], [1138, -1500, -4024], [-1267, -534, 147], [-1315, -67, 1288], [-1170, 2843, 2753], [1244, 195, -1677], [535, -789, 4396], [-2489, 3857, 3614], [250, -33, -2343], [-4089, -94, 1513], [-674, -4049, 1853], [31, -3662, 2345], [-2388, 2545, -1691], [-2053, 2046, -1155], [-3140, 907, -433], [-1652, -2644, -1078], [323, 1424, -3385], [901, -3722, -3245], [863, -1746, -3235], [-1351, 2597, 1300], [-411, -2286, 407], [2611, 966, 253], [-551, 1238, -2349], [-2529, -502, 1145], [368, 2167, -657], [679, 221, -2186], [829, -2158, 55], [740, -773, -2533], [-1743, 1396, 845], [161, -917, 1410], [1257, -1954, 2595], [1394, 1890, 2258], [-3013, 3002, -1099], [75, 4372, -453], [-683, -1518, -929], [-1300, 1466, -944], [-1180, 2250, 1820], [2362, 2914, 878], [-461, -1645, -2192], [-2645, 294, -1911], [105, -2276, 1169], [2034, -4062, -1034], [-1035, -1566, -2201], [785, 1930, 875], [-933, -787, 902], [1060, 1418, -1352], [3555, -3049, -824], [-2441, 192, -285], [896, 1443, -2885], [-412, 1685, 3601], [489, -3124, 1729], [528, 2958, -776], [-1608, -1047, -983], [-1691, -227, -1864], [3308, -3270, -344], [1141, -1027, -500], [-2989, -1478, 2609], [-2290, 1507, -923], [-1713, -565, -1676], [1093, -788, -2267], [1035, -3432, 583], [-2901, -482, -4279], [-592, -1280, -1134], [1079, -703, -2490], [3350, -1946, 554], [-3791, 46, -2281], [-2307, -1128, -1307], [3233, -2155, -1704], [-829, 752, -2161], [337, 2142, -3289], [-658, -2209, 1045], [-1890, -127, 1623], [-3038, -1935, 1239], [1071, -310, -2123], [2081, 2090, -1013], [-2692, 2189, -95], [-2842, 1745, 131], [-2487, 521, -988], [-1668, -1530, 1624], [157, 1169, -3332], [-2584, 795, -1293], [311, -2027, 950], [-3652, -378, -1632], [1425, -1838, -173], [80, 621, 1901], [-101, -2840, 803], [245, 1487, -2558], [1623, -897, -456], [1905, -2019, -784], [-3004, 1919, -969], [-52, -1686, 2800], [-3517, -1745, 556], [706, -1051, -1929], [-347, -2192, 2449], [1091, -311, -1774], [-3240, 509, -131], [28, 906, -1208], [1080, 1596, 1786], [-1266, 3025, 303], [-799, -2554, 123], [906, -1231, -2049], [-1876, 1540, 1118], [-10, -1580, 4540], [-925, -825, 1220], [-1088, 922, 2516], [1258, -102, -2626], [-283, -1982, 3307], [62, -2179, -2585], [-4392, 430, -344], [2569, -691, 1352], [-1658, 1318, -3958], [-779, -963, 1824], [292, -1924, 230], [-850, -1450, 2930], [977, 2156, 2025], [1459, -1416, -1033], [-1095, -2258, 3907], [-713, -2101, 1768], [1644, -1299, -1891], [1530, -1999, -329], [475, 76, -4649], [-657, -1534, 1257], [676, 4206, 3048], [-516, -3129, 1679], [-814, 963, 2325], [-2365, -1876, 3399], [3927, 1930, -71], [1403, -3119, -478], [693, -129, -2718], [-445, 2482, 2597], [-1088, -2352, 462], [-4283, -2724, -615], [1429, -2151, -1188], [601, -218, -3021], [-803, 1118, -1673], [3249, 2769, 1112], [0, 100, -2210], [-2031, 1076, -51], [1880, 1497, -2503], [-2559, 693, -860], [2239, 772, 95], [111, -1070, -3663], [67, 1643, -1528], [1623, 1846, 1237], [887, -2002, 457], [-1375, -558, 807], [-665, 926, -1799], [146, -1743, -1281], [1992, -3782, 1712], [-1110, -2170, -1430], [-989, 1430, -1143], [2478, -756, 1040], [-526, -2306, 82], [-739, -729, -1662], [1390, -2159, 591], [1092, 1328, 622], [280, 2422, -1008], [-4625, -922, -467], [-2800, -273, 1367], [1058, -986, -1070], [-3550, -874, -134], [1407, -48, 2291], [-332, -3804, 462], [-1021, -1256, -1433], [-3505, 943, 1908], [-2384, 19, 31], [-149, 852, -4301], [-1496, 2519, -313], [1762, 333, -1913], [-581, -2364, -1761], [-1498, -418, 1886], [372, -2142, -3608], [-519, -809, -2602], [-2187, -636, -2015], [-344, -2980, 642], [-1478, -1140, -2296], [1276, 2349, 321], [674, 3531, -291], [-849, 815, 592], [-1359, 957, 2264], [2079, 1251, -3076], [113, 2326, -373], [-1303, 266, -1425], [-2559, 1093, -1460], [-3001, 394, 557], [558, -721, -2655], [1012, -1373, 1591], [1357, -863, -1984], [1001, 210, -2973], [-187, -321, 2850], [-497, 3286, -3143], [1231, 2510, 1937], [1278, -3393, 433], [251, -743, 1374], [-789, -2660, 667], [-935, 787, -2338], [2250, -1978, -418], [-2411, -380, 453], [-1353, -1439, 1570], [-231, -843, 2720], [-622, -1856, 1520], [-905, 75, 2040], [-1292, -918, -1132], [-439, 2748, -1255], [1872, 730, 64], [1119, 1966, 149], [1445, 111, -1254], [1287, 247, -2484], [-165, -1347, -1322], [-2323, -120, 409], [-1518, 1818, -1138], [-2973, 563, 1612], [-188, -2620, 634], [-1806, -1703, -1745], [943, -1515, 866], [311, -1562, -2435], [863, -2789, 992], [-628, -1879, 1565], [3193, -563, -1772], [549, 720, -1827], [-4524, 1524, -774], [1258, 3732, 708], [-2605, -1843, 3582], [-148, -673, -4309], [-2638, -247, 7], [378, -2731, 975], [-2812, -535, 1941], [-2439, 1140, -1523], [-2275, 2361, -2144], [-913, -1591, -1322], [-1550, 102, 1062], [2391, -168, 2019], [-1540, 2068, 238], [116, -910, -2088], [-2739, 1905, -868], [461, -2184, 2173], [3222, 2752, 1116], [-2458, 39, 793]]

exec_time (ms): 601922.9462146759 ms
exec_time: 10m 1s 922.9462146759033ms