N: 57
n: 6
number_of_primes (d): 3
exp_register_width (qd): 5
primes: [2, 5, 7]

R: 11287
T: 3
t: 16
delta: 0.00010850933564202967
delta_inv: 9216Percent of combinations (with positive values of result vector) that gives % N = 1: 56.8%
Percent of combinations (with positive values of result vector) that give p and q: 35.9%
Vectors that gives p and q: [[-651, -1335, 1066], [-474, -1575, 1717], [1, -1, 1], [-124, -2123, -789], [-2334, -249, 942], [-1960, 331, -1609], [-786, -1977, -3909], [-1210, -4031, 1450], [-2785, -1679, 716], [-2579, 1685, -1389], [4173, 447, -317], [2473, -685, -249], [-241, 1105, 1889], [-3137, -769, 1462], [-3150, 1623, -689], [1, -1, 1], [10, 1235, -1603], [-1589, 11, -1086], [1, -1, 1], [19, 1577, -3154], [-291, -2283, 885], [1, -1, 1], [1086, 2541, 1401], [1006, -19, -2865], [2327, -2537, 691], [816, 1335, 1083], [1149, -1959, 78], [-927, 729, 2916], [1, -1, 1], [-2060, -1135, 2263], [-2030, 2249, -805], [1, -1, 1], [2494, 2249, 1018], [579, 453, -2617], [-1180, -2723, -1074], [-1927, 937, -877], [92, 3193, 665], [1, -1, 1], [-2040, 1227, -1831], [785, 2797, -2560], [365, -2687, 668], [-3109, 1261, -413], [2246, 877, 1796], [-1407, 105, -1538], [1, -1, 1], [-2527, 397, -2487], [2766, -2955, -2532], [1041, 2511, -1606], [1, -1, 1], [-3354, 1359, -584], [-276, -2547, -380], [-769, 1825, -1656], [-1876, -2009, -2577], [-704, -2899, -2037], [530, 79, -2318], [2266, -1471, -334], [2546, -2513, -491], [875, -3911, -866], [1, -1, 1], [4169, -707, 859], [-3266, -625, 1119], [-507, 1941, -1982], [-354, -3381, 66], [2175, 2307, 936], [264, -2475, 370], [-1708, 1495, -2070], [1, -1, 1], [-1092, -4119, -3219], [-1401, 501, -2370], [2573, -233, 1883], [332, 949, 3810], [-1695, 975, -1821], [-2358, -867, 1049], [-1636, -2075, -323], [1118, -1811, -4006], [968, 733, 1490], [733, 2303, -466], [804, 687, -1786], [3545, -1769, 1776], [-803, 3491, 750], [-1043, 1535, 3828], [395, 3067, 1471], [-1531, 2209, -96], [441, -2529, 51], [1587, -2943, -938], [-309, -1797, -1368], [1, -1, 1], [976, -1459, 1229], [-270, -1053, -3309], [-1045, 2149, -1655], [-1876, -287, -2618], [1433, 109, -1857], [-1894, -1751, -3454], [-1718, -1711, 553], [2134, -163, -350], [3269, 1267, 1040], [1, -1, 1], [-3045, -1749, -923], [581, 223, -2811], [1, -1, 1], [-872, -2491, -1615], [746, -3071, -947], [1614, -1305, -365], [193, 35, 3788], [3149, -191, -3338], [288, -1905, -1976], [-1047, 2871, -2212], [-121, 577, 1912], [144, 1731, -2165], [1835, 1927, 1589], [1, -1, 1], [1, -1, 1], [-2775, -1617, -1113], [-140, 3035, -3135], [1869, -255, 1111], [2379, 1359, 1729], [165, 2289, -2809], [1, -1, 1], [-1187, 1691, -356], [-1325, -2905, -1322], [986, 2431, 1654], [1345, 1385, -538], [1, -1, 1], [816, -1551, -3230], [1, -1, 1], [1, -1, 1], [2152, -2059, -358], [-593, 2393, 1888], [1, -1, 1], [273, -2649, -207], [-376, 889, -4723], [1853, 1549, 1793], [1996, 1307, -929], [-2950, 883, -1698], [-2654, -1723, -4260], [1, -1, 1], [1, -1, 1], [-1457, 1811, -1087], [-1641, -1701, -2881], [1093, -343, 2471], [1, -1, 1], [1186, 1835, -375], [1, -1, 1], [1, -1, 1], [1, -1, 1], [408, 159, -4062], [1254, -1047, -3993], [-3067, -83, 1502], [-2304, -3297, -754], [1, -1, 1], [-3473, 437, 1584], [-832, -1241, -1271], [2475, -2145, -370], [654, -2913, 465], [-1495, -1799, -259], [906, -3099, -971], [3249, -267, -161], [-780, -4203, 343], [1, -1, 1], [-2832, 501, -924], [-1643, -1117, -250], [1310, -635, -2320], [1, -1, 1], [2629, -2227, -399], [-1389, 741, -657], [-1060, 2461, -134], [-1741, -1835, -1940], [-533, -1999, 1839], [240, -1881, -3928], [1, -1, 1], [2494, -1351, -3584], [-286, -305, -2103], [-889, 2119, -1949], [-987, 2295, -1340], [-2208, -1863, 1940], [1, -1, 1], [-2493, -1623, -3022], [1, -1, 1], [-413, 3497, -1899], [-724, -3491, -1052], [-3863, 3107, 1264], [858, 255, -2212], [-2609, -2533, -1272], [-415, 205, 2461], [1, -1, 1], [-1801, 187, 379], [-3302, 1271, 323], [1, -1, 1], [-1093, -2117, -4722], [-2572, 2701, 234], [-1995, -2853, 481], [407, 295, -2647], [-303, -1413, 925], [-1012, -2153, -81], [-2770, -191, -1627], [-2621, -1525, -3262], [1, -1, 1], [-761, -1561, 1510], [-234, 1425, -1814], [-1804, -1259, 2029], [-1551, -2193, -1464], [2087, 1945, 1829], [-1, 1, -1], [999, 2583, -2547], [4851, -1191, -1174], [782, -2693, -188], [856, 1757, 2381], [-1993, 1555, 246], [2055, -981, 514], [1063, -2629, -2258], [-1177, 1429, -706], [1, -1, 1], [-1625, 611, -3040], [-3254, 305, 2123], [1, -1, 1], [-288, -717, 2578], [-3195, 1185, 14], [540, -1035, 2364], [1944, -489, 458], [-1034, 3359, 899], [-1384, 2539, -2382], [416, -1541, -1753], [3501, -1773, 654], [-1032, -543, 3012], [563, 3121, 3108], [-816, -2121, 110], [-3791, -1309, -3193], [373, 2855, -1917], [-259, -851, 4312], [-2061, 1449, -771], [1464, 3153, -1377], [1, -1, 1], [-2776, 511, -525], [1, -1, 1], [1, -1, 1], [4432, -1165, 589], [842, -353, -2817], [-2406, 561, -384], [424, 23, -4122], [23, 721, 1939], [1808, -1055, -1853], [2178, -615, 2057], [-1805, -265, 586], [1, -1, 1], [-1047, -2601, 200], [-108, 1683, 1038], [1, -1, 1], [1, -1, 1], [-1249, 1519, 3788], [-825, -1671, -886], [-1725, -1953, -3395], [-2143, -1037, -1622], [-3806, 209, -529], [6, -2037, 850], [2713, -805, 868], [1, -1, 1], [1, -1, 1], [1, -1, 1], [2011, -1177, -30], [-1068, 1965, -3451], [-2772, -741, 3029], [-1385, 2165, -1941], [-1627, 2755, -1371], [1094, -1775, 1797], [589, 377, -2656], [1314, -2031, 355], [-889, -563, -3536], [-2765, -991, 1680], [881, -3827, -488], [1, -1, 1], [-1551, -1251, -349], [278, -983, 2677], [3046, 1667, 1674], [-2026, 1507, 3285], [-844, -1307, -2512], [773, 427, -3711], [-3194, -2059, -1282], [903, -1389, -330], [4024, 953, 397], [1, -1, 1], [220, -2497, 2299], [-43, -1607, 1384], [-2190, -525, 1231], [3608, 325, -2068], [1, -1, 1], [-2388, -177, -174], [-906, -1221, 1421], [1, -1, 1], [290, 685, -2802], [-1593, 2001, -2024], [679, -1645, 2688], [2604, 2103, -1779], [-2371, -455, -1279], [110, -3833, -558], [1, -1, 1], [1, -1, 1], [-2453, -715, 2296], [76, 1475, -2854], [1, -1, 1], [-2073, -2505, 307], [235, -1543, 99], [-2512, 2503, -343], [-4028, 491, -533], [796, -685, -2494], [1, -1, 1], [-4192, -1103, -3092], [1, -1, 1], [2385, -453, 200], [989, 2881, -1045], [855, -2235, -1585], [-3286, 145, -124], [-947, 1919, 3223], [-2370, -273, -350], [299, 331, -2530], [105, 1239, -3044], [1, -1, 1], [-3695, -745, 1329], [-1932, 3147, -1035], [-119, 1775, -2177], [-1443, 2283, -977], [1, -1, 1], [-824, -1681, 2127], [-2828, -1075, -1402], [-2544, -1803, -297], [-3327, -1269, -2906], [1, -1, 1], [-2796, -153, 982], [514, -2527, -1492], [-2603, 23, 1253], [133, -1885, 1019], [2222, -17, -538], [2699, -59, -801], [2101, 2021, 1771], [-193, -2483, 280], [272, -53, -2709], [-2607, -531, -1592], [214, 1313, -2310], [-1805, -1711, -1741], [-653, -139, 2869], [1, -1, 1], [1, -1, 1], [1, -1, 1], [1, -1, 1], [191, -377, -2979], [-3750, 2055, -778], [-1207, 397, 2363], [1000, -2359, -1523], [1294, -91, -1638], [-2367, 987, -1549], [1, -1, 1], [218, 997, -2401], [2622, 1545, -2559], [1, -1, 1], [-515, -2773, -2397], [-701, -3919, -1449], [-3605, -85, 1765], [-3295, -245, 1465], [1, -1, 1], [250, -2221, -1535]]

exec_time (ms): 611958.487033844 ms
exec_time: 10m 11s 958.4870338439941ms