N: 33
n: 6
number_of_primes (d): 3
exp_register_width (qd): 5
primes: [2, 5, 7]

R: 11287
T: 3
t: 16
delta: 0.00010850933564202967
delta_inv: 9216Percent of combinations (with positive values of result vector) that gives % N = 1: 80.0%
Percent of combinations (with positive values of result vector) that give p and q: 49.3%
Vectors that gives p and q: [[39, -2361, -2170], [-382, -245, 3116], [844, -3440, 2853], [-328, -2429, 1202], [-1156, -1970, 1423], [-435, -446, 3117], [-576, 847, -2176], [-781, 1311, -14], [1791, 2067, -1702], [1721, 405, -3928], [-179, -492, 3111], [677, -2219, -2328], [534, -1125, -2662], [1759, 382, 999], [230, -2008, -2149], [273, -622, 3105], [1009, -485, -872], [1686, 2134, -1661], [-2473, 1487, -830], [-683, -1573, -2100], [1267, -740, 469], [-103, -1994, -1803], [-2845, -353, -2554], [-1104, 1133, -3354], [-735, 1109, 162], [1041, -3449, -360], [-1896, -3072, -243], [-1299, -1974, 1675], [-1412, 1739, -1402], [1697, 1766, -1673], [-404, -2019, -1600], [-582, 1067, -3608], [-2411, -1835, 2268], [993, -1324, 369], [1206, 2104, -1521], [1567, -738, -1255], [984, -1058, 1479], [650, 354, -3313], [1245, -3395, 1770], [3596, 957, 1968], [-482, 769, -2442], [3707, -516, 2351], [1586, 2045, -1568], [271, -792, 191], [-2674, -617, 216], [1118, -3291, -142], [1018, -2793, 2322], [2640, -1823, 836], [777, 522, -3015], [-1580, 3713, -2026], [-639, -1761, -1716], [265, 228, -1371], [-536, -2166, -415], [1057, -1178, 1525], [731, -1426, -51], [1098, -3361, 1788], [-3215, -459, -2512], [3785, -1582, -251], [-2141, 1502, -891], [653, -1388, 397], [228, -2116, -2217], [1902, -3244, 207], [1210, 2217, -1484], [-214, -851, 444], [-1030, 3120, -1545], [1466, 2091, -1690], [419, -500, 873], [-1336, 1, 956], [-1766, 3640, -1797], [436, 1089, 2544], [863, 151, -3366], [-285, -1959, -1852], [-1745, 916, -37], [3154, 641, 1816], [2381, -1314, 1185], [-3986, -891, -1780], [2, 0, -1], [-3650, -921, -1828], [-403, -131, -2284], [1723, -1057, -1280], [-960, 2297, -1784], [340, -2026, -2143], [3896, 863, 1786], [-962, 1201, -1116], [-16, -1973, -1896], [1570, 2149, -1328], [-532, 2882, 2187], [168, -471, 1758], [3221, 304, 2509], [-1409, -2229, 1610], [988, 254, -3237], [-2138, -929, -508], [476, 2509, -146], [3393, -1751, 688], [-406, -204, 3031], [517, -2302, -1957], [-279, 431, -450], [145, -2008, 2891], [-921, -2071, -340], [1381, -3757, 2476], [453, 871, -2806], [-777, 1112, -353], [2735, 739, 12], [-293, -2261, -1684], [1517, 2172, -1755], [-255, -1895, -1790], [-348, -1808, -1795], [-398, -1717, -1952], [1719, 2124, -1745], [2, 0, -1], [-2062, -3507, -190], [-372, -2325, 66], [2056, -934, -1905], [2443, -429, 844], [1949, 2122, -1781], [0, -1, 2], [2820, -1339, 348], [-3246, 1587, -246], [1549, -840, -287], [-1987, -2552, 2105], [-547, 866, -1381], [-1519, -2179, 1560], [-3423, -1015, -1986], [-929, 1853, -1084], [-3454, 1567, -182], [3718, 722, 2027], [3025, -1358, 801], [2736, 306, 95], [-1009, 346, 745], [-1492, -2186, 1363], [-49, -660, 2177], [1190, 774, 1447], [-224, -2447, 706], [270, -785, 190], [1340, 14, -3073], [-29, 1170, 2417], [1437, 2156, -1643], [-1808, -2169, 1912], [-1070, 710, -185], [-851, 251, -2174], [-1660, -1168, -2249], [-1767, -4074, -341], [-1391, -1259, -2104], [-1426, 1551, -684], [-2838, 1820, -2141], [1812, -3177, 1588], [-3839, -660, -1763], [747, -3097, 328], [-3516, 292, -2551], [619, 2063, 682], [-283, -440, 279], [573, 2803, -530], [-984, -1643, -1322], [149, -753, 434], [-3316, 2523, -2978], [-987, -1215, 1146], [716, 463, -3064], [-1854, -2031, 1884], [-750, -4574, -697], [-1605, 2710, 225], [-1501, -3003, -696], [-223, -1767, -1882], [-1070, 1064, -963], [405, 126, -1237], [-441, -1208, -1951], [988, -1426, 1653], [907, 296, -3353], [-995, 708, -231], [-582, 3161, -1956], [-917, -1909, -1556], [-3097, -581, -1922], [-933, 312, 1115], [3382, 744, 2181], [-1366, 2368, -1133], [413, -2307, -2140], [423, -847, 30], [814, -1467, -228], [2, 0, -1], [-3683, 891, 282], [-1109, -1775, -1438], [-331, -1845, -1932], [-2015, -1826, 1807], [-1813, -2292, 2033], [1728, 2141, -1696], [-3322, -279, -3026], [545, -1397, 1074], [3565, 288, 2109], [476, -689, 2340], [-757, 1832, -993], [-1734, 1402, -827], [1536, 211, -3680], [-1879, -700, -763], [-2217, 2412, 1407], [1522, 2316, -1613], [891, -2738, 1643], [3586, 240, 2177], [-217, -2116, -1767], [-903, -1482, -1347], [-2552, -640, -3209], [1794, -3742, 2337], [-1050, 1805, -580], [1744, -3759, 1906], [-337, -2315, 946], [-80, 1188, 2219], [3714, -1230, 23], [-2668, -1310, -191], [-1505, -2245, 1690], [-172, -1928, -1543], [1065, 409, -3268], [-1203, -2173, 1580], [949, 1769, 1770], [-106, 418, -2583], [-883, 3103, -1482], [1190, -809, 398], [-1537, 597, 1132], [-3411, -770, -2197], [-428, -1697, -1742], [-2358, -1506, 1621], [-47, -1963, -1928], [-992, -2260, 1371], [-1684, -2140, 1857], [-2694, 2443, -814], [769, -1138, 59], [-1543, -417, -1342], [1, -2, 1], [-232, -2051, -1832], [2187, 1354, 1361], [3463, 340, 2441], [1212, 2215, -1446], [-1792, 1275, -1624], [-290, -2078, -1749], [-47, -740, 321], [-3441, -603, -2056], [363, -933, 192], [-2433, -1803, 2190], [-1, 2, -1], [-1177, -2138, 607], [2681, 1274, -221], [1463, 2109, -1172], [3156, -798, 283], [1214, -542, -1043], [1617, -3621, 1906], [568, 386, -2691], [8, 636, -2531], [-2184, -982, 1681], [1666, 2013, -1654], [-815, -2063, 1376], [863, -754, 379], [1139, -1457, 962], [226, -2820, 437], [563, -922, 775], [3541, -764, -185], [1596, -2748, 1253], [608, -2105, 406], [-1022, -1876, -167], [-2442, -3348, -333], [-1256, 222, 1749], [-863, 2055, -1706], [-1455, 4660, -205], [988, -1251, 1598], [-1004, -303, 3348], [-548, -1917, 1198], [-849, 1845, -978], [-3965, -732, -1641], [-3201, 1984, -405], [-879, -1640, 1137], [-1178, -204, 3427], [-199, -2006, -1741], [375, -2200, -2165], [-515, 0, 1175], [1527, -1330, 3569], [2, 0, -1], [-893, -148, 2935], [2944, -1386, 855], [-496, 681, -784], [-461, -1975, -1572], [-104, -2275, -1228], [-1945, -1993, 1806], [-176, 1011, -394], [-343, -1926, -1779], [-2247, -1482, 1495], [3183, -1431, 2958], [-1747, -1944, 1709], [-924, 1241, -230], [3184, -268, 2629], [1772, 2323, -1882], [-3502, -408, -2223], [-1614, -2012, 1691], [337, 490, -2961], [-875, -3660, -935], [-1185, -2847, -646], [-2307, 1595, -384], [780, 1022, 1901], [-745, 1583, -946], [2085, -1306, 1357], [2, 0, -1], [-3822, -309, -1986], [-3940, -522, -1971], [3148, -9, 2604], [-485, 868, -1481], [-3979, -98, -1907], [-929, -1156, -1421], [-1643, -2708, 1815], [-503, 231, -2448], [2, 0, -1], [-2994, -416, -2621], [-106, -2246, -1765], [-1997, 382, 3537], [-366, -524, 3651], [135, -675, 200], [-1760, -2291, 1722], [1897, 2039, -1854], [303, -623, 912], [-1346, -2216, 1525], [-450, 892, 2801], [-3364, 1419, -216], [-3338, 452, -2555], [-1343, 1275, -1756], [296, 201, -3010], [-1580, -1973, 1726], [1430, 50, -3425], [-1814, 3567, -1552], [103, 2630, -739], [-918, 1036, -2053], [1453, -44, -921], [-2956, -688, -2151], [-3913, -439, -1878], [613, 1537, 1372], [-1732, -2040, 1621], [220, 613, -3676], [-1796, -1699, -794], [-1517, -2065, 1406], [-1075, -1618, -2049], [99, -667, 272], [826, -917, -464], [990, 148, -3101], [-3024, 267, -102], [-522, 562, -843], [1866, -1482, 1041], [-4075, -332, -1821], [1067, -2387, 978], [-712, 2530, -599], [1560, 2320, -1635], [-1508, -4104, -533], [-2520, -1430, 2175], [-442, 401, -906], [-682, -1038, 827], [-457, 1093, 2670], [3985, 682, 1851], [3304, -2111, 1910], [773, -1178, 1147], [1422, 495, -3706], [-164, -577, 2316], [532, 1820, 1759], [-206, -1961, -1820], [-1100, 698, -191], [-762, 1292, -1543], [-3030, 767, -544], [3028, 275, 2606], [-289, -1938, -1817], [2065, 1812, -1389], [3424, 460, 1973], [-679, 848, -1439], [-949, 586, -325], [-360, -1885, -1870], [108, -1323, -2358], [-163, -2057, -1982], [-1743, -3804, -163], [-2263, -1753, 1840], [1846, -3451, 434], [2306, 436, 3005], [731, -1038, 1403], [715, -1025, 140], [76, -3077, -1424], [-2056, 742, 1269], [3578, 207, 2212], [-535, -93, 3236], [-1198, 2984, -2099], [488, -1161, 588], [1439, 2227, -1406], [981, 2278, -1519], [-2615, -1678, 2361], [-445, -2116, -1663], [30, -1947, -2116], [-2522, -1487, 1940], [-81, -2122, -1913], [-1224, -1433, -962], [519, 453, -2558], [-175, 2460, 1085], [-352, -1835, -1884], [3802, 1525, 1274], [463, -2336, -2157], [-1759, -4020, -13], [-676, -212, 1767], [-617, -88, 1687], [-206, -2100, -1877], [1535, -738, -3199], [-1248, -737, -1252], [2919, -2256, 785], [1421, 3684, 499], [-174, -1869, -1970], [-748, -1958, -755], [1832, -141, -3654], [-4579, -499, -1620], [-1707, -1854, 1919], [-3673, 1199, -44], [-661, -2870, -1267], [1559, -4, -3509], [-2129, -1490, -813], [808, -194, -3131], [-1228, -2751, 1656], [536, 392, -3167], [1155, -1300, 1545], [-830, 1119, -1368], [2418, 1624, -2167], [122, 175, -966], [288, -723, 652], [-3178, -401, -2544], [2892, -1631, 436], [-190, -1927, -1836], [-948, 918, -327], [1164, -1155, 1028], [2, 0, -1], [-2438, 511, 1022], [-1375, 3801, -2232], [827, -1449, 202], [4023, 752, -603], [-1710, 3367, -1634], [-720, 104, 87], [1740, -1238, 1441], [768, -2589, 494], [-1826, -998, -441], [-3034, -1431, -1246], [398, -2651, -392], [-529, -1857, -1674], [-491, 1153, -538], [1571, -1164, -995], [-335, -101, 1122], [1788, 2018, -1835], [2057, -838, 1295], [-1765, -2116, 1917], [290, -2617, -556], [3677, -1783, 240], [-301, 1187, -476], [62, 2431, 1282], [-2063, 1319, -1324], [-1964, -1925, 1752], [-6, -1790, -2147], [2, 0, -1], [-620, -1601, -1478], [2479, 595, 128], [-134, 607, -2432], [3422, -918, 35], [824, -1830, 923], [-2978, 1672, -415], [677, -3461, 2306], [-1875, -1107, -1986], [-4842, -948, 1137], [1893, 1943, -1660], [-2347, 1357, -1268], [2755, 1371, 1858], [-1995, 1288, -1361], [-2279, -1646, 999], [-2518, -1753, 2220], [-3656, -443, -2076], [-2747, -123, -2608], [-455, -1541, -1518], [-993, 105, 1824], [2, 0, -1], [949, -975, -382], [558, -867, 880], [-866, 3208, -2113], [2, 0, -1], [-1445, 724, 1347], [74, -1874, -2039], [-2703, -1006, 151], [-490, -2567, 614], [-1757, -2189, 1824], [-584, 800, 267], [-1200, 3789, -2278], [-2515, -1372, -491], [-1880, -2165, 1810], [-2846, -390, -347], [-2343, -841, -1664], [627, -910, -21], [-834, -1744, -1435], [-1515, 849, 62], [-1962, -1879, 1664], [815, 337, -3464], [-685, 397, -2364], [-3636, -295, -2162], [-610, -1826, -1633], [314, -779, 96]]

exec_time (ms): 561674.441576004 ms
exec_time: 9m 21s 674.4415760040283ms