N: 35
n: 6
number_of_primes (d): 3
exp_register_width (qd): 5
primes: [2, 3, 11]

R: 11287
T: 3
t: 16
delta: 0.00010850933564202967
delta_inv: 9216Percent of combinations (with positive values of result vector) that gives % N = 1: 76.9%
Percent of combinations (with positive values of result vector) that give p and q: 49.3%
Vectors that gives p and q: [[2383, 1331, -673], [-1133, -2417, 1635], [-406, -1652, -1535], [617, -1115, 586], [-856, 1210, -386], [-578, 804, -1193], [318, -2724, -240], [2, 0, -1], [-1134, -356, 677], [1659, 2059, -1873], [-976, -630, 3236], [-1795, 269, -3507], [-1335, 1025, -560], [2911, -1409, 2286], [2369, 749, 474], [3784, -1634, 1803], [123, 2219, 1129], [-4498, -660, -1063], [-1078, -636, 665], [1769, 1409, 777], [-1037, -1449, -1160], [-3177, 11, 130], [5, -2023, -2028], [-1229, -2253, 1543], [-1149, -2169, 1671], [-723, -775, -2000], [-663, -1631, -1771], [4114, -700, -1066], [2398, 988, 81], [2257, 1521, -1484], [-867, -2175, 1077], [922, -2516, 2535], [-1733, -2101, 1925], [-512, -2718, 838], [780, -3570, 2169], [-1945, 1267, -197], [1489, 2193, -1700], [2, 0, -1], [2, 0, -1], [-1994, 1696, -147], [1681, 1953, -1763], [-614, -2300, 1140], [708, -1246, -107], [771, -3653, 152], [-2474, 2700, -506], [371, -2729, 2695], [-1203, 2845, -2650], [-830, -120, -2312], [629, -1771, 219], [1517, -1071, 2156], [-1751, -1983, 1621], [1099, -1917, 1819], [-1254, -2336, 1370], [-3155, 565, -2508], [2, 0, -1], [851, -1917, 1919], [-684, -2066, 1229], [1132, 54, -3470], [769, -491, 2349], [1881, 433, -1444], [-363, -563, 449], [-1234, -192, 3536], [-1141, 2963, 1227], [206, 2260, -806], [-156, -1910, -2128], [2653, -1079, 2412], [2, 0, -1], [3410, -1692, 2648], [-589, -2541, 461], [454, 3456, -1526], [1947, -1465, 169], [-2845, 1491, -2911], [2487, -3385, 790], [825, -2751, 585], [1271, 2011, -1529], [-2237, -1893, 2416], [-2551, -3451, -435], [1534, 252, -3794], [-2885, 903, -2480], [-1371, -2211, 1572], [-2453, -3381, -266], [3341, -1671, 2246], [2136, 1366, -31], [-1193, -357, 3358], [3188, -602, 121], [-1782, 428, -1310], [-1691, -3911, -555], [-2482, -3664, -87], [2428, -1422, 2968], [-2651, 1157, -532], [-1862, 2908, -1665], [466, 1420, -774], [-3290, 1244, -2437], [2722, -1468, 3035], [-1141, 535, 2929], [1268, 2678, -1965], [2, 0, -1], [-325, -1857, -1657], [-3434, 1368, -1013], [2, 0, -1], [-1355, -523, -2467], [-1569, -2329, 2131], [1959, 1463, 223], [-1890, 3060, -1197], [-1044, -2306, 1415], [2, 0, -1], [-3195, 2901, 486], [590, -876, 371], [2, 0, -1], [188, -2910, -682], [2, 0, -1], [-1341, -2281, 1771], [-1158, -996, -1938], [1204, 2258, -1369], [-550, -1272, -2434], [58, -2080, -1951], [-33, -2581, -11], [-958, -1728, -1204], [-86, -1000, 599], [2, 0, -1], [216, -3202, -8], [-728, 1082, -1354], [152, -2242, 930], [-334, -1908, -1762], [-1414, 3516, -1681], [-1822, 1204, -1082], [384, -2366, -1717], [-936, -2582, 1241], [2, 0, -1], [408, -806, 428], [-3163, 1413, -2518], [-2363, -3507, -452], [-872, -1398, -1442], [-396, -1874, -1909], [-1011, 3249, -2019], [2302, -1660, -1120], [1227, 2047, -1675], [1824, -718, -236], [2, 0, -1], [-1631, -2207, 1785], [-3, 1, 2], [-3495, 1849, -2515], [1866, -1044, 1443], [2047, -149, 1089], [-616, -1742, -1580], [-239, 1297, -1023], [-235, -1935, -1903], [-695, -1615, -1753], [-324, -2094, 1485], [-593, -1773, 1120], [779, -2905, 1176], [597, -1711, 2275], [2311, -725, 2463], [766, -1780, 293], [-86, -1900, -1960], [439, 259, -1548], [-1412, 870, -4019], [-954, 632, 2869], [159, -4377, 1545], [461, -2267, 526], [-32, 918, -398], [2071, -1689, -857], [-769, 595, -515], [2759, -773, 439], [2, 0, -1], [2, 0, -1], [-640, -1902, -1573], [2, 0, -1], [-3063, 1129, -2242], [-2022, 3064, -949], [-132, 2246, -1010], [-82, -1940, -2558], [-1957, -661, -1881], [-373, -1981, -1593], [189, 717, -2835], [-1977, -1997, 2024], [1527, -581, 1715], [-520, 1802, -255], [264, 2398, -1216], [-3926, -360, -1535], [-1447, 1461, -940], [-559, -1643, -1325], [2, 0, -1], [2, 0, -1], [-664, -1774, -1368], [1091, 2459, -1470], [-827, -2419, 1106], [-1325, -3949, -874], [3816, -1686, 2085], [-1192, 1154, -3], [-1100, 2754, -1052], [183, -2769, 3963], [-3480, 1246, -2215], [577, 1133, -886], [-1790, -1912, 1805], [-1689, -533, -1576], [948, -1602, 1212], [-758, 496, -936], [440, 2290, 535], [-1370, -2032, 1475], [-1589, 1255, -3642], [-2044, -3774, -628], [-3110, 1208, 431], [-1144, -2238, -1150], [346, 2212, 621], [3662, -1672, 2046], [-3129, 1359, -2466], [-1949, 987, -968], [-1446, -2380, 1927], [-3134, 1672, -2685], [-468, -1482, 3381], [-650, -432, 598], [-616, -670, 621], [-2319, 393, 3222], [-1211, -2271, 1381], [-1239, 2217, -483], [2529, -767, -874], [-3418, 1008, -499], [1184, 1598, -1386], [-1752, 386, -3887], [-313, -1877, -1922], [2979, -1465, 2527], [-354, 2496, -210], [437, 2817, -1138], [-2061, 467, -3116], [1743, -589, -494], [-2365, 1947, -436], [2, 0, -1], [2, 0, -1], [-228, -2430, 645], [-3290, -472, -4231], [-2826, 1484, -2864], [1119, 2659, -1690], [-1925, 2071, 357], [252, 166, -1084], [1491, -3085, 2443], [-434, -2372, 1233], [-3623, 1365, -728], [1209, 41, -2759], [-617, -1845, -1646], [980, 722, 1638], [-3089, 1551, -2798], [1030, 328, -3507], [2073, -951, -1806], [1021, 445, 3204], [409, -1103, 270], [975, 695, -3176], [996, 314, -716], [-1779, 2489, -584], [1772, -2950, -1227], [1002, 2232, -1227], [2237, -355, -1716], [-420, -1846, -1844], [-675, -1747, -1565], [-3495, 1817, -2741], [1345, -67, -871], [800, 3718, 976], [-1065, -417, 3261], [-3282, 1620, -2367], [-886, 1228, 208], [-105, -2049, -1815], [2, 0, -1], [-9, 1451, 1975], [-718, 740, -2724], [75, 2315, 925], [-3046, 1280, -2292], [2967, -1321, 343], [719, 2319, -775], [-755, -1103, -1596], [-3656, 1270, -909], [732, 410, 2143], [2, 0, -1], [1485, 2129, -1475], [-1286, 1088, 518], [2, 0, -1], [950, 2292, -1759], [2, 0, -1], [-902, 616, -357], [-50, -2084, -1863], [492, 678, -2679], [-232, 4274, 1743], [-3556, -1186, 915], [125, -1091, 2599], [-1781, 707, 1673], [-1219, -15, 3416], [-2498, 1192, -2967], [-152, -1566, 2743], [-292, -2022, -1693], [502, 548, -595], [-1271, -1363, -3439], [2, 0, -1], [-272, -1766, -1716], [1256, -3046, -1563], [2973, -823, 2485], [-681, -1757, -1585], [-2518, 2968, -710], [677, -2943, 1451], [-3, 1, 2], [3278, -1516, -444], [2667, -453, 828], [-1236, 1838, -1130], [-2177, -2913, -347], [-1579, 17, 840], [-674, -904, 3140], [333, 1041, -2583], [-4633, -745, -747], [2385, 293, 487], [3323, 1203, -382], [436, 1966, -921], [148, -2198, -1788], [67, -1921, -2191], [2, 0, -1], [-1275, 49, 3395], [-896, -2490, 1570], [2677, -1547, 3165], [-1532, -670, -2407], [-4163, -1551, -740], [-1334, 1832, -1096], [-1057, 2019, 302], [-192, -3402, 1095], [-566, -1788, -1805], [109, -1927, -2248], [2, 0, -1], [-170, -1936, -2017], [-3279, 901, -301], [-598, -1692, -1771], [-45, -2025, -1914], [-177, 1723, -943], [-669, 575, -2384], [1940, -578, -2258], [1963, -657, 2626], [-2, 0, 1], [943, -273, 2062], [-2581, 1267, -563], [-3592, 1738, -2183], [1519, 2343, -2255], [-1814, 2156, -1261], [-379, -1823, -1712], [-1622, -1932, 1693], [1252, -3030, 2596], [1632, 2210, -1838], [-4465, -181, -936], [-1362, -2300, 1928], [-1609, 2487, 77], [2218, -3200, 1005], [-666, -2700, 1173], [2894, -1252, -156], [188, 1702, -785], [-4205, 1151, -1705], [861, 2381, -959], [3174, 992, -1220], [-682, 2192, -339], [160, 206, -844], [-4852, -262, -846], [2, 0, -1], [-147, -471, 2508], [-337, -1857, -1618], [-563, -1899, -1664], [-2261, 711, 604], [2, 0, -1], [-1214, 92, 689], [1630, 2156, -1771], [-151, -1763, -1937], [-311, -1871, -1806], [1934, -584, -2102], [2, 0, -1], [-651, -2355, 642], [3016, -1466, 2886], [711, -1137, 1590], [-787, -1667, -1100], [-936, -446, 3323], [-3627, -255, -3729], [-3639, 1285, -94], [998, -2844, 2210], [-95, 733, -216], [-1244, 2582, -667], [-126, -1948, -1952], [-1675, 993, -1810], [69, -1287, 261], [3519, -1617, 2292], [800, -942, -250], [-777, -1769, 1172], [350, 2180, 942], [-595, -1835, -1790], [2, 0, -1], [790, -2064, -2096], [-117, -1941, -2055], [1289, -415, -1503], [-469, 2387, -459], [1527, -997, -1154], [-100, -1966, -1896], [-1674, 1460, -977], [-1131, -2583, 1272], [-1959, -1735, 1786], [-312, -1890, -1941], [-334, -1724, -1787], [136, -2078, -1992], [-1906, 3108, -1165], [-930, -2296, 727], [2, 0, -1], [1666, -2836, 1151], [-532, -1066, 654], [2, 0, -1], [481, -851, 78], [928, -1550, 1269], [-1494, 1152, -1077], [-3910, 1792, -1934], [3279, -1733, 2513], [-885, -101, 2045], [-3325, 935, -51], [3104, 1442, -3264], [-144, 986, -464], [1216, 2222, -1405], [-912, -1598, -1525], [-364, -1806, -1963], [2506, -3480, 1021], [-1944, -1814, 830], [-1312, -1582, -1194], [-3435, 1665, -2241], [-1711, 1625, -1023], [-1439, -987, -2075], [306, 684, -444], [63, -2061, -1914], [2, 0, -1], [-1200, -206, 3581], [-3280, 1622, -2451], [-1524, 290, 829], [1514, 1844, 1365], [-23, -683, 381], [-253, -1909, -1977], [-522, -956, 2867], [38, -2116, -1941], [1423, -113, -3579], [-4990, -908, -500], [-734, -2212, -82], [509, -1231, 18], [-627, -1683, -1338], [-4401, -933, -783], [1012, 2310, -1016], [1646, 2188, -1673], [-693, 1191, 6], [-1055, -31, 557], [-636, -1766, -1825], [-116, 1014, -296], [-459, 845, -422], [-1123, -2255, 1561], [-508, -718, 537], [-2436, 2702, -476], [-4654, -472, -1068], [1383, -1937, 1235], [-2098, -2240, 3034], [3170, -1664, 2605], [-1165, 2795, 612], [-472, -1150, 675], [410, -2284, -2142], [2115, -1393, -1019], [2, 0, -1], [1361, -2887, 1899], [-340, -2386, 1284], [-75, 365, -827], [-308, -1858, -1687], [-196, -1914, -1987], [1488, 2062, -1609], [-471, -2443, 136], [485, 677, 3897], [-1651, 425, 1479], [-356, 194, -2278], [2, 0, -1], [-413, -1817, -1671], [625, -3083, 378], [2152, 350, 767], [1580, 914, 1218], [703, 375, -2909], [-1139, 925, 555], [-416, -1578, 700], [-341, -633, 418], [-558, -2340, 1179], [-2663, 785, -637], [339, 2543, 121], [119, -2221, -1806], [216, 2250, -795], [3073, 1317, -302], [-1162, 152, 1839], [-1668, 974, -2444], [2, 0, -1], [-462, 532, -544], [784, 250, -2691], [-1341, 415, 59], [-3404, 1682, -2395], [119, -2305, 552], [605, -1075, 882], [-670, 1488, -1411], [-951, 2741, 163]]

exec_time (ms): 556044.2113876343 ms
exec_time: 9m 16s 44.211387634277344ms