N: 57
n: 6
number_of_primes (d): 3
exp_register_width (qd): 5
primes: [2, 5, 7]

R: 11287
T: 3
t: 16
delta: 0.00010850933564202967
delta_inv: 9216Percent of combinations (with positive values of result vector) that gives % N = 1: 60.3%
Percent of combinations (with positive values of result vector) that give p and q: 39.4%
Vectors that gives p and q: [[1, -1, 1], [804, -3087, 619], [-1946, 1523, -1529], [139, 941, 5101], [-1543, 1537, -1749], [-2766, 2523, 855], [-665, 3593, -337], [1, -1, 1], [1, -1, 1], [1, -1, 1], [1, -1, 1], [-1940, 1847, -1884], [1, -1, 1], [2661, -1215, 833], [1, -1, 1], [1, -1, 1], [-1146, 987, 2491], [-733, -2315, 1128], [1, -1, 1], [1, -1, 1], [-388, -1817, -3952], [-1142, 359, 2023], [2687, 121, -2638], [-3897, -1983, 1736], [167, -2663, 355], [1710, -1923, 1933], [1358, -773, -1363], [1, -1, 1], [-365, -1057, -1805], [1, -1, 1], [-1963, 1981, -2083], [1, -1, 1], [999, 183, -1757], [-1875, 1497, -1461], [1, -1, 1], [-1, 1, -1], [-332, -2293, 1109], [2527, 455, 485], [-878, -1423, -1072], [876, -9, -1184], [2732, 2215, 1477], [1, -1, 1], [1, -1, 1], [3358, 869, -984], [-2212, -1037, -1024], [2314, -523, -164], [1, -1, 1], [-357, -2361, -3486], [2123, -2297, -575], [-949, -323, 1018], [131, -689, 1541], [-542, -1957, -3598], [2574, -2643, -3308], [1, -1, 1], [2574, -15, -1283], [3364, -2419, -449], [-3549, -1725, 1254], [1, -1, 1], [-443, -1063, 915], [-248, -1075, -1808], [-1243, 1777, -2070], [-1708, 1723, -1892], [272, -3047, 982], [1, -1, 1], [1, -1, 1], [1, -1, 1], [1, -1, 1], [1347, -423, -106], [1, -1, 1], [-2187, -1785, 695], [-930, -1059, 1470], [-746, -1063, -1562], [-207, -2931, 751], [-824, 659, -534], [1, -1, 1], [1, -1, 1], [-2552, -1081, -475], [1, -1, 1], [3603, -261, -938], [-1960, 1681, -1567], [3900, 2091, -1645], [-1709, 1115, 2515], [-1171, -719, 1184], [-460, -3041, 1418], [-1071, -825, 895], [3535, 2309, -1621], [1415, -977, -2306], [-238, 1579, -376], [1, -1, 1], [-197, -2995, -2953], [1, -1, 1], [517, 1805, 3817], [-1944, 1617, -1510], [-1322, -85, 1710], [71, 2065, 3921], [1, -1, 1], [840, -837, 1159], [1, -1, 1], [2048, 775, 823], [1, -1, 1], [-219, -579, 334], [1273, 11, 2691], [-481, -2813, 872], [1452, -1185, -2599], [2771, -533, 622], [-2299, 1141, 1551], [1, -1, 1], [1, -1, 1], [1, -1, 1], [1, -1, 1], [1, -1, 1], [1, -1, 1], [1, -1, 1], [1, -1, 1], [1, -1, 1], [1, -1, 1], [-2236, 1447, -1401], [-1075, -1571, 1829], [1, -1, 1], [-877, 727, 159], [-846, -1773, 1038], [-1096, -1919, -3268], [-1314, -1023, -1424], [-1790, 1577, -1852], [1, -1, 1], [1, -1, 1], [1, -1, 1], [1, -1, 1], [1159, -907, -1409], [-1002, 1203, 2218], [657, 519, -2371], [1, -1, 1], [1, -1, 1], [1, -1, 1], [1, -1, 1], [-1795, 1789, -1905], [-248, -2245, 763], [-2260, 409, 354], [3162, -2757, -609], [1, -1, 1], [1946, 583, -3967], [784, 1037, -493], [-877, -2375, 1708], [-3645, -1899, 1329], [837, 2595, 3193], [-976, 1111, 1400], [1, -1, 1], [-249, -1875, -3969], [1, -1, 1], [-1211, 1757, -2433], [-1682, -1177, 2537], [699, 1611, 4025], [-3538, -1739, 1105], [1, -1, 1], [1, -1, 1], [1, -1, 1], [1459, -1147, -1968], [-1158, -1473, -1171], [1, -1, 1], [1517, 871, -2082], [-1548, 1581, -1648], [1, -1, 1], [1, -1, 1], [963, -945, 882], [-3757, -1499, 1145], [-3767, -1729, 1349], [-2082, 1611, -1750], [1, -1, 1], [1, -1, 1], [1, -1, 1], [1, -1, 1], [1882, -25, -1666], [-3111, 513, -137], [209, 1957, 3826], [-375, -1773, -1262], [-946, 3001, -258], [1012, -601, -690], [1693, 3329, -3275], [3601, 1745, -1220], [1, -1, 1], [398, 109, -1089], [1, -1, 1], [-1142, -1237, -1497], [1, -1, 1], [1, -1, 1], [1, -1, 1], [-669, 207, 944], [-2808, 921, -1331], [5065, -367, 1045], [-1941, 1491, -1491], [1, -1, 1], [-630, -2403, 987], [1291, -3193, -1806], [-1824, -657, 961], [-3728, -1135, 618], [1, -1, 1], [2541, 915, -3045], [-394, -1937, 1064], [652, 1151, 1598], [-1360, -2165, -2751], [1, -1, 1], [1026, -687, 452], [1057, -565, -168], [-2804, -517, -98], [255, -2709, 697], [-1146, 159, 1114], [1, -1, 1], [-811, -1175, 1290], [1, -1, 1], [1870, -853, -2597], [2888, 2221, 1675], [3997, -1513, -1313], [1, -1, 1], [120, -2139, -4030], [-2746, -1817, 929], [1, -1, 1], [26, 3787, -824], [-1964, 1931, -1942], [1421, 1753, -1895], [26, -2441, 289], [-2010, 1857, -1839], [-1964, 1823, -1996], [-2341, 1075, -1260], [1, -1, 1], [-1602, -1299, -1519], [1, -1, 1], [380, -281, -2365], [1, -1, 1], [1390, -3931, 1353], [-2390, 317, -879], [1, -1, 1], [-277, -1967, -3686], [600, -561, -446], [371, -3083, 553], [1549, -3571, -1969], [1, -1, 1], [-3339, 681, 356], [3222, -279, 2148], [-1470, -1443, 2701], [-266, -2593, 641], [-1123, -1685, 1766], [1, -1, 1], [-1819, 1975, -2103], [91, -2539, 427], [1, -1, 1], [-1215, -771, 1324], [1, -1, 1], [1, -1, 1], [1, -1, 1], [-544, -2699, 961], [-1391, -1567, -1015], [1725, 3723, -653], [1658, -119, -2614], [-1071, -1329, 1843], [1, -1, 1], [1598, -1271, 1056], [1, -1, 1], [-1936, 1765, -1864], [498, -2943, 97], [418, -2461, 43], [1, -1, 1], [-1244, -1033, 1627], [-2607, 441, -890], [42, 2133, 1136], [1354, -1057, -2183], [-2094, -1179, -1115], [1, -1, 1], [1, -1, 1], [-996, -1227, -1629], [2291, -1871, -2324], [-1665, 1677, -1907], [1, -1, 1], [1067, -1019, 975], [374, 835, -1545], [-2043, 1821, -1763], [1, -1, 1], [1, -1, 1], [927, 1779, 83], [-1934, 1661, -1509], [-1614, 1557, -1876], [-1140, -1737, 1774], [-1145, 815, -784], [1, -1, 1], [1060, 341, -1347], [-1937, 1775, -1772], [-1432, -2897, -2107], [-1518, 1653, -2004], [1, -1, 1], [-380, -1879, -1214], [-2671, -1163, -136], [-278, 23, -2925], [-193, -2105, -3797], [1539, 471, -2549], [-1742, 1967, -2162], [1, -1, 1], [2109, -1587, 1308], [-156, -1995, -3930], [-765, 105, 1088], [-3701, 335, 751], [1460, -797, -2342], [1, -1, 1], [370, -343, 3295], [1, -1, 1], [1255, 1403, -1771], [1, -1, 1], [-1646, 3329, 2185], [1499, -1445, 1523], [-3793, -1799, 1540], [-1162, -779, -1773], [1, -1, 1], [-306, -1779, -3815], [-1052, -571, 1179], [1, -1, 1], [1, -1, 1], [-2696, -499, -266], [1, -1, 1], [-859, 835, -969], [-1767, 1899, -2044], [1735, -1153, -1698], [3037, 2675, 711], [-1105, -1685, 1679], [1043, 163, -1303], [-1453, -665, 1078], [1, -1, 1], [2451, 615, -2590], [482, -17, -839], [1, -1, 1], [215, -2903, 432], [-1, 1, -1], [920, -1025, -735], [-1028, -1903, -3175], [-1867, 1465, -1557], [-903, -867, -1862], [1, -1, 1], [1, -1, 1], [1, -1, 1], [1490, -1025, -2393], [-1799, 1901, -1927], [859, 2177, 620], [1, -1, 1], [1, -1, 1], [-2960, 2129, 1530], [747, 2283, -1078], [-1411, -2039, -2951], [1, -1, 1], [2582, 217, -3241], [2851, 1547, 1605], [1, -1, 1], [1136, -3257, -1764], [-2116, 721, 635], [1, -1, 1], [1, -1, 1], [-549, 771, 326], [1124, 199, -1624], [-78, -1989, -3959], [1, -1, 1], [-1, 1, -1], [-153, 2709, -729], [-3169, -1367, 485], [-1, 1, -1], [1, -1, 1], [-1231, -2963, 2009], [1, -1, 1], [1, -1, 1], [-2110, -443, -1575], [-101, -2083, -3721], [-861, -915, 2021], [1, -1, 1], [1048, -1093, -857], [2686, 2321, 707], [1, -1, 1], [-1168, -221, 1417], [-2702, 293, 554], [188, -1397, -2063], [1, -1, 1], [1, -1, 1], [1, -1, 1], [1280, -3563, -2052], [1, -1, 1], [-2431, 79, 997], [-502, -1775, -3790], [1, -1, 1], [-1368, 1497, -1496], [1, -1, 1], [1111, -799, -1488], [1, -1, 1], [1811, -359, -1122], [1, -1, 1], [1, -1, 1], [1648, -1153, -2390], [2545, -43, 895], [-1313, 2171, -2713], [-394, -1871, -3879], [399, 2931, 36]]

exec_time (ms): 569459.0768814087 ms
exec_time: 9m 29s 459.0768814086914ms