N: 35
n: 6
number_of_primes (d): 3
exp_register_width (qd): 5
primes: [2, 3, 11]

R: 11287
T: 3
t: 16
delta: 0.00010850933564202967
delta_inv: 9216Percent of combinations (with positive values of result vector) that gives % N = 1: 68.4%
Percent of combinations (with positive values of result vector) that give p and q: 41.5%
Vectors that gives p and q: [[-781, -1669, -1362], [-2289, -1197, 1482], [-638, -1608, -1517], [-2993, -13, 14], [838, 572, -736], [-876, 1414, -1915], [-1666, -676, -1470], [2, 0, -1], [-112, -1918, -2019], [1979, 1771, -1328], [2, 0, -1], [-823, -1103, 817], [-4094, -484, -1048], [-922, 2692, 331], [1829, -1023, -1186], [-1234, 2716, -4172], [1589, -827, 535], [73, 1441, -621], [1193, 49, -3287], [3351, -869, 620], [-760, 1022, -609], [-27, -1959, -2007], [-1820, -1962, 1771], [-273, -1697, -1777], [1760, -3054, 1619], [-1718, 1608, -1139], [535, -1977, 1009], [3449, -1367, 1411], [422, 2360, -1272], [152, 926, -519], [-2043, -1891, 1780], [50, 1200, -343], [-791, -1479, -1718], [821, -2163, 2345], [-216, -1926, -1947], [2448, 3694, 452], [-3874, 1460, -1833], [2, 0, -1], [2, 0, -1], [-174, -1936, -1895], [2089, 2133, -2546], [-102, -2024, -1894], [-1752, 954, -1161], [-687, 2149, -175], [806, 1044, -841], [-404, 426, -455], [-3, 1, 2], [-1881, 1007, -1136], [761, -723, 275], [-3093, 1475, -2060], [-536, 2502, 1543], [-459, -1887, -1506], [-1764, -1698, 1680], [-1048, 1450, -536], [-273, -1917, -1914], [-390, -1776, -2109], [-767, -1647, -1721], [-1732, -1794, 1673], [919, -1413, -473], [617, 761, 3183], [-3643, 1537, -1796], [-2243, 637, -1110], [-1329, 2115, -1731], [-274, -1860, 1052], [799, -801, 1054], [-834, 1972, -211], [1108, -470, 345], [-322, -1924, -1893], [-3413, 1563, -2351], [-1208, -1142, -2769], [-603, -675, 597], [2692, -1542, 2788], [-2495, -895, -1903], [-11, 765, 2551], [-1581, -2021, 1826], [-1549, -2309, 2185], [257, -851, -2456], [701, -1591, 2229], [100, -1998, -2048], [365, 665, -2736], [17, -2091, -1864], [-1758, -1580, -664], [90, -2052, -1980], [477, -2487, 2349], [1109, -1659, 1235], [2, 0, -1], [1325, 2317, -1508], [1885, 1889, -1639], [-368, -1966, -1810], [1368, -702, -879], [831, 1431, 1428], [-2597, -181, -424], [-437, 343, -426], [-1546, -2076, 1559], [-602, 1156, 2592], [211, -2309, 1575], [-342, -1924, -1868], [-1476, -2022, 1197], [-212, -2046, -1919], [1085, 1389, -1177], [-1020, 906, -1107], [2, 0, -1], [1051, -1093, -463], [-1784, -2090, 1896], [-228, -1994, -1822], [182, -2824, 2745], [-1982, 3256, -1446], [-1695, -1963, 1765], [471, -925, 448], [2, 0, -1], [-1535, 413, 1691], [-1518, 908, -1679], [-785, 1011, -1415], [968, -1382, 1261], [-238, -1940, -1901], [694, -2404, -1510], [-758, -1756, -1351], [-2130, 516, -1020], [-559, -1783, -1755], [858, -1376, -517], [-2122, -1268, -1367], [3760, -1650, 2194], [270, 4052, -908], [1027, -1793, 1566], [3705, -1811, 2102], [-97, -1557, 815], [-36, 2370, -423], [-731, 825, -617], [-343, -87, 1040], [-236, -1954, -1915], [1782, -596, 1364], [1213, 2073, -1430], [16, -2122, -1798], [-2569, 1263, -2962], [3848, -1806, 2069], [2153, 1445, -1410], [-1211, -1167, -2768], [2, 0, -1], [-2332, -862, -444], [-2842, -192, -199], [-1780, 974, -1404], [750, -2800, 328], [-31, -2099, -1814], [2, 0, -1], [836, 1070, -918], [2631, 7, 545], [1242, -948, -738], [2184, 718, 734], [-1408, -2322, 1556], [-141, -2021, -1909], [2730, 1472, -425], [320, -2230, 510], [-246, -1924, -1970], [-205, -1821, -1981], [-2459, -903, -350], [86, -2200, -1728], [-1932, -2114, 1937], [64, -1838, -1776], [-1484, -2006, 2271], [1359, -961, -602], [-1430, 900, -1217], [1983, -953, 458], [1693, 2009, -1696], [-653, 1099, -702], [1499, 2035, -1535], [-784, -1790, -1424], [726, 2636, -2444], [610, -592, 644], [-816, 1938, -2415], [2074, -3112, 3614], [2, 0, -1], [-1797, 3011, -1988], [-545, 731, -406], [170, -2112, 374], [-2129, -1593, 2227], [3326, -1352, 1801], [747, -1761, 2055], [-779, 537, -191], [1749, 1629, 1350], [-230, 420, -482], [1617, 1897, -1696], [-1321, 1087, -908], [611, -1133, 22], [-2880, 174, -543], [-3423, 1577, -2468], [-2813, 979, -2406], [3648, 506, 1624], [2, 0, -1], [1421, -731, -926], [260, -2430, -1561], [1289, -1663, 1779], [3150, -860, 206], [162, 328, -1060], [-86, -1900, -1978], [-1521, -1741, 1507], [-1649, 907, -1209], [-294, -1792, -1970], [-268, -1822, -2022], [-2196, 2730, -321], [-2775, -23, -160], [-56, -2026, -1978], [1552, 2150, -1573], [2, 0, -1], [-1455, -1063, -1097], [-2707, 1285, -2207], [-1252, -1622, -557], [369, -827, 971], [-132, -1774, -2051], [-2343, 409, -931], [-62, -292, 1202], [3474, -2048, 2315], [-420, -1838, -1720], [-533, -1093, 896], [-1661, -1701, 1474], [2, 0, -1], [-2347, -1015, -408], [-158, -1984, -1945], [2, 0, -1], [11, -1769, 1027], [2, 0, -1], [-1627, -1983, 1622], [-483, -1547, -1840], [-1691, -1887, 1648], [-666, 296, -104], [2, 0, -1], [-1109, -1869, 1570], [1677, -2007, -399], [1325, -647, -1115], [-1976, -3258, -692], [-1749, -1937, 1697], [659, -1401, 1067], [1257, -623, -1063], [591, -433, 736], [-588, 2890, -2536], [641, -979, 12], [-273, -1953, -1872], [817, 2209, -1002], [-655, -1831, -1644], [-1930, -1996, 1848], [-3064, 3318, 224], [969, -1407, 66], [-642, -1800, -1611], [-612, -1890, -1758], [1239, 739, -1030], [2, 0, -1], [213, 285, -996], [-175, -1847, -2012], [-1739, 925, -1152], [-244, -1782, -1660], [-870, -3528, -717], [-1778, -1828, 1760], [-2293, -469, -867], [-206, -1956, -1940], [3251, -1333, -1941], [-173, -1909, -2068], [-346, -1844, -1811], [1970, -2948, 1408], [-994, -2068, -15], [2, 0, -1], [-273, -1933, -2018], [2, 0, -1], [1441, 2417, -1777], [-187, -1887, -1996], [883, 947, -820], [1203, -3277, 1633], [-2800, -34, -186], [2, 0, -1], [-91, -1983, -1942], [-372, -1982, -1861], [314, -1648, -2313], [1771, 2051, -1726], [-2096, 814, -930], [2, 0, -1], [-1061, 499, -87], [-677, 547, -375], [-1089, 819, -300], [-3716, 1810, -2013], [2882, 224, -21], [-618, -1724, -1552], [-2496, -374, -529], [-1337, -1837, 1589], [39, -2073, -2028], [-246, -1996, -1943], [-261, -1893, -1917], [1805, -199, 1107], [261, -1091, -2422], [-176, -2030, -1701], [3234, -1408, 1921], [2097, 1521, -1476], [1153, -303, -1382], [-1981, 911, 1545], [-481, -1205, -1835], [-1261, -2277, 1580], [-1019, 1669, -1578], [-1380, -1950, -1230], [2, 0, -1], [591, -1413, 2490], [1809, -939, 1158], [259, 331, -1395], [-1458, -2232, 1485], [-771, -1747, -1502], [-1426, -2140, 1482], [1075, -377, -780], [-1531, -1719, 1613], [716, 2006, 498], [-1427, 673, 210], [-1336, -1690, -1761], [-191, -1855, -1873], [-1422, -2108, 1472], [1797, -203, 1115], [1004, -2646, 2111], [2589, -659, 632], [3845, -1827, 2147], [2, 0, -1], [1234, -740, 1920], [-1604, -1934, 1668], [-3, 1, 2], [-853, 1875, -2119], [2, 0, -1], [-149, -1829, -2049], [2861, -1103, 2146], [1743, -1913, -619], [-3830, 1796, -2068], [2, 0, -1], [-870, 560, -95], [-3439, 1465, -1784], [571, -977, 813], [1879, 3991, 249], [-618, -1616, -1960], [-2450, 2728, 1518], [-876, -2178, 174], [-561, 835, -463], [-467, -603, 547], [935, -1065, 1355], [-3248, 1142, -1231], [-355, -1979, -1802], [-276, -1922, -2044], [-4106, -816, -1559], [-3905, 1483, -1848], [601, -1159, 1859], [1153, -1195, 1652], [-1792, 950, -1425], [-2465, 1239, -2855], [-3, 1, 2], [919, -693, -530], [-2, 0, 1], [-857, 1739, -2092], [-208, 2314, -1562], [-449, -1873, -1954], [-1034, 1268, -508], [2352, 3570, 834], [2220, 1086, 336], [1669, -1167, 970], [2276, -1106, -1346], [2, 0, -1], [1370, -904, -945], [-146, -1976, -1938], [-2343, 2525, -818], [1707, 2079, -1728], [3805, -1883, 2067], [2980, 478, -870], [-3022, 1504, -1907], [1325, -771, 1577], [-934, -1012, 945], [-526, 1580, -1464], [-162, -2080, -1817], [3016, -1418, 2286], [1784, 1898, -1653], [2240, -2030, -1256], [-198, -1768, -2039], [103, -2053, -2155], [-608, -1758, -1694], [579, 2091, -1086], [-320, -1694, -2112], [1789, -819, 517], [-2119, -715, -303], [-2518, -1000, -183], [489, 1017, 3090], [-2093, 983, -733], [1615, -1513, -226], [2245, -1607, -1062], [2551, 1119, 157], [-912, 1578, -1395], [3045, -1023, 1833], [-261, -2653, 2392], [1066, -1188, 1621], [-292, 1622, -1515], [3650, -1796, 2179], [-354, -1800, -2058], [-182, -1804, -1996], [-3217, -1081, 678], [-3322, 1624, -2105], [-143, -1983, -1940], [2105, 1725, -1522], [916, 2206, -1701], [2, 0, -1], [2546, 1068, 275], [1472, 2074, -1520], [2, 0, -1], [3346, -1412, 1998], [-33, -1969, -1937], [-1054, 108, 104], [1944, -1470, -1008], [2, 0, -1], [-1014, 4212, -1779], [1508, -582, -982], [2, 0, -1], [-3, 1, 2], [545, -2711, 997], [1789, -3343, 1697], [1128, 2298, -1209], [-1974, 996, -1071], [880, -726, -554], [2, 0, -1], [-1593, -1985, 1598]]

exec_time (ms): 467062.41393089294 ms
exec_time: 7m 47s 62.413930892944336ms