N: 39
n: 6
number_of_primes (d): 3
exp_register_width (qd): 5
primes: [2, 5, 7]

R: 11287
T: 3
t: 16
delta: 0.00010850933564202967
delta_inv: 9216Percent of combinations (with positive values of result vector) that gives % N = 1: 69.2%
Percent of combinations (with positive values of result vector) that give p and q: 39.0%
Vectors that gives p and q: [[2259, -583, 1902], [-1218, -1163, 1059], [597, 1029, -636], [3349, -1714, -869], [-1899, -1050, 963], [-2261, -481, 2956], [-1901, -335, -1874], [271, 3352, 295], [1517, -2348, -1183], [2062, 1205, -821], [-1179, -1683, 1068], [-2893, -348, 3155], [495, -543, -942], [2552, 110, -2548], [-1876, -405, -1945], [236, 3465, -43], [-1955, -614, 1075], [379, -378, -647], [2467, 619, 148], [-304, 1254, -1012], [-1882, -396, -1792], [-1130, -1301, -1451], [-3356, 1480, 1534], [839, -662, -1627], [1, -1, -2], [-965, 1610, -767], [1047, -1126, -1479], [59, 3657, 134], [-3789, -1153, 1284], [728, -623, -751], [-1912, -241, -1957], [1226, -1343, -1393], [-1828, -451, 905], [-461, 1360, 1987], [299, 3359, 308], [277, 207, -1226], [674, -237, -2551], [608, -585, -2077], [-1905, -324, -1833], [-942, -341, 477], [1750, 1159, 1045], [-1739, 1126, -89], [-1925, -121, -2000], [41, -876, 893], [2665, 289, -680], [880, -1178, -1796], [-1944, -203, -1923], [980, -592, -2002], [1829, 1407, -814], [-3518, 1311, 1933], [886, 485, -785], [-2, -1, 1], [3448, -1314, -2108], [-446, -1603, 559], [56, -3527, -259], [-1179, -1173, 1086], [-1, 1, 2], [1, -1, -2], [-95, -1344, 1225], [299, 3371, 296], [810, -663, -1617], [192, -1402, -336], [-2254, 256, -2164], [840, 2878, -132], [-68, -3546, -272], [-2859, 374, 1647], [1828, 715, -1757], [2256, 254, -528], [-963, -1445, 1134], [-992, 1119, -221], [-1003, -1389, 1202], [-2072, 1726, -1832], [301, 3471, 94], [-919, 666, 2411], [-2888, 741, 2065], [-1933, -281, -1996], [-1561, -1439, 3278], [-579, 454, 915], [-1921, -178, -1927], [1, -1, -2], [213, 3615, 138], [-1380, -2163, 1593], [1145, -408, -2203], [1, 3, -2], [-353, -1474, 2533], [-3393, 1429, 1722], [-2116, -1376, 3434], [-2136, -763, -1503], [379, -44, -785], [-2931, 844, -3], [197, 3588, 41], [791, -351, -1570], [1503, -2119, -1158], [-2246, 107, -2039], [-1878, -402, -1830], [-389, 264, 3859], [-269, -3434, -287], [-322, 1016, -844], [-1743, -548, -2043], [2814, 134, -2778], [-2111, -1419, 976], [-2012, -33, -1973], [1019, 2561, -1714], [-1723, -996, 857], [883, 73, -1778], [-673, -747, 638], [-1263, -1336, -1407], [-1878, -346, -1986], [947, -1670, -3619], [-1848, -602, -1632], [-222, -3484, 36], [865, 448, -1511], [-1374, -1968, 1224], [-1571, -914, -2045], [676, 3025, 25], [2349, -1928, 537], [-1912, -95, -1999], [-1947, -1599, 3396], [-695, -2620, -695], [-1329, 1620, -453], [236, 3542, 92], [273, 3383, 342], [-1485, 2430, 945], [-1867, -282, -1921], [3473, -1419, -1924], [-1955, -167, -1964], [-639, 66, 147], [-576, 941, 657], [-1972, -513, -1801], [-2036, -478, 1084], [-958, 1716, -856], [1022, -1219, -1177], [-1998, -1495, 3663], [-989, 682, 3001], [-1204, -1789, -1033], [1179, 1683, -1068], [-3673, 1646, 2093], [1580, -2361, -997], [-1024, -2323, 1589], [-1206, -1647, -1329], [-1921, -1071, 878], [374, -553, -331], [-448, 2766, 752], [-2023, 25, -1984], [-851, -794, 1507], [-1915, -524, 749], [-646, -755, 659], [-1359, -1365, -1338], [-2032, -205, -1933], [-1006, -797, 2261], [2807, -200, -1381], [-2112, -322, 1044], [1132, -1942, -1340], [-141, -3680, -93], [624, -908, -522], [-2480, -1373, -1001], [-1998, -451, -1737], [-182, -3387, -317], [860, -956, -1918], [-1042, 397, 11], [526, -454, -1298], [-1364, -892, 1006], [-299, -88, -299], [-441, -3202, -219], [318, 3488, 12], [1009, -1629, 766], [-834, -535, 543], [-1395, -1382, -1281], [-2, -1, 1], [1583, -1946, -3739], [263, 3411, 272], [-2010, -1373, -27], [-561, -1032, 447], [-656, 1140, -566], [26, 3614, 218], [2894, -186, -2806], [453, -586, -321], [559, -606, -719], [-2113, -653, 692], [-434, 916, -500], [-819, -2391, -960], [-3002, 1536, 1756], [460, 679, -2729], [612, 3196, -102], [-2124, -780, 774], [-707, 1071, -470], [-700, -3014, -16], [2595, 902, 1365], [1730, 1465, -3553], [298, -813, -347], [-619, 678, 695], [-146, -3575, -209], [-1570, -661, -2347], [1862, 1370, -3322], [3819, 1733, -1542], [-1975, -20, -2047], [160, 3582, 172], [-2053, -264, -1861], [-500, -1101, 847], [-1820, -244, -1994], [-1326, -543, 591], [597, -729, -390], [-2157, 8, -2001], [-1343, -1344, -1343], [1016, -763, -3739], [484, -754, -404], [951, -390, -2571], [-723, 1096, -567], [-1980, -311, -1899], [941, -892, -2023], [1909, 1448, -3491], [-1352, -1756, 1186], [-987, -140, 609], [194, 3642, -22], [1277, -1496, -883], [131, -3379, -406], [472, -594, -908], [-2287, 411, -2002], [-857, 1696, -917], [919, 47, -2732], [975, -350, -1647], [-2305, -562, -1711], [2951, -1118, 1457], [-1787, -207, -2036], [145, 3622, 91], [101, 3687, 122], [39, -3699, -150], [-1967, -53, -2030], [69, 3622, 147], [-3049, 588, 491], [-2011, -133, -2002], [-1911, -918, 2451], [-163, -3628, -127], [-1037, -562, 1549], [-673, -710, 617], [-1771, -509, -1762], [-927, 524, -135], [237, 3543, 90], [-1482, -61, -2223], [-641, 1128, -557], [-1809, -451, -1878], [-1438, 2212, 1124], [-1972, -151, -1963], [367, 2959, -212], [-1987, -58, -1981], [-127, 910, -2977], [2242, 703, -1499], [-1040, 1554, 1480], [-1192, 1640, 1070], [2753, -492, -1459], [3018, 1063, -1215], [-1899, -1139, 912], [195, 623, 4404], [1410, 1304, 1368], [1294, -1813, -2735], [1081, -1252, -1007], [2212, 510, -680], [-2335, -387, -1348], [-968, -1440, 1114], [-109, -3654, -259], [1826, 816, 2192], [-3144, 1495, 1959], [-1058, 2168, -2708], [781, -589, -1646], [-1898, -1039, 919], [-1994, -201, -1883], [-1989, -959, 978], [-853, 1134, 1817], [99, -1062, 3021], [1798, 751, 1993], [-1732, -426, 740], [-1033, -1910, 1193], [3404, -1370, -1936], [286, 356, -2708], [-1219, -1685, 1022], [-861, 618, 1641], [-2287, -96, -295], [25, 990, -821], [812, -330, -460], [-1646, -336, -1952], [-1335, -1452, 1305], [3278, -1085, -2107], [572, 3182, 212], [-360, -3431, -75], [-3193, -1202, 1145], [-300, -3368, -198], [293, 1013, -676], [791, 1689, 1658], [-500, 663, 499], [2928, -47, -2871], [-1975, -847, 776], [-1771, 687, 1790], [1023, 107, -492], [1572, 1323, -3333], [-2222, -254, -1646], [164, -1044, -3010], [-2642, -473, 913], [1515, 1330, -3387], [846, -1181, -591], [333, 272, -2631], [477, -341, -942], [731, -643, -2026], [-1301, 1016, 1339], [-3591, 1688, 1497], [-766, 715, 2045], [-599, -842, 655], [-3487, 1362, 1943], [699, -279, -678], [-1277, -1738, 1069], [-2026, -232, -1960], [-970, 832, 1340], [-1767, -284, -2031], [-1315, -1339, -1372], [1104, -979, -4311], [954, -1541, 765], [1455, 488, -1185], [-2160, -1386, 3540], [-820, -498, 620], [-1944, -203, -1923], [-933, 484, 651], [-220, -3271, -499], [-2039, -869, 3142], [-2022, -284, -1860], [-1016, -74, 2608], [-2002, -217, -1807], [-3402, 1259, 2049], [-2237, 113, -1850], [-1969, 55, -1936], [-2134, 48, -1864], [3390, 1033, -741], [-1634, -435, -1973], [78, -1611, -177], [-1053, 663, 2076], [442, -544, -932], [-345, -3376, 123], [-2193, -747, -1554], [82, 3131, 613], [-1355, -1830, 1135], [-2424, -524, -1122], [1624, 1020, -1262], [1, -1, -2], [1033, 437, -452], [-1910, -244, -1916], [2594, -1058, -1906], [336, -288, -714], [-556, 1372, 746], [420, -381, -417], [1621, -2100, -1271], [-1792, -511, -1735], [1458, 1724, 636], [401, 3442, -109], [-1065, 830, 3045], [464, 1281, -643], [-1318, 1148, 1076], [-1545, -832, -2061], [236, -2866, -820], [-1951, -94, -1993], [265, -3275, -464], [-2409, 130, 2625], [-2056, -190, -1900], [-938, 1728, -812], [-499, 176, 1061], [840, 874, -1800], [-95, -1344, 1225], [681, 677, 2076], [-2379, -131, 696], [-88, -3626, -136], [1028, -338, -1000], [1514, -1541, -3331], [-2528, -136, 2734], [671, -352, -2281], [-786, -549, 885], [-1808, -407, -1871], [934, -1419, -1265], [22, 1129, -833], [286, 3345, 331], [-652, 1154, -592], [876, -1067, -1875], [-2, -1, 1], [-1190, -853, 1045], [-2010, -142, -1962], [-378, -3318, -270], [297, -259, -996], [2135, 1687, -1024], [672, -1311, -915], [-1727, -358, -1901], [537, -783, -408], [-1930, -188, -1936], [-1692, -443, -2019], [-590, -444, -2048]]

exec_time (ms): 428282.44137763977 ms
exec_time: 7m 8s 282.4413776397705ms