N: 15
n: 4
number_of_primes (d): 2
exp_register_width (qd): 4
primes: [2, 7]

R: 2903
T: 3
t: 14
delta: 0.0003444712366517396
delta_inv: 2903Percent of combinations (with positive values of result vector) that gives % N = 1: 99.2%
Percent of combinations (with positive values of result vector) that give p and q: 96.4%
Vectors that gives p and q: [[-1, 1], [0, 2], [1, -1], [1, -1], [0, 2], [-1, 1], [1, -1], [1, -1], [-1, 1], [-1, 1], [-1, 1], [-1, 1], [-1, 1], [1, -1], [1, -1], [-1, 1], [-1, 1], [0, 2], [-1, 1], [0, 2], [1, -1], [1, -1], [0, 2], [-1, 1], [-1, 1], [1, -1], [-1, 1], [-1, 1], [1, -1], [-1, 1], [1, -1], [1, -1], [-1, 1], [0, 2], [-1, 1], [1, -1], [1, -1], [0, 2], [-1, 1], [1, -1], [1, -1], [1, -1], [1, -1], [0, 2], [-1, 1], [0, 2], [0, 2], [0, 2], [1, -1], [1, -1], [-1, 1], [1, -1], [-1, 1], [0, 2], [-1, 1], [1, -1], [2, 0], [-1, 1], [1, -1], [-1, 1], [-1, 1], [1, -1], [1, -1], [-1, 1], [-1, 1], [-1, 1], [1, -1], [1, -1], [-1, 1], [1, -1], [-1, 1], [1, -1], [-1, 1], [-1, 1], [-1, 1], [1, -1], [1, -1], [1, -1], [-1, 1], [0, 2], [-1, 1], [0, 2], [-1, 1], [-1, 1], [0, 2], [-1, 1], [1, -1], [1, -1], [1, -1], [0, 2], [-1, 1], [1, -1], [1, -1], [-2, 0], [-1, 1], [1, -1], [1, -1], [2, 0], [1, -1], [2, 0], [2, 0], [1, -1], [-2, 0], [0, 2], [1, -1], [-1, 1], [-1, 1], [-1, 1], [-1, 1], [1, -1], [1, -1], [0, 2], [-1, 1], [1, -1], [1, -1], [-1, 1], [0, 2], [-1, 1], [1, -1], [1, -1], [1, -1], [-1, 1], [0, 2], [1, -1], [1, -1], [2, 0], [-1, 1], [-1, 1], [-1, 1], [2, 0], [-1, 1], [-1, 1], [1, -1], [-1, 1], [1, -1], [1, -1], [-1, 1], [-1, 1], [1, -1], [-1, 1], [-1, 1], [0, 2], [0, 2], [1, -1], [1, -1], [-1, 1], [0, 2], [-1, 1], [1, -1], [-1, 1], [0, 2], [-1, 1], [1, -1], [0, 2], [0, 2], [1, -1], [-1, 1], [1, -1], [-1, 1], [0, 2], [1, -1], [0, 2], [-1, 1], [-1, 1], [-1, 1], [-1, 1], [1, -1], [-1, 1], [-1, 1], [-2, 0], [-1, 1], [1, -1], [1, -1], [-1, 1], [-1, 1], [-1, 1], [-1, 1], [-1, 1], [1, -1], [-1, 1], [1, -1], [-1, 1], [0, 2], [1, -1], [-1, 1], [1, -1], [-1, 1], [-2, 0], [1, -1], [0, 2], [-1, 1], [-1, 1], [-1, 1], [1, -1], [-1, 1], [1, -1], [-1, 1], [1, -1], [-1, 1], [-1, 1], [-1, 1], [1, -1], [1, -1], [-1, 1], [-2, 0], [-1, 1], [1, -1], [1, -1], [0, 2], [1, -1], [1, -1], [-2, 0], [-1, 1], [1, -1], [1, -1], [1, -1], [1, -1], [2, 0], [-1, 1], [-1, 1], [-1, 1], [1, -1], [0, 2], [-1, 1], [1, -1], [1, -1], [-1, 1], [1, -1], [-1, 1], [1, -1], [-1, 1], [0, 2], [-1, 1], [0, 2], [1, -1], [1, -1], [1, -1], [-1, 1], [-2, 0], [-1, 1], [-1, 1], [1, -1], [1, -1], [1, -1], [0, 2], [-1, 1], [0, 2], [0, 2], [1, -1], [-1, 1], [1, -1], [0, 2], [-1, 1], [-1, 1], [1, -1], [1, -1], [-1, 1], [1, -1], [1, -1], [1, -1], [1, -1], [-1, 1], [0, 2], [-1, 1], [0, 2], [-1, 1], [2, 0], [-1, 1], [-1, 1], [-1, 1], [-2, 0], [0, 2], [1, -1], [1, -1], [0, 2], [-1, 1], [1, -1], [1, -1], [-1, 1], [-1, 1], [1, -1], [1, -1], [1, -1], [-1, 1], [1, -1], [0, 2], [-1, 1], [-1, 1], [0, 2], [1, -1], [1, -1], [-1, 1], [-1, 1], [-1, 1], [-1, 1], [1, -1], [1, -1], [0, 2], [1, -1], [1, -1], [1, -1], [1, -1], [1, -1], [2, 0], [1, -1], [0, 2], [1, -1], [0, 2], [1, -1], [0, 2], [-2, 0], [-1, 1], [1, -1], [-1, 1], [1, -1], [-1, 1], [1, -1], [1, -1], [-1, 1], [1, -1], [-1, 1], [-1, 1], [-1, 1], [2, 0], [1, -1], [1, -1], [-1, 1], [1, -1], [-1, 1], [1, -1], [-1, 1], [1, -1], [-1, 1], [-1, 1], [1, -1], [-1, 1], [-1, 1], [1, -1], [1, -1], [-1, 1], [1, -1], [-1, 1], [-1, 1], [-1, 1], [0, 2], [-2, 0], [0, 2], [1, -1], [0, 2], [1, -1], [-1, 1], [0, 2], [0, 2], [-1, 1], [0, 2], [1, -1], [1, -1], [0, 2], [-1, 1], [-1, 1], [0, 2], [2, 0], [0, 2], [2, 0], [1, -1], [-1, 1], [-1, 1], [1, -1], [1, -1], [-1, 1], [1, -1], [1, -1], [-1, 1], [1, -1], [1, -1], [1, -1], [0, 2], [1, -1], [1, -1], [-1, 1], [1, -1], [1, -1], [0, 2], [-1, 1], [-1, 1], [0, 2], [1, -1], [1, -1], [1, -1], [0, 2], [-1, 1], [-1, 1], [0, 2], [2, 0], [-1, 1], [2, 0], [-1, 1], [-1, 1], [1, -1], [1, -1], [1, -1], [-1, 1], [2, 0], [1, -1], [-1, 1], [1, -1], [-1, 1], [2, 0], [1, -1], [1, -1], [-1, 1], [-1, 1], [0, 2], [1, -1], [-1, 1], [1, -1], [0, 2], [0, 2], [-1, 1], [-1, 1], [0, 2], [-1, 1], [0, 2], [1, -1], [1, -1], [-1, 1], [-1, 1], [-1, 1], [1, -1], [1, -1], [0, 2], [2, 0], [1, -1], [1, -1], [-1, 1], [1, -1], [-1, 1], [-1, 1], [1, -1], [-1, 1], [0, 2], [-1, 1], [-1, 1], [1, -1], [0, 2], [1, -1], [1, -1], [1, -1], [-1, 1], [-2, 0], [0, 2], [1, -1], [2, 0], [1, -1], [1, -1], [1, -1], [-1, 1], [1, -1], [0, 2], [-1, 1], [1, -1], [1, -1], [0, 2], [-1, 1], [1, -1], [-1, 1], [-1, 1], [-1, 1], [1, -1], [-1, 1], [-1, 1], [0, 2], [-1, 1], [1, -1], [-1, 1], [1, -1], [0, 2], [1, -1], [0, 2], [1, -1], [-2, 0], [-1, 1], [-1, 1], [-1, 1], [0, 2], [1, -1], [-1, 1], [-1, 1], [1, -1], [1, -1], [-1, 1], [0, 2], [0, 2], [1, -1], [1, -1], [-1, 1], [-1, 1], [1, -1], [1, -1], [1, -1], [-2, 0], [1, -1], [1, -1], [-1, 1], [1, -1], [-1, 1], [-1, 1], [1, -1], [-1, 1], [1, -1], [1, -1], [1, -1], [1, -1], [-1, 1], [-1, 1], [1, -1], [2, 0], [1, -1], [-2, 0], [1, -1], [1, -1], [-1, 1], [-1, 1], [0, 2], [1, -1], [-1, 1], [1, -1], [-1, 1], [-1, 1], [1, -1], [-1, 1], [-1, 1], [1, -1], [-1, 1], [-1, 1], [1, -1], [1, -1], [1, -1], [-1, 1], [-1, 1], [1, -1], [-1, 1], [-1, 1], [-1, 1], [0, 2], [0, 2], [1, -1], [1, -1], [1, -1], [-1, 1], [1, -1], [1, -1], [0, 2], [-1, 1], [1, -1], [1, -1], [0, 2], [-1, 1], [-1, 1], [-1, 1], [1, -1], [1, -1], [1, -1], [-1, 1], [-1, 1], [1, -1], [1, -1], [1, -1], [-1, 1], [0, 2], [-1, 1], [-1, 1], [-1, 1], [1, -1], [-1, 1], [1, -1], [0, 2], [-1, 1], [-1, 1], [-2, 0], [1, -1], [-1, 1], [-1, 1], [0, 2], [1, -1], [-1, 1], [0, 2], [-1, 1], [0, 2], [-1, 1], [0, 2], [1, -1], [1, -1], [-1, 1], [1, -1], [1, -1], [0, 2], [1, -1], [1, -1], [-1, 1], [-1, 1], [1, -1], [0, 2], [1, -1], [-1, 1], [-1, 1], [1, -1], [0, 2], [1, -1], [1, -1], [1, -1], [-1, 1], [-2, 0], [1, -1], [1, -1], [0, 2], [0, 2], [1, -1], [-1, 1], [1, -1], [1, -1], [-1, 1], [1, -1], [-1, 1], [0, 2], [1, -1], [-1, 1], [-2, 0], [-1, 1], [1, -1], [1, -1], [-1, 1], [1, -1], [-1, 1], [1, -1], [-1, 1], [-1, 1], [-1, 1], [-1, 1], [-1, 1], [1, -1], [-1, 1], [-1, 1], [1, -1], [0, 2], [-1, 1], [1, -1], [-1, 1], [0, 2], [0, 2], [1, -1], [0, 2], [0, 2], [-1, 1], [0, 2], [1, -1], [-1, 1], [0, 2], [0, 2], [1, -1], [1, -1], [2, 0], [0, 2], [1, -1], [1, -1], [-1, 1], [2, 0], [0, 2], [-1, 1], [1, -1], [-1, 1], [1, -1], [-1, 1], [1, -1], [-1, 1], [-1, 1], [-1, 1], [0, 2], [2, 0], [2, 0], [-1, 1], [-1, 1], [0, 2], [1, -1], [-1, 1], [1, -1], [0, 2], [1, -1], [0, 2], [-1, 1], [2, 0], [1, -1], [-1, 1], [-1, 1], [-1, 1], [-1, 1], [0, 2], [-1, 1], [-1, 1], [1, -1], [0, 2], [0, 2], [-1, 1], [1, -1], [1, -1], [-1, 1], [1, -1], [1, -1], [0, 2], [1, -1], [-1, 1], [-1, 1], [-1, 1], [1, -1], [0, 2], [1, -1], [-2, 0], [-1, 1], [0, 2], [1, -1], [-1, 1], [1, -1], [1, -1], [-1, 1], [1, -1], [-1, 1], [1, -1], [-1, 1], [1, -1], [1, -1], [-1, 1], [-2, 0], [1, -1], [-1, 1], [1, -1], [0, 2], [1, -1], [-1, 1], [0, 2], [0, 2], [1, -1], [-1, 1], [-1, 1], [1, -1], [0, 2], [-1, 1], [-1, 1], [-1, 1], [-1, 1], [-1, 1], [1, -1], [0, 2], [0, 2], [1, -1], [-1, 1], [-1, 1], [1, -1], [-1, 1], [1, -1], [1, -1], [2, 0], [-2, 0], [-1, 1], [1, -1], [-2, 0], [0, 2], [1, -1], [1, -1], [-1, 1], [1, -1], [1, -1], [1, -1], [-1, 1], [1, -1], [-1, 1], [1, -1], [1, -1], [-1, 1], [-1, 1], [-1, 1], [0, 2], [1, -1], [1, -1], [1, -1], [-1, 1], [1, -1], [-1, 1], [1, -1], [1, -1], [1, -1], [-1, 1], [1, -1], [0, 2], [-1, 1], [1, -1], [-1, 1], [1, -1], [1, -1], [-1, 1], [1, -1], [-1, 1], [1, -1], [-1, 1], [1, -1], [1, -1], [-1, 1], [1, -1], [0, 2], [0, 2], [1, -1], [-1, 1], [-2, 0], [1, -1], [-1, 1], [0, 2], [2, 0], [1, -1], [0, 2], [1, -1], [1, -1], [-1, 1], [-1, 1], [1, -1], [-1, 1], [-1, 1], [2, 0], [1, -1], [0, 2], [-1, 1], [0, 2], [-1, 1], [1, -1], [-1, 1], [-1, 1], [-1, 1], [0, 2], [1, -1], [0, 2], [-1, 1], [-1, 1], [0, 2], [1, -1], [-1, 1], [-1, 1], [1, -1], [1, -1], [1, -1], [-1, 1], [-1, 1], [-1, 1], [-1, 1], [-1, 1], [1, -1], [1, -1], [-1, 1], [-1, 1], [0, 2], [-2, 0], [-1, 1], [1, -1], [1, -1], [1, -1], [1, -1], [0, 2], [1, -1], [0, 2], [-1, 1], [0, 2], [1, -1], [0, 2], [-1, 1], [-1, 1], [1, -1], [0, 2], [0, 2], [1, -1], [-1, 1], [-2, 0], [1, -1], [-1, 1], [0, 2], [0, 2], [1, -1], [1, -1], [1, -1], [0, 2], [-1, 1], [-1, 1], [1, -1], [1, -1], [1, -1], [1, -1], [-1, 1], [1, -1], [1, -1], [-1, 1], [1, -1], [2, 0], [-1, 1], [-1, 1], [1, -1], [0, 2], [-1, 1], [1, -1], [-1, 1], [1, -1], [-1, 1], [-1, 1], [-1, 1], [1, -1], [-1, 1], [1, -1], [1, -1], [1, -1], [-1, 1], [-1, 1], [1, -1], [-2, 0], [1, -1], [0, 2], [0, 2], [-1, 1], [1, -1], [1, -1], [-1, 1], [-1, 1], [1, -1], [-1, 1], [1, -1], [1, -1], [0, 2], [0, 2], [1, -1], [0, 2], [-1, 1], [-1, 1], [-1, 1], [-1, 1], [-1, 1], [1, -1], [-1, 1], [1, -1], [-2, 0], [0, 2], [1, -1], [0, 2], [-1, 1], [1, -1], [-1, 1], [1, -1], [1, -1], [0, 2], [-1, 1], [-1, 1], [-1, 1], [-2, 0], [1, -1], [-1, 1], [-1, 1], [-1, 1], [-1, 1], [1, -1], [-1, 1], [-1, 1]]

exec_time (ms): 163008.04591178894 ms
exec_time: 2m 43s 8.04591178894043ms