N: 21
n: 5
number_of_primes (d): 2
exp_register_width (qd): 4
primes: [2, 5]

R: 3871
T: 4
t: 14
delta: 0.0002583311805734952
delta_inv: 3871Percent of combinations (with positive values of result vector) that gives % N = 1: 94.9%
Percent of combinations (with positive values of result vector) that give p and q: 84.5%
Vectors that gives p and q: [[-1, 1], [-1, 1], [-1, 1], [-1, 1], [-1, 1], [1, 2], [-1, 1], [1, -1], [-1, 1], [3, 3], [-1, 1], [-1, 1], [-3, 0], [1, -1], [1, -1], [-1, 1], [-1, 1], [1, -1], [-1, 1], [-1, 1], [1, -1], [-1, 1], [-1, 1], [1, 2], [1, 2], [-1, 1], [1, -1], [-1, 1], [1, -1], [-1, 1], [1, -1], [-1, 1], [1, -1], [1, -1], [-1, 1], [1, -1], [1, -1], [1, -1], [-1, 1], [-1, 1], [-1, 1], [1, -1], [-1, 1], [-1, 1], [-1, 1], [1, -1], [-1, 1], [1, 2], [-1, 1], [1, -1], [-1, 1], [-1, 1], [-1, 1], [1, 2], [1, -1], [-1, 1], [1, -1], [-1, 1], [1, 2], [1, -1], [-1, 1], [1, -1], [-1, 1], [1, 2], [-1, 1], [1, -1], [-1, 1], [1, -1], [3, 0], [1, -1], [-1, 1], [1, -1], [-1, 1], [1, -1], [-1, 1], [1, -1], [1, -1], [-1, 1], [1, -1], [-1, 1], [1, -1], [1, -1], [-1, 1], [-3, 0], [3, 3], [-1, 1], [-1, 1], [-1, 1], [-1, 1], [-1, 1], [-1, 1], [-1, 1], [3, 3], [-1, 1], [1, -1], [-1, 1], [1, -1], [-1, 1], [1, -1], [1, -1], [-1, 1], [-1, 1], [1, 2], [-1, 1], [-3, 0], [-1, 1], [-1, 1], [-1, 1], [-1, 1], [1, -1], [1, -1], [-1, 1], [1, -1], [-1, 1], [-1, 1], [-1, 1], [1, 2], [-1, 1], [-1, 1], [-1, 1], [-1, 1], [-1, 1], [-1, 1], [-1, 1], [1, 2], [1, -1], [-1, 1], [1, 2], [-1, 1], [-1, 1], [1, -1], [-1, 1], [-1, 1], [1, -1], [-1, 1], [1, -1], [3, 0], [-1, 1], [1, 2], [-1, 1], [1, -1], [-1, 1], [1, -1], [-1, 1], [1, -1], [-1, 1], [-1, 1], [1, -1], [1, -1], [-1, 1], [-1, 1], [1, -1], [1, 2], [-1, 1], [-1, 1], [-1, 1], [-1, 1], [-1, 1], [1, 2], [1, -1], [-1, 1], [-1, 1], [1, -1], [1, 2], [-3, 0], [-1, 1], [-1, 1], [-1, 1], [-1, 1], [-1, 1], [-1, 1], [-3, 0], [1, -1], [1, -1], [-1, 1], [1, -1], [1, -1], [1, 2], [1, -1], [1, -1], [-3, 0], [3, 0], [-1, 1], [1, -1], [1, -1], [3, 0], [1, -1], [-1, 1], [1, -1], [-1, 1], [1, -1], [-1, 1], [1, -1], [1, -1], [1, -1], [1, -1], [1, -1], [-1, 1], [1, -1], [1, -1], [1, -1], [1, -1], [-1, 1], [-1, 1], [-1, 1], [-1, 1], [-1, 1], [1, -1], [1, -1], [-1, 1], [1, -1], [1, -1], [1, -1], [1, 2], [-1, 1], [3, 0], [1, 2], [1, -1], [1, 2], [-1, 1], [1, -1], [1, -1], [-3, 0], [1, 2], [-1, 1], [-1, 1], [-1, 1], [1, -1], [1, -1], [-1, 1], [1, -1], [3, 0], [-1, 1], [1, -1], [-1, 1], [1, -1], [1, -1], [1, -1], [1, -1], [1, 2], [1, -1], [1, 2], [1, -1], [-1, 1], [-1, 1], [1, -1], [1, -1], [-1, 1], [1, -1], [-1, 1], [3, 3], [-1, 1], [1, -1], [1, -1], [-1, 1], [-1, 1], [1, -1], [1, -1], [-1, 1], [1, -1], [1, -1], [1, -1], [-1, 1], [1, -1], [-1, 1], [-1, 1], [1, -1], [-1, 1], [1, -1], [-1, 1], [1, -1], [1, -1], [-1, 1], [1, -1], [-1, 1], [-1, 1], [-1, 1], [1, 2], [1, -1], [1, -1], [-1, 1], [1, -1], [-1, 1], [-1, 1], [-3, 0], [-3, 0], [1, -1], [-1, 1], [-1, 1], [-1, 1], [-1, 1], [-1, 1], [-1, 1], [-1, 1], [-1, 1], [1, -1], [-1, 1], [1, 2], [-1, 1], [-1, 1], [-3, 0], [-1, 1], [1, 2], [-1, 1], [-1, 1], [-1, 1], [1, -1], [1, -1], [-3, 0], [-1, 1], [-1, 1], [-1, 1], [-1, 1], [1, -1], [-1, 1], [-1, 1], [-1, 1], [-1, 1], [-1, 1], [-3, 0], [1, -1], [-1, 1], [1, -1], [1, -1], [3, 0], [1, -1], [1, -1], [1, -1], [3, 3], [1, -1], [-1, 1], [1, -1], [-1, 1], [-1, 1], [-1, 1], [-1, 1], [-1, 1], [1, -1], [-1, 1], [-1, 1], [1, -1], [1, -1], [1, -1], [1, -1], [1, -1], [1, -1], [-3, 0], [-1, 1], [-1, 1], [-1, 1], [-1, 1], [1, 2], [-1, 1], [1, -1], [-1, 1], [1, 2], [-1, 1], [1, -1], [-1, 1], [-1, 1], [1, 2], [-1, 1], [-1, 1], [1, -1], [3, 0], [-1, 1], [1, -1], [3, 0], [1, -1], [-1, 1], [1, -1], [-1, 1], [1, -1], [-1, 1], [1, -1], [-1, 1], [-1, 1], [1, -1], [1, -1], [-1, 1], [-1, 1], [1, -1], [1, -1], [1, -1], [1, -1], [-1, 1], [1, -1], [-1, 1], [1, -1], [-1, 1], [-3, 0], [1, 2], [-1, 1], [1, -1], [1, -1], [-1, 1], [-1, 1], [-1, 1], [3, 0], [-1, 1], [1, -1], [1, -1], [-1, 1], [1, 2], [1, -1], [-1, 1], [-1, 1], [-1, 1], [1, 2], [1, -1], [1, 2], [1, -1], [1, -1], [-1, 1], [1, -1], [-1, 1], [-1, 1], [1, -1], [1, -1], [-1, 1], [1, -1], [-1, 1], [-1, 1], [1, -1], [1, -1], [-1, 1], [-1, 1], [-1, 1], [-1, 1], [-1, 1], [1, -1], [-1, 1], [-1, 1], [-1, 1], [1, -1], [1, -1], [1, -1], [1, -1], [-1, 1], [1, -1], [-1, 1], [1, -1], [-1, 1], [1, -1], [-1, 1], [-1, 1], [1, -1], [3, 3], [1, 2], [1, -1], [1, -1], [-1, 1], [-1, 1], [1, -1], [1, -1], [1, -1], [-1, 1], [-1, 1], [-1, 1], [-1, 1], [1, 2], [-1, 1], [1, -1], [-1, 1], [1, -1], [-1, 1], [1, -1], [1, -1], [1, -1], [1, 2], [-1, 1], [1, -1], [-1, 1], [-1, 1], [3, 0], [1, -1], [-1, 1], [1, -1], [-1, 1], [1, -1], [1, -1], [-1, 1], [-1, 1], [1, -1], [1, -1], [1, -1], [3, 0], [1, 2], [1, -1], [-1, 1], [-1, 1], [-1, 1], [-1, 1], [1, -1], [-1, 1], [-1, 1], [-1, 1], [3, 0], [1, 2], [-1, 1], [-1, 1], [1, -1], [1, -1], [1, -1], [-1, 1], [-1, 1], [1, -1], [-1, 1], [1, -1], [-1, 1], [-1, 1], [1, -1], [-1, 1], [1, -1], [-1, 1], [3, 3], [-1, 1], [-1, 1], [-1, 1], [1, -1], [1, 2], [-1, 1], [1, 2], [-1, 1], [-1, 1], [-1, 1], [-1, 1], [1, -1], [1, -1], [-3, 0], [1, -1], [-1, 1], [-1, 1], [-1, 1], [1, 2], [1, -1], [1, -1], [-1, 1], [-1, 1], [-1, 1], [-1, 1], [-1, 1], [-3, 0], [-1, 1], [-1, 1], [-1, 1], [1, -1], [1, -1], [-1, 1], [1, -1], [1, -1], [1, -1], [1, -1], [1, -1], [-1, 1], [-1, 1], [1, -1], [-1, 1], [1, -1], [1, 2], [-1, 1], [-1, 1], [3, 3], [-1, 1], [-1, 1], [1, -1], [-1, 1], [-1, 1], [-1, 1], [1, -1], [-1, 1], [1, 2], [-1, 1], [1, -1], [1, 2], [-1, 1], [-1, 1], [1, -1], [1, -1], [-1, 1], [3, 0], [-1, 1], [-1, 1], [-1, 1], [-1, 1], [1, -1], [1, -1], [-1, 1], [-1, 1], [3, 0], [-1, 1], [-1, 1], [1, -1], [-1, 1], [-1, 1], [-1, 1], [1, -1], [1, -1], [-1, 1], [-1, 1], [1, -1], [1, -1], [-1, 1], [1, -1], [-1, 1], [-1, 1], [-1, 1], [-1, 1], [-1, 1], [1, -1], [-1, 1], [-1, 1], [1, -1], [-1, 1], [3, 0], [-1, 1], [1, -1], [1, -1], [1, 2], [3, 3], [-1, 1], [-1, 1], [-1, 1], [-1, 1], [3, 3], [-1, 1], [1, -1], [1, 2], [-1, 1], [-1, 1], [-1, 1], [-1, 1], [1, -1], [1, -1], [-1, 1], [1, -1], [1, -1], [-3, 0], [1, -1], [-1, 1], [-1, 1], [-1, 1], [1, -1], [-1, 1], [-1, 1], [1, -1], [-1, 1], [-1, 1], [-1, 1], [-1, 1], [-1, 1], [-1, 1], [-1, 1], [-1, 1], [1, -1], [1, -1], [-1, 1], [-1, 1], [-1, 1], [-1, 1], [1, -1], [1, 2], [-1, 1], [-1, 1], [1, 2], [-1, 1], [1, -1], [1, -1], [-3, 0], [-1, 1], [-1, 1], [-1, 1], [1, -1], [1, -1], [-1, 1], [3, 0], [-1, 1], [1, -1], [-1, 1], [1, -1], [-1, 1], [1, -1], [-1, 1], [-1, 1], [1, -1], [1, -1], [-1, 1], [1, -1], [-1, 1], [3, 3], [-1, 1], [-1, 1], [-1, 1], [-1, 1], [1, -1], [1, 2], [-1, 1], [-1, 1], [-1, 1], [3, 0], [-1, 1], [-1, 1], [1, -1], [-1, 1], [-1, 1], [-1, 1], [1, -1], [-1, 1], [-1, 1], [-3, 0], [1, -1], [-1, 1], [-1, 1], [1, -1], [-1, 1], [1, -1], [1, 2], [1, -1], [-1, 1], [1, 2], [1, -1], [1, -1], [1, -1], [-1, 1], [-1, 1], [-1, 1], [-1, 1], [-1, 1], [1, -1], [-1, 1], [1, -1], [1, -1], [3, 3], [-1, 1], [-1, 1], [1, -1], [-3, 0], [-1, 1], [1, 2], [1, -1], [1, -1], [-3, 0], [3, 3], [1, -1], [-1, 1], [1, -1], [-1, 1], [-1, 1], [1, 2], [1, -1], [1, -1], [-1, 1], [-3, 0], [-1, 1], [-1, 1], [1, 2], [1, -1], [-1, 1], [-1, 1], [1, -1], [-1, 1], [3, 0], [-1, 1], [-1, 1], [1, -1], [1, -1], [-1, 1], [-1, 1], [1, 2], [-1, 1], [-1, 1], [-1, 1], [1, -1], [-1, 1], [-1, 1], [-1, 1], [1, 2], [-1, 1], [-1, 1], [-1, 1], [1, -1], [1, -1], [-1, 1], [-1, 1], [-1, 1], [-1, 1], [-1, 1], [1, -1], [-1, 1], [-1, 1], [1, -1], [-1, 1], [-3, 0], [-1, 1], [-1, 1], [-1, 1], [1, 2], [-1, 1], [-1, 1], [-1, 1], [-1, 1], [1, -1], [1, 2], [1, -1], [1, 2], [-1, 1], [-1, 1], [-1, 1], [-1, 1], [-1, 1], [1, -1], [-1, 1], [-1, 1], [1, -1], [-1, 1], [-1, 1], [1, 2], [-1, 1], [-1, 1], [-1, 1], [1, -1], [1, 2], [1, -1], [-1, 1], [-1, 1], [1, -1], [-1, 1], [-1, 1], [-1, 1], [-1, 1], [-1, 1], [-1, 1], [1, -1], [1, -1], [1, -1], [-3, 0], [-1, 1], [1, -1], [-1, 1], [1, 2], [-1, 1], [-1, 1], [-1, 1], [-1, 1], [1, -1]]

exec_time (ms): 191694.02933120728 ms
exec_time: 3m 11s 694.0293312072754ms