N: 33
n: 6
number_of_primes (d): 2
exp_register_width (qd): 5
primes: [2, 5]

R: 5431
T: 5
t: 14
delta: 0.00018412815319462345
delta_inv: 5431Percent of combinations (with positive values of result vector) that gives % N = 1: 74.7%
Percent of combinations (with positive values of result vector) that give p and q: 47.7%
Vectors that gives p and q: [[-2102, -197], [-909, -669], [1415, 865], [173, -927], [-427, 813], [-1248, 177], [962, 1477], [-1016, -331], [-86, -1221], [-1759, 711], [-625, -935], [-1126, 129], [-1934, -359], [736, -489], [770, -835], [-1525, 1455], [1399, -661], [595, 435], [598, 1303], [1563, 493], [-2097, 1023], [658, 933], [942, 1247], [1185, 1065], [707, -1863], [726, -1159], [585, 1305], [1022, 1327], [327, -1273], [1595, 1525], [15, 1635], [-344, -619], [-416, -941], [1041, 411], [63, -687], [461, -1419], [-376, -1451], [52, 757], [163, -497], [-2086, 169], [377, -1303], [-455, 145], [-503, -193], [-990, -395], [-803, 617], [528, -657], [-572, -1107], [-32, -647], [196, 1481], [-198, -1293], [-1350, 5], [-971, -481], [-2117, -667], [1374, -1021], [-610, 225], [868, -577], [-1001, 829], [-784, 581], [263, 3023], [756, 601], [-482, -817], [-2198, -83], [-692, 183], [-330, -575], [-1367, -497], [-1655, 55], [-3399, -499], [-1646, -1361], [162, -703], [-1619, 161], [-607, 223], [-589, 131], [-961, -1451], [186, -1209], [-1660, 345], [-1621, -1311], [-1326, -301], [603, 43], [1683, 1113], [656, -1439], [-342, 1103], [597, 1127], [-686, 719], [-140, -495], [-258, -533], [-1122, 1123], [61, -619], [-1567, -227], [-949, 551], [1966, 1571], [-719, 161], [-447, -967], [748, 1143], [1277, -533], [230, -625], [-1409, -1419], [1579, 1489], [-1330, 2165], [418, 473], [-692, 173], [-507, -487], [-282, -547], [496, 1141], [-972, 43], [-651, 159], [-806, 859], [540, 1665], [-869, 821], [1549, -81], [-725, 1335], [-1616, 1849], [1433, -2977], [437, -933], [1650, 225], [-651, -631], [-750, 785], [1308, -2367], [-664, 91], [879, -1001], [-703, 287], [-347, -3907], [1926, 991], [-1891, 199], [366, -1549], [-661, 209], [365, -535], [-69, -1509], [23, -1557], [-586, -551], [1107, 257], [-1165, 1225], [-640, 125], [722, 747], [476, 1381], [998, -957], [241, -819], [-1519, 161], [-583, -1823], [-893, -2373], [-477, 723], [-880, -265], [-1118, -793], [-2085, 15], [-1829, 391], [-521, -1341], [-700, 135], [1253, -2057], [1018, -57], [-1256, -931], [416, 311], [525, 1325], [-608, 337], [-301, -581], [-1301, 649], [-818, -533], [590, -1125], [1019, 849], [1502, 197], [139, -1181], [-176, 1029], [1000, -785], [690, -695], [-1656, -1081], [-713, 247], [-727, 103], [412, -1313], [-509, 411], [1017, -303], [-1121, 169], [-1856, 1109], [1662, -343], [-191, -1751], [-668, 207], [1008, 1343], [-515, 135], [1138, -307], [-620, -35], [-454, -1309], [-1158, -733], [374, -1011], [321, 2271], [539, -561], [-2224, 451], [-1637, 943], [-917, -557], [-555, 1805], [-947, -417], [1685, -1295], [-348, -2253], [50, -735], [1001, 41], [-915, 85], [-478, -1213], [-1303, -873], [173, -2087], [639, -21], [696, 741], [-727, 183], [-493, 167], [261, -829], [681, -789], [-26, -1431], [504, 1679], [1702, 247], [-19, -599], [207, -1003], [-895, -945], [-1603, 307], [-483, -783], [601, -1469], [-456, -211], [-2133, -113], [-2095, -85], [1014, 2219], [-1236, -1], [-624, -2309], [-1070, -585], [-24, 1211], [-250, -1055], [720, -1005], [-1967, 203], [-800, -355], [673, -1797], [1128, -1087], [-1961, -471], [-750, 505], [843, -447], [-492, -317], [-918, 87], [135, -735], [1466, -609], [-485, -105], [-1220, 2175], [-1347, -817], [2167, -353], [654, -1871], [-801, 19], [1790, -1435], [-961, 539], [346, -999], [827, -463], [272, -643], [-1270, -1005], [-1142, -397], [1314, -331], [-714, 211], [232, -533], [719, 2319], [-1616, 89], [-607, 1673], [-262, -3637], [-1308, -863], [-884, -1649], [-579, 71], [277, -573], [629, 2259], [658, -127], [876, -1789], [-598, 57], [-1616, 839], [-510, 1965], [1593, -1147], [-1377, 263], [-766, 1939], [-922, -2297], [809, -401], [595, 1185], [786, -229], [-242, 2253], [300, -1015], [-822, 343], [-1076, 109], [20, -595], [-1432, 93], [-528, 237], [-512, 103], [-214, -2239], [-188, -573], [-685, -1125], [791, -1179], [-49, -1329], [-909, 461], [-1229, 161], [-1148, -2113], [1154, 1039], [-1037, 913], [-1441, -561], [191, 981], [-839, 161], [916, 541], [-764, 661], [-983, -463], [-964, -439], [-1220, 285], [-685, -1455], [-653, 77], [-552, -1227], [-334, 801], [829, -1921], [1713, -377], [-1819, -859], [721, 751], [-745, 1795], [-588, -33], [-1091, 639], [948, -157], [-396, -351], [-412, -347], [1073, -17], [-491, 149], [594, -571], [1236, -2149], [121, -899], [-534, -1339], [563, -1407], [294, 1389], [-864, 901], [531, -539], [-496, -1331], [-556, -1251], [-1229, -99], [1044, 409], [712, -773], [370, 1665], [-703, 237], [995, 465], [-1166, 1699], [1022, -643], [-1148, 777], [-741, 329], [-136, 1729], [-1069, -229], [-984, 551], [-724, -1539], [-1004, 1251], [-886, -1381], [-1275, 75], [-1271, -491], [305, -1215], [1233, -1827], [-1218, -753], [-537, 1493], [-662, 83], [-1651, 59], [-748, -653], [-231, -1691], [710, 715], [-1702, 143], [1605, 735], [-2008, -613], [440, 1365], [397, -783], [157, -743], [-730, 95], [549, 1099], [-286, -1081], [1485, 1295], [-684, -19], [597, -693], [-444, -439], [-667, 653], [-714, 131], [-965, 725], [-1492, -347], [-146, 939], [-315, -1335], [1920, -725], [776, -769], [30, 645], [-495, 295], [791, -949], [-462, -1447], [-1032, 593], [-28, -593], [695, -1395], [-328, -603], [-2009, -199], [-736, 159], [588, -907], [-444, -1739], [535, 1345], [1224, -2171], [117, -423], [636, -679], [-548, -913], [-122, -1467], [486, -1379], [591, -519], [578, -1807], [247, 1487], [-533, -1093], [778, -1087], [-589, 341], [-144, 251], [473, 1173], [1428, 1003], [-1885, 125], [-662, -897], [591, -799], [-855, 495], [1432, -43], [334, -751], [-900, -635], [749, -681], [2729, -531], [253, -917], [107, -1833], [-660, 585], [-1107, -1327], [1089, -1051], [345, -555], [-1860, -735], [-1359, -349], [68, 1563], [-806, 1739], [-1055, 585], [650, -865], [387, -513], [-680, 105], [-86, 1449], [1049, -2181], [-1331, 199], [1499, -611], [783, -1057], [1018, -1497], [-633, -1353], [-1674, 361], [-655, 275], [2, -633], [-140, 735], [2293, -267], [-937, -1617], [-739, -559], [29, -2131], [1467, -183], [-1807, 203], [1541, 1671], [-1446, -271], [296, 1281], [-453, -243], [-1504, 1251], [169, 1599], [649, 549], [259, -1211], [-419, -329], [-1140, -45], [-937, 163], [-1161, -991], [-937, -627], [-662, -1417], [-115, 905], [116, -579], [-1066, 849], [-119, 651], [1250, -185], [-489, 1041], [787, 377], [623, -1987], [451, -239], [604, -41], [-220, -685], [354, -811], [-390, -475], [-500, -1235], [-709, -509], [769, 849], [-198, 787], [123, -1307], [-1161, -1961], [-615, 55], [-589, -519], [-1420, 645], [994, 409], [736, -1229], [-827, -717], [-761, 519], [-1130, 575]]

exec_time (ms): 270329.5907974243 ms
exec_time: 4m 30s 329.5907974243164ms