N: 35
n: 6
number_of_primes (d): 2
exp_register_width (qd): 5
primes: [2, 3]

R: 5431
T: 5
t: 14
delta: 0.00018412815319462345
delta_inv: 5431Percent of combinations (with positive values of result vector) that gives % N = 1: 66.7%
Percent of combinations (with positive values of result vector) that give p and q: 41.5%
Vectors that gives p and q: [[-1222, 236], [-1081, 1067], [-418, -952], [1796, 2150], [258, -192], [970, 364], [811, -1601], [-540, -1854], [-30, -1716], [503, -637], [136, -1130], [202, 1660], [1687, 535], [-576, -1554], [-1062, 1536], [-1077, 2295], [1428, -1470], [-2208, -1230], [95, -649], [-744, -54], [-2699, -923], [-211, -619], [1201, -1175], [-231, -1947], [846, 1164], [-399, -1539], [746, -1276], [426, -1800], [-1125, -1005], [77, -1015], [-1049, 55], [33, -531], [1155, -1497], [379, -1457], [-1273, 323], [772, -1322], [-555, -903], [-320, -542], [474, 24], [14, -460], [-1045, -793], [-1510, 500], [1675, -761], [296, -1474], [29, -1639], [30, -1740], [-1375, 593], [592, -242], [-1450, -1360], [1346, -748], [-605, -1757], [711, -573], [-1194, 228], [-439, -1603], [860, -1486], [-1147, -1963], [-231, 873], [2064, -894], [-2677, -901], [656, -538], [-1083, -1263], [-1027, 1265], [924, 858], [-626, 784], [192, -1302], [87, -633], [-1216, 146], [-400, 782], [-1202, 1156], [507, -465], [-217, 1451], [-295, -1399], [1579, 7], [-1705, 971], [-1610, 784], [-971, -1031], [160, -1238], [-539, -203], [-762, -540], [880, -2030], [80, -1294], [1595, -301], [-338, 1732], [-1190, 964], [-1506, -1320], [-541, -361], [-1759, 5], [-51, 633], [-1164, -1350], [-1958, 1228], [-876, 1506], [-163, 473], [1460, -946], [-566, -1472], [1026, 600], [810, -1188], [-335, -515], [-1999, 1121], [392, -1126], [597, -771], [-901, -589], [505, -251], [-260, -1118], [617, -679], [616, -1070], [727, -1265], [1870, 844], [-986, 556], [-908, -974], [-999, 357], [983, -1717], [357, -555], [1231, -725], [778, 2116], [-1735, 5], [-506, -1112], [395, 1307], [1565, 317], [-436, -1594], [-417, -453], [1037, 269], [997, -1799], [1000, -1274], [-1174, -40], [284, -490], [714, 936], [-1680, -30], [-126, 1116], [-438, -888], [1167, -369], [86, -1252], [1796, -706], [-693, 123], [-1571, -1247], [-710, 1324], [-1270, -772], [-1139, 1453], [499, -1253], [1485, -483], [-440, 526], [-1128, 294], [-1473, -897], [-746, 160], [-1618, 1208], [-920, -398], [-2424, 174], [322, 1360], [-536, -542], [-644, 154], [923, -661], [1604, -10], [-1019, -815], [-515, -155], [-429, -1905], [-822, 288], [1058, 776], [-96, -1206], [262, -1160], [-442, 452], [-1176, -210], [172, -614], [-480, -1410], [-682, 836], [676, 946], [-307, -919], [-598, 1556], [1397, -2167], [1742, 224], [680, 890], [609, -1347], [-684, -174], [716, 410], [-1058, -116], [908, 1550], [833, -1855], [950, -268], [-513, -1041], [-1457, 19], [-647, -1367], [431, 1607], [-1719, 597], [592, -518], [879, -333], [-361, -445], [-869, -1229], [790, -1220], [411, 1959], [-1282, -1216], [412, 502], [-1403, 289], [-2913, 63], [-421, 323], [625, 889], [-712, 1478], [-465, 459], [1550, 116], [919, 1063], [-2120, 586], [-934, 1388], [-1135, -2143], [1078, -1220], [1154, 1340], [753, -903], [1208, 1394], [-1562, 904], [138, -1632], [1696, -1922], [-1196, -326], [410, -916], [-1192, 1082], [-665, -1553], [245, -1243], [612, 882], [-500, 1414], [83, -1105], [1068, -1986], [1580, -922], [1601, 1637], [-36, 618], [-1076, -194], [-1812, 114], [-771, -1455], [132, -1134], [-1260, -1962], [-806, 16], [-500, 1714], [582, -1896], [-887, 361], [-607, 233], [1328, 614], [-445, -853], [-1116, 1734], [1057, -1259], [50, -712], [-406, -1588], [-1551, 621], [-202, -544], [-692, -1262], [1698, 1356], [-1780, 974], [979, 1507], [-69, -657], [599, 647], [-1388, -1346], [1470, 600], [-978, 168], [508, -638], [-2066, -116], [-348, -498], [764, -730], [517, -1547], [-1970, -260], [-655, 221], [1005, 729], [-928, -1102], [-640, 110], [-1131, -267], [-767, 1], [-1673, -641], [-398, -488], [-1543, 1289], [-346, 1136], [363, -1245], [-1981, -361], [-173, 835], [240, 1398], [1584, -126], [281, -703], [-2180, 754], [-663, 21], [-693, 99], [-2083, -127], [-1739, 553], [430, -2168], [-933, -1641], [-1089, 267], [-1222, 308], [-1530, -720], [-1116, 174], [-195, 1569], [-1017, -393], [-842, 820], [298, -500], [-1387, 389], [-782, -1448], [-1504, 698], [664, 106], [-642, 204], [-618, -228], [66, -852], [-511, -415], [-298, 752], [-1888, 446], [-1156, 350], [-599, 949], [-617, 163], [486, 2340], [409, 2281], [-950, -1268], [1310, -1552], [90, -660], [-431, -1439], [652, 394], [-819, 81], [-452, 238], [-451, 2105], [122, -1672], [1210, 148], [-1235, 229], [-746, -584], [946, -1448], [-1261, -973], [951, 1047], [-722, 232], [439, -401], [676, 1258], [2060, 1106], [-915, 753], [-695, 877], [244, -1682], [-1325, -233], [1512, -1674], [1381, -635], [-1379, 505], [-2070, -348], [-708, 1518], [-168, 1146], [-1404, 474], [1040, -118], [-2046, 228], [73, -971], [-586, 260], [-795, 381], [-1463, -1151], [1200, -1518], [-2603, -1511], [847, -281], [-166, -1420], [-27, -639], [751, -497], [-701, -917], [385, -1355], [1049, -679], [1273, -2039], [891, 1191], [-725, 115], [63, -681], [182, -580], [-449, 259], [-1518, -720], [-1581, -717], [224, -1318], [1510, -404], [-1280, 958], [-750, -1152], [-170, -620], [-1234, 452], [101, 1133], [-1072, -1690], [-99, 825], [-2853, 807], [89, 581], [1208, 2450], [-279, 1209], [-1273, 599], [1822, 820], [-752, -1442], [-1128, 1170], [-33, -1749], [-619, 53], [-117, -561], [371, -1177], [1353, -1875], [731, -97], [-1160, 322], [-609, -861], [-982, -1396], [285, -2655], [-1358, 424], [-651, -1263], [-435, 633], [-1389, -1281], [1761, 2025], [-37, 695], [-1043, -275], [1335, -1941], [-1371, 681], [-1081, 299], [818, 1268], [824, 950], [-1212, -558], [-204, -1518], [185, -703], [-1026, -888], [1043, 167], [1402, -548], [-125, 1291], [-1260, 1338], [-31, 1265], [-1099, -835], [-1276, -454], [724, -1922], [-1336, -586], [1096, 130], [49, -1223], [-706, 656], [3154, 352], [517, -611], [-1387, -1267], [-594, -180], [1340, -274], [-1354, -808], [-96, 438], [101, 1325], [-2041, -997]]

exec_time (ms): 266691.7595863342 ms
exec_time: 4m 26s 691.7595863342285ms