N: 55
n: 6
number_of_primes (d): 2
exp_register_width (qd): 5
primes: [2, 3]

R: 5431
T: 5
t: 14
delta: 0.00018412815319462345
delta_inv: 5431Percent of combinations (with positive values of result vector) that gives % N = 1: 39.0%
Percent of combinations (with positive values of result vector) that give p and q: 25.4%
Vectors that gives p and q: [[0, 10], [4, 2], [8, -6], [4, 2], [0, 10], [-7, 9], [-1, 7], [-2, 4], [2, -4], [-1, 7], [4, 2], [0, 10], [0, 10], [-1, 7], [4, 2], [-2, 4], [-1, 7], [0, 10], [4, 2], [3, -1], [0, 10], [4, 2], [-4, -2], [4, 2], [-2, 4], [-1, 7], [3, -1], [-1, 7], [-1, 7], [5, 5], [-3, 1], [-3, 1], [4, 2], [-2, 4], [-3, 1], [5, 5], [-1, 7], [-1, 7], [-7, 9], [-3, 1], [3, -1], [4, 2], [6, 8], [-1, 7], [-1, 7], [-2, 4], [-1, 7], [4, 2], [3, -1], [-1, 7], [8, -6], [8, -6], [4, 2], [8, -6], [0, 10], [5, 5], [8, -6], [3, -1], [-1, 7], [3, -1], [4, 2], [4, 2], [-3, 1], [-2, 4], [-1, 7], [-3, 1], [-1, 7], [3, -1], [-3, 1], [3, -1], [-2, 4], [4, 2], [4, 2], [-2, 4], [4, 2], [3, -1], [-3, 1], [-4, -2], [-1, 7], [-1, 7], [-3, 1], [2, -4], [-2, 4], [-2, 4], [8, -6], [4, 2], [-2, 4], [4, 2], [-2, 4], [-1, 7], [4, 2], [0, 10], [-2, 4], [-1, 7], [4, 2], [-2, 4], [4, 2], [3, -1], [4, 2], [-2, 4], [-7, 9], [-3, 1], [4, 2], [0, 10], [5, 5], [3, -1], [-2, 4], [8, -6], [4, 2], [3, -1], [0, 10], [0, 10], [-3, 1], [-1, 7], [-3, 1], [-2, 4], [-1, 7], [-1, 7], [-2, 4], [0, 10], [-3, 1], [-2, 4], [-1, 7], [0, 10], [0, 10], [4, 2], [-1, 7], [4, 2], [4, 2], [5, 5], [4, 2], [-1, 7], [-1, 7], [3, -1], [-2, 4], [-1, 7], [4, 2], [-3, 1], [-3, 1], [0, 10], [-1, 7], [-2, 4], [-2, 4], [3, -1], [-2, 4], [-2, 4], [-1, 7], [4, 2], [4, 2], [4, 2], [0, 10], [-1, 7], [-1, 7], [10, 0], [4, 2], [0, 10], [-2, 4], [0, 10], [-3, 1], [3, -1], [-1, 7], [5, 5], [-2, 4], [-2, 4], [0, 10], [4, 2], [3, -1], [0, 10], [-1, 7], [-1, 7], [3, -1], [4, 2], [3, -1], [-1, 7], [0, 10], [-2, 4], [-4, -2], [-1, 7], [-1, 7], [-2, 4], [-1, 7], [0, 10], [-3, 1], [-2, 4], [-1, 7], [-7, 9], [-1, 7], [-2, 4], [-2, 4], [-2, 4], [-2, 4], [4, 2], [8, -6], [4, 2], [-1, 7], [-2, 4], [0, 10], [4, 2], [-3, 1], [-2, 4], [-1, 7], [-3, 1], [8, -6], [-1, 7], [-3, 1], [-1, 7], [-7, 9], [-1, 7], [-7, 9], [-2, 4], [-1, 7], [-3, 1], [-1, 7], [-2, 4], [0, 10], [-2, 4], [4, 2], [-1, 7], [-3, 1], [-2, 4], [-1, 7], [5, 5], [-2, 4], [-7, 9], [-1, 7], [-2, 4], [0, 10], [3, -1], [-1, 7], [6, 8], [-3, 1], [-1, 7], [-2, 4], [-2, 4], [-1, 7], [2, -4], [4, 2], [4, 2], [5, 5], [-1, 7], [-2, 4], [4, 2], [0, 10], [-3, 1], [-2, 4], [-2, 4], [-1, 7], [4, 2], [-2, 4], [-2, 4], [0, 10], [4, 2], [-1, 7], [-1, 7]]

exec_time (ms): 267316.0021305084 ms
exec_time: 4m 27s 316.00213050842285ms