N: 57
n: 6
number_of_primes (d): 2
exp_register_width (qd): 5
primes: [2, 5]

R: 5431
T: 5
t: 14
delta: 0.00018412815319462345
delta_inv: 5431Percent of combinations (with positive values of result vector) that gives % N = 1: 49.5%
Percent of combinations (with positive values of result vector) that give p and q: 31.2%
Vectors that gives p and q: [[0, 9], [6, 3], [2, 1], [0, 9], [3, -3], [9, 9], [-2, -1], [1, 5], [0, 9], [-7, 1], [9, 9], [2, 1], [6, 3], [0, 9], [-3, 3], [2, 1], [5, 7], [0, 9], [-4, 7], [0, 9], [0, 9], [-3, 3], [6, 3], [0, 9], [-3, 3], [2, 1], [1, 5], [-7, 1], [1, 5], [1, 5], [-4, 7], [6, 3], [2, 1], [3, -3], [-4, 7], [6, 3], [-4, 7], [2, 1], [2, 1], [0, 9], [-2, -1], [0, 9], [0, 9], [0, 9], [0, 9], [2, 1], [-7, 1], [5, 7], [-7, 1], [1, 5], [-9, 9], [-7, 1], [0, 9], [8, -5], [-7, 1], [0, 9], [-4, 7], [0, 9], [2, 1], [0, 9], [3, -3], [0, 9], [1, 5], [0, 9], [8, -5], [-4, 7], [-3, 3], [2, 1], [0, 9], [2, 1], [0, 9], [-7, 1], [6, 3], [0, 9], [3, -3], [0, 9], [-7, 1], [0, 9], [5, 7], [0, 9], [7, -1], [0, 9], [0, 9], [0, 9], [0, 9], [0, 9], [-3, 3], [-4, 7], [7, -1], [-7, 1], [6, 3], [-4, 7], [2, 1], [-7, 1], [0, 9], [-7, 1], [-7, 1], [-7, 1], [0, 9], [2, 1], [5, 7], [-7, 1], [0, 9], [0, 9], [1, 5], [7, -1], [9, -9], [0, 9], [-2, -1], [-7, 1], [0, 9], [-4, 7], [-7, 1], [7, -1], [0, 9], [-7, 1], [1, 5], [0, 9], [1, 5], [1, 5], [0, 9], [9, 9], [0, 9], [0, 9], [-7, 1], [0, 9], [-3, 3], [-4, 7], [0, 9], [0, 9], [2, 1], [-3, 3], [-3, 3], [-3, 3], [1, 5], [-7, 1], [6, 3], [0, 9], [-7, 1], [1, 5], [-7, 1], [0, 9], [6, 3], [0, 9], [-4, 7], [-7, 1], [-7, 1], [-3, 3], [0, 9], [1, 5], [2, 1], [0, 9], [1, 5], [7, -1], [2, 1], [1, 5], [-7, 1], [0, 9], [0, 9], [0, 9], [0, 9], [6, 3], [0, 9], [5, 7], [-3, 3], [9, -9], [1, 5], [-7, 1], [-4, 7], [1, 5], [-7, 1], [0, 9], [0, 9], [-7, 1], [0, 9], [-2, -1], [0, 9], [-3, 3], [0, 9], [0, 9], [-3, 3], [-7, 1], [2, 1], [1, 5], [2, 1], [9, -9], [1, 5], [-7, 1], [0, 9], [-2, -1], [0, 9], [0, 9], [0, 9], [5, 7], [-7, 1], [0, 9], [-4, 7], [-7, 1], [0, 9], [-2, -1], [3, -3], [-7, 1], [-3, 3], [0, 9], [2, 1], [0, 9], [0, 9], [2, 1], [0, 9], [-6, -3], [2, 1], [0, 9], [2, 1], [0, 9], [-3, 3], [0, 9], [0, 9], [-3, 3], [2, 1], [-4, 7], [0, 9], [0, 9], [0, 9], [0, 9], [1, 5], [0, 9], [-2, -1], [0, 9], [0, 9], [1, 5], [5, 7], [9, 9], [0, 9], [-7, 1], [2, 1], [-3, 3], [3, -3], [-7, 1], [0, 9], [6, 3], [-4, 7], [0, 9], [0, 9], [2, 1], [-4, 7], [7, -1], [0, 9], [1, 5], [-7, 1], [-7, 1], [-7, 1], [0, 9], [0, 9], [0, 9], [9, 9], [0, 9], [-3, 3], [1, 5], [-6, -3], [1, 5], [6, 3], [0, 9], [0, 9], [-3, 3], [-4, 7], [2, 1], [-7, 1], [-7, 1], [0, 9], [1, 5], [-4, 7], [6, 3], [7, -1], [-7, 1], [-3, 3], [-7, 1], [0, 9], [1, 5], [0, 9], [-7, 1], [1, 5], [0, 9], [-4, 7], [6, 3], [8, -5], [0, 9], [-9, 9], [9, -9], [-7, 1], [0, 9], [0, 9], [-7, 1], [9, 9], [5, 7], [-3, 3], [0, 9], [-4, 7], [-2, -1], [0, 9], [-4, 7], [0, 9], [2, 1], [0, 9], [0, 9], [0, 9], [0, 9], [2, 1], [-4, 7], [6, 3], [7, -1], [1, 5], [2, 1]]

exec_time (ms): 270750.97155570984 ms
exec_time: 4m 30s 750.9715557098389ms