N: 65
n: 7
number_of_primes (d): 2
exp_register_width (qd): 5
primes: [2, 3]

R: 6517
T: 6
t: 15
delta: 0.00015344483658124905
delta_inv: 6517Percent of combinations (with positive values of result vector) that gives % N = 1: 42.4%
Percent of combinations (with positive values of result vector) that give p and q: 22.4%
Vectors that gives p and q: [[-128, -1486], [2, -1466], [-1824, 1110], [398, -2054], [1394, 1870], [-2090, 50], [2046, 1146], [902, -158], [-368, -3226], [-1626, -1998], [-1496, -1978], [1608, -1134], [2508, -510], [-722, -1582], [-2748, 1050], [1526, -2234], [-1496, 2174], [-1844, -670], [1314, 1962], [2112, 1458], [-2630, -850], [844, -226], [-1576, -2870], [-1422, -2286], [-1834, 310], [2266, -1102], [626, -2438], [-600, -3018], [-1740, 1662], [1314, -90], [-920, -1822], [110, 2998], [-1772, -1006], [924, -1062], [160, -1390], [2588, -530], [1600, -2230], [-230, 674], [-2868, -126], [-1230, 126], [-2730, 1170], [-2708, 278], [-1182, -1218], [-2578, 1150], [-1512, 762], [-1056, -6], [-1914, -1458], [-726, -582], [-956, -418], [-30, 1962], [2564, -650], [-1862, -1726], [56, -1034], [-1290, 1242], [-1866, -1650], [466, -1618], [1394, -566], [-1364, -1402], [1154, 310], [-1448, 326], [488, 2110], [-1352, -394], [1840, 1778], [766, -3118], [2124, 1518], [1284, -1506], [-1716, -1866], [732, 2010], [264, -1446], [228, -1134], [1386, -114], [-196, 2014], [3138, 174], [-2310, 2094], [416, -2018], [-1702, -1910], [-458, -1042], [-1314, 1170], [-1078, 1150], [1636, -682], [234, -1170], [36, -150], [2362, -1078], [-1418, -886], [534, 3246], [-752, 2030], [1994, 1078], [932, 730], [-1088, 482], [818, -1238], [-1974, 990], [-2704, 850], [-1262, 290], [-1710, 1410], [-96, -1218], [2650, 446], [308, 754], [3112, 506], [2362, 422], [796, -2206], [2392, -1210], [-1256, 38], [664, -1594], [-444, -1986], [-526, -3014], [-1478, -2290], [-1248, -1506], [-2502, -270], [144, 1146], [1388, 334], [-450, 1158], [262, 2006], [2736, 2490], [-2314, -2], [2974, 38], [324, -1458], [-58, -1142], [2338, 1394], [-1268, -958], [34, 3614], [1048, -1090], [-2104, -410], [-1066, -542], [-1098, 306], [-1448, 1094], [-1646, 326], [1070, 1762], [-1004, -202], [-648, -1734], [-1506, 210], [2114, 1114], [310, 1850], [148, -1678], [-2054, -1042], [1748, 934], [520, -2326], [-1462, -578], [-1712, -2014], [-940, -2750], [1772, 1042], [-2, 3314], [66, -2202], [-668, 2090], [1076, -914], [-2412, -966], [-780, -642], [-66, -2118], [608, -1850], [-1952, -370], [292, -766], [-3668, 350], [-2374, 142], [148, -1330], [984, 1938], [-242, -1930], [400, -2194], [136, 3110], [-778, 1774], [-2278, 10], [-2084, 806], [-2286, 426], [-2738, 1094], [370, -1426], [1446, -1458], [740, -2198], [552, 1890], [16, 2654], [-1730, 122], [-1832, -430], [-724, 2818], [-2236, -2318], [-352, 958], [126, 1194], [-568, -818], [-1444, -2126], [922, -898], [-1060, -1178], [2104, -1474], [-2454, 546], [-1036, 886], [-2568, 1566], [-376, 2422], [1146, -258], [1672, -2938], [946, 2018], [1874, 466], [-50, -2170], [-560, -958], [-970, -1190], [-1172, -1258], [-766, -878], [-1502, -1198], [1276, -382], [-318, 450], [806, -2150], [1188, -1182], [-1466, -790], [-2074, 1498], [-698, 158], [36, -78], [384, -1638], [-1020, -2226], [-1162, -50], [148, 1178], [-2224, -1022], [-976, -1970], [2374, -958], [-1092, 258], [512, -1178], [1716, -918], [790, 1022], [1216, -3082], [-1188, 1914], [1008, -942], [-1384, 214], [-1404, -1254], [490, -1018], [-2646, 1098], [-2414, -2914], [-2732, -1558], [-2032, -806], [-126, -2742], [1808, 130], [664, -946]]

exec_time (ms): 232907.31859207153 ms
exec_time: 3m 52s 907.3185920715332ms