N: 95
n: 7
number_of_primes (d): 2
exp_register_width (qd): 5
primes: [2, 3]

R: 6517
T: 6
t: 15
delta: 0.00015344483658124905
delta_inv: 6517Percent of combinations (with positive values of result vector) that gives % N = 1: 27.0%
Percent of combinations (with positive values of result vector) that give p and q: 14.9%
Vectors that gives p and q: [[259, -3019], [-1876, 586], [393, -1257], [1152, -1746], [-1493, 353], [135, -1143], [-1304, 290], [-816, -2190], [-1071, 567], [-224, -1510], [-875, -2281], [-1694, 932], [1673, -245], [-1053, -1035], [-2031, -1029], [2526, -420], [-1946, 392], [899, 1753], [-1121, -91], [-2137, -1511], [-1838, -2560], [2166, -1104], [960, -1554], [-1031, 1691], [2041, -3073], [-168, 2454], [582, 2100], [2292, -978], [219, -1011], [-371, 851], [2474, -560], [-313, -2867], [-3907, 547], [549, -2673], [1267, 833], [-2072, -1066], [72, -1314], [-1471, 2287], [1477, 2459], [-2143, 943], [-1004, -370], [-1978, -1328], [-2860, 346], [404, -2162], [-602, -1204], [2000, 2002], [-611, 335], [78, -1608], [870, -1464], [-1909, -587], [-1128, 894], [1754, 448], [1877, -1097], [-106, -1868], [1905, -177], [60, 1470], [-1154, 104], [209, -1229], [1258, -616], [704, 2398], [-1140, -966], [-2040, -1002], [1301, -233], [-910, 484], [-1120, 10], [731, 553], [80, -1910], [-1267, -185], [-1115, 11], [-453, -915], [-1977, 249], [-1730, 1544], [-1317, 21], [718, -1156], [-926, -1744], [-7, -1265], [333, -2277], [-872, -1186], [-932, 710], [1277, -1613], [-1308, 66], [-1131, 1815], [1701, 1467], [1065, 1455], [518, -2600], [491, -935], [1417, -325], [-190, 2284], [2083, 17], [-2041, -1103], [-1979, -637], [-1674, 684], [743, -1655], [-692, -3274], [-1079, 47], [-59, 1295], [528, -1446], [623, -3479], [1810, -772], [1249, -265], [1089, -1593], [-943, -293], [-1063, -1505], [-2090, 1796], [-836, -1150], [1366, -220], [-1086, 348], [-1097, -1267], [-1821, -699], [-1307, -1273], [-956, 1202], [-1379, -121], [-1666, 556], [650, 1048], [43, 1157], [-3104, -646], [-1061, -655], [-1343, 563], [183, 2481], [-2349, -27], [-1323, 171], [-1359, -873], [2183, -1727], [-537, -759], [685, -601], [-303, -2109], [1971, 1017], [774, -2340], [-1895, 683], [-1511, -1249], [929, -1877], [882, -1080], [-2140, -158], [883, -1627], [-2027, 779], [-1683, -2601], [-1246, 172], [967, -955], [-781, -707], [592, -2686], [-1209, 93], [-290, -3064], [-1567, -965], [617, 2107], [-659, -2785], [918, 360], [864, -1386], [382, 2312], [2001, 483]]

exec_time (ms): 234967.8966999054 ms
exec_time: 3m 54s 967.8966999053955ms