N: 33
n: 6
number_of_primes (d): 2
exp_register_width (qd): 5
primes: [2, 5]

R: 5431
T: 5
t: 14
delta: 0.00018412815319462345
delta_inv: 5431Percent of combinations (with positive values of result vector) that gives % N = 1: 73.8%
Percent of combinations (with positive values of result vector) that give p and q: 44.8%
Vectors that gives p and q: [[6, 1], [1, 1], [1, 1], [6, 1], [1, 1], [8, -7], [1, 1], [1, 1], [1, 1], [1, 1], [1, 1], [6, 1], [1, 1], [1, 1], [1, 1], [6, 1], [6, 1], [1, 1], [6, 1], [1, 1], [1, 1], [1, 1], [6, -9], [1, 1], [1, 1], [2, 7], [1, 1], [1, 1], [1, 1], [1, 1], [1, 1], [1, 1], [1, 1], [-1, -1], [1, 1], [1, 1], [1, 1], [1, 1], [1, 1], [6, 1], [1, 1], [1, 1], [6, 1], [1, 1], [8, -7], [1, 1], [6, 1], [1, 1], [1, 1], [1, 1], [1, 1], [1, 1], [1, 1], [1, 1], [1, 1], [1, 1], [1, 1], [1, 1], [1, 1], [1, 1], [1, 1], [6, 1], [1, 1], [1, 1], [1, 1], [1, 1], [1, 1], [1, 1], [1, 1], [6, 1], [1, 1], [1, 1], [1, 1], [1, 1], [1, 1], [6, 1], [1, 1], [1, 1], [6, 1], [2, 7], [1, 1], [1, 1], [1, 1], [6, 1], [-1, -1], [6, 1], [1, 1], [1, 1], [6, 1], [2, 7], [6, 1], [1, 1], [6, 1], [6, 1], [1, 1], [1, 1], [2, 7], [1, 1], [1, 1], [1, 1], [1, 1], [6, 1], [1, 1], [1, 1], [1, 1], [1, 1], [1, 1], [1, 1], [1, 1], [6, 1], [1, 1], [1, 1], [1, 1], [1, 1], [1, 1], [1, 1], [1, 1], [1, 1], [1, 1], [1, 1], [1, 1], [1, 1], [1, 1], [1, 1], [1, 1], [1, 1], [1, 1], [6, 1], [1, 1], [1, 1], [1, 1], [1, 1], [1, 1], [1, 1], [1, 1], [6, 1], [1, 1], [1, 1], [1, 1], [1, 1], [1, 1], [6, 1], [6, 1], [6, 1], [1, 1], [1, 1], [6, 1], [1, 1], [6, 1], [1, 1], [1, 1], [1, 1], [1, 1], [6, 1], [1, 1], [1, 1], [6, 1], [6, 1], [1, 1], [1, 1], [6, 1], [1, 1], [1, 1], [1, 1], [2, 7], [6, 1], [1, 1], [1, 1], [1, 1], [1, 1], [1, 1], [6, 1], [1, 1], [1, 1], [-1, -1], [-1, -1], [1, 1], [1, 1], [1, 1], [6, 1], [1, 1], [1, 1], [1, 1], [1, 1], [6, 1], [1, 1], [1, 1], [1, 1], [1, 1], [1, 1], [1, 1], [1, 1], [1, 1], [1, 1], [1, 1], [1, 1], [1, 1], [1, 1], [1, 1], [1, 1], [1, 1], [1, 1], [1, 1], [6, 1], [1, 1], [1, 1], [1, 1], [1, 1], [1, 1], [6, 1], [6, 1], [1, 1], [6, 1], [1, 1], [1, 1], [1, 1], [1, 1], [1, 1], [1, 1], [8, -7], [2, 7], [6, 1], [1, 1], [1, 1], [1, 1], [1, 1], [1, 1], [6, 1], [1, 1], [6, 1], [1, 1], [1, 1], [1, 1], [6, 1], [6, 1], [6, 1], [1, 1], [6, 1], [1, 1], [1, 1], [-1, -1], [1, 1], [1, 1], [1, 1], [6, 1], [1, 1], [1, 1], [6, 1], [1, 1], [1, 1], [1, 1], [1, 1], [1, 1], [1, 1], [1, 1], [1, 1], [1, 1], [1, 1], [1, 1], [6, 1], [6, 1], [1, 1], [1, 1], [4, -1], [6, 1], [1, 1], [1, 1], [1, 1], [6, 1], [6, 1], [1, 1], [1, 1], [1, 1], [1, 1], [1, 1], [1, 1], [1, 1], [1, 1], [1, 1], [1, 1], [1, 1], [1, 1], [1, 1], [1, 1], [1, 1], [6, 1], [1, 1], [2, 7], [1, 1], [1, 1], [1, 1], [6, 1], [1, 1], [1, 1], [1, 1], [1, 1], [1, 1], [-1, -1], [6, 1], [2, 7], [6, 1], [1, 1], [1, 1], [1, 1], [6, 1], [6, 1], [1, 1], [1, 1], [1, 1], [1, 1], [1, 1], [2, 7], [1, 1], [1, 1], [1, 1], [1, 1], [1, 1], [6, 1], [1, 1], [1, 1], [1, 1], [1, 1], [4, -1], [1, 1], [6, 1], [1, 1], [1, 1], [1, 1], [6, 1], [1, 1], [1, 1], [1, 1], [6, 1], [1, 1], [1, 1], [-1, -1], [1, 1], [1, 1], [1, 1], [1, 1], [1, 1], [1, 1], [-1, -1], [1, 1], [1, 1], [1, 1], [1, 1], [1, 1], [1, 1], [1, 1], [6, 1], [1, 1], [6, 1], [1, 1], [1, 1], [4, -1], [1, 1], [6, 1], [6, 1], [6, 1], [1, 1], [6, 1], [1, 1], [1, 1], [6, 1], [1, 1], [1, 1], [1, 1], [6, 1], [4, -1], [2, 7], [1, 1], [1, 1], [1, 1], [1, 1], [1, 1], [1, 1], [1, 1], [6, 1], [1, 1], [1, 1], [6, 1], [1, 1], [1, 1], [1, 1], [6, 1], [6, 1], [1, 1], [1, 1], [1, 1], [1, 1], [1, 1], [-1, -1], [2, 7], [1, 1], [6, 1], [-1, -1], [1, 1], [1, 1], [1, 1], [1, 1], [1, 1], [1, 1], [2, 7], [6, 1], [1, 1], [6, 1], [1, 1], [1, 1], [1, 1], [1, 1], [1, 1], [6, 1], [6, 1], [1, 1], [-1, -1], [1, 1], [1, 1], [1, 1], [1, 1], [1, 1], [1, 1], [1, 1], [1, 1], [1, 1], [1, 1], [6, 1], [1, 1], [1, 1], [2, 7], [6, 1], [1, 1], [1, 1], [1, 1], [1, 1], [6, 1], [1, 1], [1, 1], [1, 1], [4, -1], [6, 1], [6, 1], [1, 1], [1, 1], [1, 1], [2, 7], [1, 1], [2, 7]]

exec_time (ms): 170620.70727348328 ms
exec_time: 2m 50s 620.7072734832764ms