N: 35
n: 6
number_of_primes (d): 2
exp_register_width (qd): 5
primes: [2, 3]

R: 5431
T: 5
t: 14
delta: 0.00018412815319462345
delta_inv: 5431Percent of combinations (with positive values of result vector) that gives % N = 1: 86.9%
Percent of combinations (with positive values of result vector) that give p and q: 66.6%
Vectors that gives p and q: [[3, 3], [3, 3], [-1, -1], [3, 3], [3, 3], [1, 1], [1, 1], [1, 1], [3, 3], [3, 3], [3, 3], [1, 1], [3, 3], [5, 5], [3, 3], [3, 3], [3, 3], [1, 1], [1, 1], [3, 3], [3, 3], [1, 1], [1, 1], [3, 3], [-1, -1], [5, 5], [3, 3], [3, 3], [3, 3], [3, 3], [3, 3], [3, 3], [3, 3], [1, 1], [3, 3], [3, 3], [3, 3], [3, 3], [3, 3], [3, 3], [3, 3], [3, 3], [1, 1], [-1, -1], [1, 1], [1, 1], [3, 3], [3, 3], [1, 1], [1, 1], [1, 1], [3, 3], [1, 1], [1, 1], [3, 3], [-1, -1], [3, 3], [3, 3], [3, 3], [3, 3], [3, 3], [3, 3], [3, 3], [3, 3], [1, 1], [3, 3], [3, 3], [3, 3], [1, 1], [5, 5], [3, 3], [3, 3], [3, 3], [1, 1], [3, 3], [3, 3], [3, 3], [1, 1], [3, 3], [3, 3], [3, 3], [3, 3], [1, 1], [3, 3], [3, 3], [-1, -1], [3, 3], [3, 3], [1, 1], [3, 3], [3, 3], [3, 3], [3, 3], [3, 3], [3, 3], [3, 3], [3, 3], [3, 3], [3, 3], [1, 1], [1, 1], [3, 3], [1, 1], [3, 3], [1, 1], [3, 3], [1, 1], [3, 3], [1, 1], [1, 1], [3, 3], [1, 1], [1, 1], [1, 1], [1, 1], [1, 1], [3, 3], [3, 3], [3, 3], [-1, -1], [3, 3], [3, 3], [3, 3], [1, 1], [1, 1], [3, 3], [1, 1], [3, 3], [3, 3], [1, 1], [5, 5], [1, 1], [3, 3], [3, 3], [3, 3], [3, 3], [3, 3], [3, 3], [3, 3], [3, 3], [3, 3], [3, 3], [3, 3], [1, 1], [3, 3], [3, 3], [3, 3], [3, 3], [3, 3], [3, 3], [1, 1], [3, 3], [3, 3], [3, 3], [3, 3], [3, 3], [3, 3], [3, 3], [3, 3], [3, 3], [1, 1], [3, 3], [3, 3], [1, 1], [5, 5], [3, 3], [3, 3], [1, 1], [3, 3], [1, 1], [3, 3], [3, 3], [3, 3], [-1, -1], [3, 3], [3, 3], [3, 3], [3, 3], [3, 3], [3, 3], [3, 3], [3, 3], [3, 3], [1, 1], [1, 1], [3, 3], [1, 1], [3, 3], [3, 3], [3, 3], [1, 1], [3, 3], [3, 3], [3, 3], [1, 1], [1, 1], [3, 3], [3, 3], [3, 3], [1, 1], [1, 1], [3, 3], [-1, -1], [1, 1], [3, 3], [3, 3], [3, 3], [3, 3], [3, 3], [3, 3], [3, 3], [3, 3], [3, 3], [1, 1], [3, 3], [3, 3], [3, 3], [1, 1], [3, 3], [1, 1], [3, 3], [3, 3], [1, 1], [3, 3], [3, 3], [1, 1], [3, 3], [1, 1], [1, 1], [3, 3], [3, 3], [3, 3], [1, 1], [3, 3], [3, 3], [3, 3], [3, 3], [3, 3], [3, 3], [3, 3], [1, 1], [1, 1], [1, 1], [3, 3], [3, 3], [3, 3], [1, 1], [3, 3], [3, 3], [3, 3], [3, 3], [1, 1], [3, 3], [3, 3], [2, -4], [1, 1], [3, 3], [1, 1], [1, 1], [3, 3], [1, 1], [1, 1], [1, 1], [-1, -1], [3, 3], [3, 3], [3, 3], [3, 3], [3, 3], [5, 5], [3, 3], [3, 3], [3, 3], [1, 1], [3, 3], [3, 3], [3, 3], [1, 1], [3, 3], [3, 3], [3, 3], [3, 3], [3, 3], [3, 3], [3, 3], [3, 3], [3, 3], [1, 1], [1, 1], [3, 3], [3, 3], [3, 3], [1, 1], [3, 3], [1, 1], [3, 3], [3, 3], [3, 3], [3, 3], [3, 3], [1, 1], [3, 3], [1, 1], [1, 1], [3, 3], [1, 1], [3, 3], [3, 3], [3, 3], [3, 3], [1, 1], [1, 1], [3, 3], [3, 3], [1, 1], [1, 1], [3, 3], [3, 3], [1, 1], [1, 1], [3, 3], [3, 3], [3, 3], [3, 3], [1, 1], [1, 1], [3, 3], [1, 1], [3, 3], [3, 3], [1, 1], [3, 3], [1, 1], [3, 3], [3, 3], [3, 3], [3, 3], [3, 3], [3, 3], [1, 1], [3, 3], [3, 3], [1, 1], [1, 1], [1, 1], [3, 3], [3, 3], [1, 1], [3, 3], [3, 3], [3, 3], [3, 3], [3, 3], [3, 3], [1, 1], [3, 3], [1, 1], [3, 3], [3, 3], [3, 3], [3, 3], [3, 3], [3, 3], [1, 1], [1, 1], [3, 3], [3, 3], [3, 3], [3, 3], [3, 3], [3, 3], [3, 3], [1, 1], [3, 3], [7, -5], [1, 1], [3, 3], [1, 1], [-1, -1], [3, 3], [3, 3], [1, 1], [3, 3], [1, 1], [3, 3], [3, 3], [4, -2], [3, 3], [3, 3], [3, 3], [3, 3], [3, 3], [3, 3], [1, 1], [1, 1], [1, 1], [3, 3], [3, 3], [3, 3], [1, 1], [3, 3], [3, 3], [3, 3], [3, 3], [3, 3], [1, 1], [3, 3], [3, 3], [1, 1], [3, 3], [3, 3], [1, 1], [3, 3], [3, 3], [3, 3], [3, 3], [3, 3], [1, 1], [1, 1], [1, 1], [3, 3], [3, 3], [3, 3], [3, 3], [1, 1], [3, 3], [3, 3], [8, 2], [1, 1], [4, -2], [3, 3], [1, 1], [1, 1], [1, 1], [3, 3], [3, 3], [3, 3], [1, 1], [3, 3], [1, 1], [3, 3], [1, 1], [1, 1], [1, 1], [3, 3], [3, 3], [1, 1], [3, 3], [1, 1], [3, 3], [3, 3], [3, 3], [1, 1], [3, 3], [1, 1], [1, 1], [3, 3], [1, 1], [3, 3], [3, 3], [3, 3], [3, 3], [3, 3], [1, 1], [3, 3], [3, 3], [3, 3], [3, 3], [1, 1], [3, 3], [-1, -1], [3, 3], [3, 3], [1, 1], [1, 1], [3, 3], [3, 3], [1, 1], [3, 3], [1, 1], [3, 3], [3, 3], [3, 3], [1, 1], [3, 3], [1, 1], [3, 3], [3, 3], [1, 1], [3, 3], [3, 3], [3, 3], [3, 3], [3, 3], [1, 1], [1, 1], [3, 3], [1, 1], [3, 3], [1, 1], [3, 3], [3, 3], [-1, -1], [1, 1], [1, 1], [3, 3], [1, 1], [3, 3], [3, 3], [3, 3], [1, 1], [3, 3], [3, 3], [3, 3], [1, 1], [3, 3], [1, 1], [3, 3], [3, 3], [3, 3], [3, 3], [3, 3], [3, 3], [3, 3], [3, 3], [1, 1], [3, 3], [3, 3], [1, 1], [3, 3], [5, 5], [3, 3], [1, 1], [3, 3], [3, 3], [3, 3], [1, 1], [3, 3], [3, 3], [1, 1], [3, 3], [3, 3], [3, 3], [1, 1], [1, 1], [3, 3], [3, 3], [3, 3], [3, 3], [3, 3], [3, 3], [3, 3], [3, 3], [1, 1], [3, 3], [3, 3], [3, 3], [3, 3], [3, 3], [1, 1], [3, 3], [3, 3], [1, 1], [3, 3], [3, 3], [3, 3], [1, 1], [3, 3], [3, 3], [3, 3], [3, 3], [3, 3], [3, 3], [3, 3], [3, 3], [3, 3], [3, 3], [1, 1], [3, 3], [1, 1], [3, 3], [3, 3], [3, 3], [1, 1], [3, 3], [1, 1], [1, 1], [3, 3], [3, 3], [3, 3], [1, 1], [1, 1], [1, 1], [3, 3], [3, 3], [3, 3], [-1, -1], [3, 3], [3, 3], [1, 1], [1, 1], [1, 1], [1, 1], [3, 3], [3, 3], [3, 3], [3, 3], [3, 3], [1, 1], [1, 1], [1, 1], [3, 3], [3, 3], [1, 1], [3, 3], [3, 3], [3, 3], [3, 3], [8, 2], [3, 3], [3, 3], [3, 3], [3, 3], [3, 3], [3, 3], [3, 3], [3, 3], [3, 3], [1, 1], [3, 3], [1, 1], [1, 1], [3, 3], [3, 3], [3, 3], [1, 1], [3, 3], [3, 3], [3, 3], [-1, -1], [3, 3], [3, 3], [3, 3], [3, 3], [1, 1], [3, 3], [3, 3], [3, 3], [3, 3], [3, 3], [3, 3], [3, 3], [3, 3], [3, 3], [3, 3], [3, 3], [1, 1], [1, 1], [3, 3], [3, 3], [1, 1], [4, -2], [3, 3], [3, 3], [1, 1], [1, 1]]

exec_time (ms): 194436.39159202576 ms
exec_time: 3m 14s 436.39159202575684ms