N: 91
n: 7
number_of_primes (d): 2
exp_register_width (qd): 5
primes: [2, 3]

R: 6517
T: 6
t: 15
delta: 0.00015344483658124905
delta_inv: 6517Percent of combinations (with positive values of result vector) that gives % N = 1: 51.1%
Percent of combinations (with positive values of result vector) that give p and q: 51.1%
Vectors that gives p and q: [[0, 3], [0, 3], [0, 3], [0, 3], [0, 3], [0, 3], [0, 3], [0, 3], [0, 3], [0, 3], [0, 3], [0, 3], [0, 3], [0, 3], [0, 3], [0, 3], [0, 3], [0, 3], [0, 3], [0, 3], [0, 3], [0, 3], [0, 3], [0, 3], [0, 3], [0, 3], [0, 3], [0, 3], [0, 3], [0, 3], [0, 3], [0, 3], [0, 3], [0, 3], [0, 3], [0, 3], [0, 3], [0, 3], [0, 3], [0, 3], [0, 3], [0, 3], [0, 3], [0, 3], [0, 3], [0, 3], [0, 3], [0, 3], [0, 3], [0, 3], [0, 3], [0, 3], [0, 3], [0, 3], [0, 3], [0, 3], [0, 3], [0, 3], [0, 3], [0, 3], [0, 3], [0, 3], [0, 3], [0, 3], [0, 3], [0, 3], [0, 3], [0, 3], [0, 3], [0, 3], [0, 3], [0, 3], [0, 3], [0, 3], [0, 3], [0, 3], [0, 3], [0, 3], [0, 3], [0, 3], [0, 3], [0, 3], [0, 3], [0, 3], [0, 3], [0, 3], [0, 3], [0, 3], [0, 3], [0, 3], [0, 3], [0, 3], [0, 3], [0, 3], [0, 3], [0, 3], [0, 3], [0, 3], [0, 3], [0, 3], [0, 3], [0, 3], [0, 3], [0, 3], [0, 3], [0, 3], [0, 3], [0, 3], [0, 3], [0, 3], [0, 3], [0, 3], [0, 3], [0, 3], [0, 3], [0, 3], [0, 3], [0, 3], [0, 3], [0, 3], [0, 3], [0, 3], [0, 3], [0, 3], [0, 3], [0, 3], [0, 3], [0, 3], [0, 3], [0, 3], [0, 3], [0, 3], [0, 3], [0, 3], [0, 3], [0, 3], [0, 3], [0, 3], [0, 3], [0, 3], [0, 3], [0, 3], [0, 3], [0, 3], [0, 3], [0, 3], [0, 3], [0, 3], [0, 3], [0, 3], [0, 3], [0, 3], [0, 3], [0, 3], [0, 3], [0, 3], [0, 3], [0, 3], [0, 3], [0, 3], [0, 3], [0, 3], [0, 3], [0, 3], [0, 3], [0, 3], [0, 3], [0, 3], [0, 3], [0, 3], [0, 3], [0, 3], [0, 3], [0, 3], [0, 3], [0, 3], [0, 3], [0, 3], [0, 3], [0, 3], [0, 3], [0, 3], [0, 3], [0, 3], [0, 3], [0, 3], [0, 3], [0, 3], [0, 3], [0, 3], [0, 3], [0, 3], [0, 3], [0, 3], [0, 3], [0, 3], [0, 3], [0, 3], [0, 3], [0, 3], [0, 3], [0, 3], [0, 3], [0, 3], [0, 3], [0, 3], [0, 3], [0, 3], [0, 3], [0, 3], [0, 3], [0, 3], [0, 3], [0, 3], [0, 3], [0, 3], [0, 3], [0, 3], [0, 3], [0, 3], [0, 3], [0, 3], [0, 3], [0, 3], [0, 3], [0, 3], [0, 3], [0, 3], [0, 3], [0, 3], [0, 3], [0, 3], [0, 3], [0, 3], [0, 3], [0, 3], [0, 3], [0, 3], [0, 3], [0, 3], [0, 3], [0, 3], [0, 3], [0, 3], [0, 3], [0, 3], [0, 3], [0, 3], [0, 3], [0, 3], [0, 3], [0, 3], [0, 3], [0, 3], [0, 3], [0, 3], [0, 3], [0, 3], [0, 3], [0, 3], [0, 3], [0, 3], [0, 3], [0, 3], [0, 3], [0, 3], [0, 3], [0, 3], [0, 3], [0, 3], [0, 3], [0, 3], [0, 3], [0, 3], [0, 3], [0, 3], [0, 3], [0, 3], [0, 3], [0, 3], [0, 3], [0, 3], [0, 3], [0, 3], [0, 3], [0, 3], [0, 3], [0, 3], [0, 3], [0, 3], [0, 3], [0, 3], [0, 3], [0, 3], [0, 3], [0, 3], [0, 3], [0, 3], [0, 3], [0, 3], [0, 3], [0, 3], [0, 3], [0, 3], [0, 3], [0, 3], [0, 3], [0, 3], [0, 3], [0, 3], [0, 3], [0, 3], [0, 3], [0, 3], [0, 3], [0, 3], [0, 3], [0, 3], [0, 3], [0, 3], [0, 3], [0, 3], [0, 3], [0, 3], [0, 3], [0, 3], [0, 3], [0, 3], [0, 3], [0, 3], [0, 3], [0, 3], [0, 3], [0, 3], [0, 3], [0, 3], [0, 3], [0, 3], [0, 3], [0, 3], [0, 3], [0, 3], [0, 3], [0, 3], [0, 3], [0, 3], [0, 3], [0, 3], [0, 3], [0, 3], [0, 3], [0, 3], [0, 3], [0, 3], [0, 3], [0, 3], [0, 3], [0, 3], [0, 3], [0, 3], [0, 3], [0, 3], [0, 3], [0, 3], [0, 3], [0, 3], [0, 3], [0, 3], [0, 3], [0, 3], [0, 3], [0, 3], [0, 3], [0, 3], [0, 3], [0, 3], [0, 3], [0, 3], [0, 3], [0, 3], [0, 3], [0, 3], [0, 3], [0, 3], [0, 3], [0, 3], [0, 3], [0, 3], [0, 3], [0, 3], [0, 3], [0, 3], [0, 3], [0, 3], [0, 3], [0, 3], [0, 3], [0, 3], [0, 3], [0, 3], [0, 3], [0, 3], [0, 3], [0, 3], [0, 3], [0, 3], [0, 3], [0, 3], [0, 3], [0, 3], [0, 3], [0, 3], [0, 3], [0, 3], [0, 3], [0, 3], [0, 3], [0, 3], [0, 3], [0, 3], [0, 3], [0, 3], [0, 3], [0, 3], [0, 3], [0, 3], [0, 3], [0, 3], [0, 3], [0, 3], [0, 3], [0, 3], [0, 3], [0, 3], [0, 3], [0, 3], [0, 3], [0, 3], [0, 3], [0, 3], [0, 3], [0, 3], [0, 3], [0, 3], [0, 3], [0, 3], [0, 3], [0, 3], [0, 3], [0, 3], [0, 3], [0, 3], [0, 3], [0, 3], [0, 3], [0, 3], [0, 3], [0, 3], [0, 3], [0, 3], [0, 3], [0, 3], [0, 3], [0, 3], [0, 3], [0, 3], [0, 3], [0, 3], [0, 3], [0, 3], [0, 3], [0, 3], [0, 3], [0, 3], [0, 3], [0, 3], [0, 3], [0, 3], [0, 3], [0, 3], [0, 3], [0, 3], [0, 3], [0, 3], [0, 3], [0, 3], [0, 3], [0, 3], [0, 3], [0, 3], [0, 3], [0, 3], [0, 3], [0, 3], [0, 3], [0, 3], [0, 3], [0, 3], [0, 3], [0, 3], [0, 3], [0, 3], [0, 3], [0, 3], [0, 3], [0, 3], [0, 3], [0, 3], [0, 3], [0, 3], [0, 3]]

exec_time (ms): 200622.53308296204 ms
exec_time: 3m 20s 622.5330829620361ms