N: 33
n: 6
number_of_primes (d): 2
exp_register_width (qd): 5
primes: [2, 5]

R: 5431
T: 5
t: 14
delta: 0.00018412815319462345
delta_inv: 5431Percent of combinations (with positive values of result vector) that gives % N = 1: 73.1%
Percent of combinations (with positive values of result vector) that give p and q: 45.6%
Vectors that gives p and q: [[419, -501], [-1628, -583], [-546, -1171], [925, -1405], [-984, -1309], [1305, 545], [-1304, -1719], [51, -1029], [-54, -1139], [-20, -675], [-1942, -687], [-254, 1151], [1213, -707], [-595, -585], [523, 1913], [308, 1683], [-1119, 181], [1651, 201], [-612, 1693], [171, -759], [-878, 597], [129, -721], [-2063, 767], [413, -1297], [-721, 79], [-754, 131], [-111, 1249], [1026, 261], [233, -1067], [1122, -753], [-203, 1277], [-2034, -579], [-793, -1683], [-866, -1441], [-1613, 377], [310, -935], [-864, 1131], [143, -967], [-755, 365], [-661, 249], [-1209, -1549], [1323, -1307], [1004, -351], [-962, -817], [1004, 719], [377, -843], [792, -1053], [-79, -609], [875, 915], [915, 765], [665, -95], [-1192, -477], [-1108, -793], [-956, -911], [-335, -975], [-823, -1213], [-813, 187], [62, -623], [557, 1067], [-376, -401], [-668, -183], [798, -807], [-451, 1879], [-811, 149], [-607, -1447], [782, -2533], [-815, -395], [1132, -1093], [-851, -721], [2595, 285], [1372, 387], [1212, 597], [464, 1589], [-2492, -1167], [1565, 465], [1129, 859], [264, -891], [-1186, 99], [1050, 85], [-669, -1849], [746, 1111], [-2880, -1835], [-1036, 869], [-781, -361], [285, -815], [809, -1191], [-719, 201], [-1011, -111], [-35, 545], [-1648, 2097], [-754, 111], [111, 1811], [-1005, -465], [234, -811], [383, -1327], [1456, -149], [-987, 463], [-667, -697], [268, -1377], [288, -867], [182, -1623], [-706, 109], [1102, 877], [684, -1061], [-283, -633], [-1315, 1045], [-598, 1067], [-755, 155], [-1440, -1075], [-325, -945], [457, 307], [1632, 2027], [666, 761], [351, -919], [382, 1657], [-2633, 727], [1080, -1275], [2358, 23], [-994, 731], [313, 1303], [-447, 1363], [397, -1383], [-451, -1431], [-238, 1357], [-1110, 1125], [-1609, 801], [1462, -983], [-1056, -761], [452, -853], [-262, -957], [352, 1537], [87, 687], [-1089, -9], [-1007, 13], [182, -863], [420, -825], [903, 893], [5, -625], [465, 95], [246, -1709], [-944, 1641], [1353, 703], [-2049, 321], [-617, 223], [1068, 343], [512, -993], [679, -1831], [-550, -125], [1446, -439], [1767, -933], [-2142, -207], [-1977, -2187], [910, 555], [771, -799], [-152, 1213], [-446, -331], [1053, 393], [-1168, -133], [-656, -1871], [-605, 155], [-514, -529], [-1021, -781], [1001, 1441], [-438, -853], [-2, 3], [-759, 1151], [1366, -1929], [969, 419], [189, -1031], [480, 1535], [-739, 1241], [-1268, 1497], [-666, 629], [-443, -283], [-375, -915], [-645, 675], [138, -977], [262, -1373], [-661, -821], [1336, 1], [-555, -465], [501, -659], [162, 1647], [2081, -1739], [-584, -1359], [1122, 687], [-526, 79], [1221, 541], [-2, 3], [-1616, 129], [151, -1009], [801, 181], [-893, -1153], [1160, 1025], [767, -593], [-579, -749], [-616, -531], [282, -1383], [-1196, -411], [-1270, 135], [146, 571], [-221, -2041], [270, -695], [-709, 591], [-668, -103], [305, -915], [504, 669], [-1750, -935], [2688, 933], [1280, 935], [750, 895], [-975, 1245], [-2723, 157], [1013, -1687], [-1482, -907], [-533, 2047], [-421, -341], [-1333, -1783], [1205, 1365], [94, -601], [-1935, -175], [-420, 535], [-662, 1483], [-1971, 9], [-327, 1723], [239, -771], [-657, -907], [1531, -1669], [-17, 753], [-447, -1857], [603, -637], [2049, 269], [-1245, -2395], [1575, -1825], [-1118, 117], [-794, 1231], [-1200, -465], [-1048, 687], [413, 1213], [-595, 25], [542, -953], [452, 897], [1826, 431], [891, -849], [-1265, 225], [-825, -765], [468, -647], [524, 669], [614, -571], [-2, 3], [789, -71], [1645, 305], [362, 947], [399, -441], [-526, -441], [-1368, 1347], [511, 891], [438, -967], [-2211, 979], [-170, 1105], [-228, -2023], [1771, -779], [855, -1075], [-39, 1131], [-369, -2489], [-942, 1263], [613, -1367], [-1999, 271], [-257, -897], [-1048, 847], [74, -761], [-752, -567], [180, -1225], [-227, -567], [-580, -1425], [-600, -245], [1300, -1125], [-2183, -1533], [-1246, -11], [1043, 613], [-1182, -1167], [1278, -417], [129, -661], [-846, 49], [1520, -465], [323, -897], [950, 645], [253, -1277], [1124, 769], [-649, 121], [-923, 37], [2266, -1409], [-268, -1453], [381, -1339], [505, -1685], [205, -825], [1398, -1677], [-964, -1599], [-622, -1647], [-692, 593], [716, 891], [-1493, 1417], [-493, -773], [245, -1005], [-1998, -143], [-947, -717], [-1342, -1357], [-1087, -27], [402, -1473], [615, 1265], [-1219, 221], [-839, 1691], [-1330, 555], [5, -975], [-250, 1745], [368, 793], [-427, -1757], [296, -889], [570, 45], [-1304, 931], [-293, -1633], [-941, -111], [-339, 1921], [-956, -2121], [-281, -951], [-442, -1257], [149, -1311], [-6, 1729], [-2441, -1571], [1843, 1583], [-817, -387], [-478, -523], [215, -725], [-791, 379], [-2419, -499], [412, -1933], [220, -1355], [-392, 1143], [-1220, -1485], [-104, -659], [-540, 2165], [-753, 297], [-2, 3], [-950, -2475], [126, -749], [-944, -499], [1944, 659], [476, 1001], [931, 1081], [-145, -755], [-2242, -267], [-962, -1727], [-1326, 729], [-1687, -1007], [549, -1911], [-718, 297], [-448, -1273], [-1320, 935], [1445, -785], [1088, 813], [137, -623], [-455, -1255], [-607, 213], [521, -2249], [-2, 3], [-616, 859], [2532, -1343], [-1347, -627], [390, -1615], [-2, 3], [-1342, 1363], [-128, 1277], [1115, -805], [1498, -1487], [-713, 57], [-1190, -855], [-187, -547], [1098, -37], [-181, 1249], [-786, -451], [-2102, 823], [-1225, -35], [-14, -829], [-450, -935], [131, -1649], [291, -669], [-597, 43], [-447, -1977], [-547, -97], [1113, 1443], [-875, 1135], [-2866, 219], [142, -593], [-713, 17], [-654, 331], [-766, 159], [735, -975], [-513, -663], [-307, -1537], [-605, 25], [179, -821], [813, 153], [-3005, 185], [-1607, 1393], [-591, 19], [-1411, -41], [219, 1569], [-1459, -9], [-2, 3], [1455, -145], [-953, -103], [-832, 353], [-533, -1383], [468, 1223], [-1523, -333], [-374, -1019], [1021, 731], [714, -1051], [-1929, 261], [-780, 635], [538, -1437], [1259, -51], [-44, 1501], [1232, -1403], [-651, -841], [-884, -379], [-112, 1153], [618, -2057], [-429, 1371], [158, 1613], [392, -1393], [233, 2163], [-1235, -1135], [-957, -927], [-539, -949], [3, 793], [414, 1559], [-1784, -1039], [800, -115], [1024, 829], [1062, 747], [300, -1015], [1044, 89], [-976, -1001], [239, -851], [1909, 109], [-252, 1123], [-1413, 327], [-857, -1417], [1302, -783], [-584, 1131], [1715, 205], [-716, -1001], [364, -751], [-1109, -889], [-1035, 505]]

exec_time (ms): 273433.00104141235 ms
exec_time: 4m 33s 433.0010414123535ms