N: 39
n: 6
number_of_primes (d): 2
exp_register_width (qd): 5
primes: [2, 5]

R: 5431
T: 5
t: 14
delta: 0.00018412815319462345
delta_inv: 5431Percent of combinations (with positive values of result vector) that gives % N = 1: 64.3%
Percent of combinations (with positive values of result vector) that give p and q: 37.7%
Vectors that gives p and q: [[-624, 242], [-621, -937], [-54, -1080], [1620, -986], [792, 938], [63, -1101], [-741, -977], [87, -793], [-6, -728], [93, 1865], [-798, 1044], [969, -2107], [-1749, 139], [1422, -428], [-981, 1235], [228, -2474], [381, -915], [-411, 1341], [-618, -756], [297, 613], [-453, 1807], [-453, -1077], [-1497, 83], [15, 1663], [987, 863], [-1281, -1473], [-834, -812], [954, 708], [-297, -841], [-936, -646], [-147, -1383], [-687, 177], [255, -793], [-306, -820], [-126, 1496], [-261, -489], [-873, 27], [204, 1130], [-609, 107], [-501, -249], [846, -1408], [297, -787], [-486, -568], [-1482, -1144], [822, -264], [-804, 62], [522, 1304], [-360, -478], [252, -1602], [1173, -1067], [-828, -886], [-219, 2129], [-243, -2475], [330, -1308], [216, 886], [498, 580], [-1656, -390], [1545, -1123], [1092, -146], [-291, 201], [-105, -1749], [1287, 831], [-1059, -475], [-687, 217], [-3039, -1123], [333, 2249], [885, -1775], [-1167, -995], [648, 938], [-1605, 419], [-360, -858], [693, -1023], [-678, 636], [-774, 372], [-822, -1968], [-927, 1113], [-240, 1278], [-816, -846], [600, -1362], [-102, 760], [243, -945], [120, 1542], [-807, -843], [729, 885], [-60, 1602], [933, 153], [681, -867], [-915, -2415], [-93, -1689], [1224, -286], [-348, -1022], [-36, 1294], [417, -491], [942, -1544], [-699, -31], [450, -660], [-669, 191], [-1947, 1237], [780, 262], [-570, 472], [1185, -1355], [-1200, 126], [-1500, 34], [-1545, 1811], [462, 1220], [591, 131], [-1086, 352], [1509, 673], [-1461, 1095], [-750, 260], [-1197, -393], [-1425, 615], [1509, 1773], [477, -1927], [-648, 218], [282, -772], [-1326, -1840], [-567, -615], [-231, 1245], [1593, -867], [-450, 972], [-1215, 237], [318, 680], [-777, 1907], [-1029, -1597], [-456, -578], [-723, 117], [-822, 964], [-801, 175], [465, 1497], [0, -1098], [-528, 214], [-1617, -2037], [1779, 403], [-1476, 334], [-756, 1322], [2247, 103], [594, -788], [330, -696], [-1338, -40], [-333, 123], [-486, -292], [-588, 166], [219, -525], [-1605, 91], [654, 4], [-774, -312], [1164, -798], [141, -899], [-141, 1859], [-1596, 110], [33, 1453], [-723, 41], [2238, 736], [-267, -1979], [-549, -25], [-798, 1052], [417, -915], [1014, 1352], [978, -784], [-114, 1392], [-3039, 253], [1026, 528], [-3219, 309], [1107, 543], [606, -1544], [630, -856], [912, -378], [15, -1049], [-450, -968], [-765, 603], [291, -721], [-327, -1155], [-213, 1579], [-930, 1108], [408, -1106], [1350, 1840], [621, -1943], [-546, -628], [-183, -731], [684, -922], [1536, -1098], [-636, 842], [-939, 461], [2199, 1539], [-348, -1478], [-978, -68], [180, -2118], [-594, -1012], [1494, 92], [1788, 314], [-1305, -765], [984, 702], [288, -1834], [-1011, -707], [-1041, -697], [-1902, 404], [-816, -1838], [-1140, 510], [402, 720], [252, 1658], [309, 1837], [-699, 157], [1527, 659], [1101, 89], [1062, -1352], [1296, 1094], [684, -1558], [-819, 325], [-201, 1059], [-609, 179], [-627, 153], [-1548, -778], [-1500, -1210], [2163, -717], [-1857, 423], [-1788, -226], [708, -2202], [-636, 186], [-600, -298], [-618, -656], [288, -950], [-1179, -351], [840, 1870], [-750, 164], [-585, 1327], [-2061, -61], [-78, -876], [357, -931], [-462, -1024], [2208, -122], [-690, 124], [606, -1992], [-1152, 926], [-825, 1327], [-1242, 1624], [-471, 93], [975, -1317], [-630, 48], [495, -889], [-2052, -66], [-1851, 93], [-180, -438], [-1851, 297], [372, 1066], [330, 1852], [-327, -1179], [318, -2488], [-702, 280], [-1344, -606], [1815, -561], [-1587, 137], [999, -1141], [-1344, -1090], [-663, 29], [-138, -976], [-159, -1111], [708, 174], [741, -531], [-288, -2258], [-351, -1359], [-1269, -1617], [-867, -883], [-1137, 1203], [-1656, -1066], [-576, 1790], [-411, -1347], [90, -588], [-834, -1512], [-1851, 725], [-1098, 1232], [1209, 1173], [-2361, 7], [744, 1194], [780, 1882], [462, -1016], [66, 1112], [-552, -990], [1092, -606], [696, 1534], [-1077, 1135], [-756, 162], [606, 428], [-762, 148], [588, -1662], [-1302, 160], [-462, -920], [-708, -254], [885, -1695], [12, -558], [-1173, 1323], [-60, 1766], [783, 1475], [-507, -515], [-615, 301], [-723, 849], [-1428, -1058], [1290, -48], [1329, -1799], [-1107, 1217], [-390, -704], [-1464, 26], [-654, 924], [-1494, -1084], [1173, -503], [432, 1166], [165, 1165], [-1095, 2129], [-1167, 89], [141, 621], [291, -1897], [-345, 395], [-1017, 347], [-567, -199], [645, -1507], [654, -748], [1752, 646], [-336, -18], [1785, -159], [-1191, 21], [-2043, -1599], [-318, -1384], [-252, -1798], [-1041, -413], [1056, 538], [2610, -772], [81, -1667], [-576, -1090], [456, 1582], [-198, 548], [-1314, 2016], [105, -803], [1713, 1021], [918, -1312], [90, -868], [1884, 242], [834, -884], [-18, -912], [-699, 189], [-1092, 170], [-42, -576], [1368, 882], [138, -1696], [606, 1068], [-936, 474], [-1428, 490], [2331, 1235], [-1530, -1184], [-1143, 621], [-435, -2011], [918, 64], [-1206, -32], [324, -1630], [-693, 839], [-135, 1345], [435, -773], [-1338, 504], [1518, -804], [-1347, 497], [-2511, -427], [1734, 1036], [705, -1219], [627, -329], [144, -2194], [441, -919], [183, -709], [-1908, -378], [132, -646], [168, -850], [39, -1093], [-2397, -641], [-156, -1918], [-1926, 1876], [351, 2163], [-1491, 945], [855, -601], [-372, -1322]]

exec_time (ms): 273434.490442276 ms
exec_time: 4m 33s 434.490442276001ms