N: 57
n: 6
number_of_primes (d): 2
exp_register_width (qd): 5
primes: [2, 5]

R: 5431
T: 5
t: 14
delta: 0.00018412815319462345
delta_inv: 5431Percent of combinations (with positive values of result vector) that gives % N = 1: 51.4%
Percent of combinations (with positive values of result vector) that give p and q: 30.5%
Vectors that gives p and q: [[-2420, 1805], [-258, -1623], [850, -205], [650, -1241], [-401, -1177], [-1080, 225], [-1254, 453], [-46, 589], [16, 701], [685, -1453], [-1623, 111], [505, -1219], [-963, -513], [-428, -1123], [-645, 87], [-607, 61], [727, 1421], [586, -1669], [1244, 757], [-1306, 1363], [-2720, -235], [-1686, -285], [-1645, 37], [-1064, 593], [-2705, -403], [222, -681], [563, -1289], [501, -2085], [1932, -393], [-593, 41], [-1476, 1035], [1733, -29], [10, -2047], [86, -551], [-100, 427], [-2362, 133], [864, -909], [-520, -1133], [1640, 217], [-1301, 1577], [-998, 311], [199, -661], [216, 531], [1489, -1069], [-46, 571], [1286, -1175], [392, -2171], [-450, -45], [-1522, 85], [1788, 525], [-515, 1439], [264, -813], [271, -607], [922, -1069], [-736, 109], [358, -1171], [-1005, -723], [-1391, -547], [-709, 127], [-727, 1333], [-770, 245], [-1075, -893], [-1032, -1731], [-940, -389], [-801, 801], [-742, -1433], [-488, -1333], [1347, 561], [383, 673], [1275, 1587], [353, -2051], [-1088, -247], [-1416, 417], [-427, 1987], [-1126, -1787], [-431, 2075], [-1543, 1933], [-160, -1547], [1699, 35], [-1623, -393], [-1505, -991], [106, 1043], [-1954, -77], [-993, -609], [-739, 211], [1573, -19], [137, -2015], [1003, -295], [-282, -663], [636, 1749], [-1170, 369], [-728, 185], [-1324, 589], [-1059, -1317], [-2203, -431], [791, 679], [-1664, 383], [1252, -1003], [1005, 903], [207, 1989], [-666, 261], [339, -897], [-864, 243], [-475, -2105], [-534, 129], [740, -1385], [1400, 727], [1104, -1563], [1625, 799], [1199, -971], [-1788, 555], [-1061, -175], [616, -133], [-970, 415], [-513, 333], [-960, -705], [618, -15], [1446, -1311], [-2186, 131], [-1210, 439], [458, -959], [1340, -851], [-456, 177], [-384, 1455], [270, -675], [1882, -1309], [279, -1269], [182, -1349], [721, -1327], [152, -599], [-934, -521], [-2170, -1337], [-1132, 343], [411, -2121], [-592, -395], [-1616, -331], [-402, -687], [-321, 1293], [282, 483], [577, 833], [-936, -1485], [328, -583], [-659, -433], [1388, -341], [-891, 747], [1439, 877], [669, -1173], [118, -751], [-1011, -429], [-902, -739], [-1384, -917], [-738, 9], [231, -1509], [-381, 435], [265, -637], [-628, 991], [1618, -955], [-567, 1611], [391, 1973], [-555, 105], [948, 141], [-846, 189], [1776, -1335], [-1043, -769], [1895, 79], [-1034, 275], [-2023, 181], [-1873, -491], [-1909, -2255], [-588, 651], [85, -565], [205, 467], [-957, 1011], [-828, 999], [1383, 849], [142, -505], [1281, -543], [719, 31], [382, -1141], [-1517, -223], [-1111, 529], [-31, -641], [1130, -497], [-1047, -159], [352, 1481], [551, -611], [853, 719], [-1194, 519], [1638, 693], [-95, -1267], [585, 801], [1246, -1627], [-674, -3199], [-1204, 307], [1900, -1507], [445, -2005], [354, 1221], [265, -1195], [-1132, -2303], [-1487, 1349], [-82, 1201], [-1180, 463], [321, -1329], [1450, -913], [648, -837], [-876, -933], [-873, -2439], [-667, -761], [-942, -669], [-1120, 565], [-1036, -1859], [-451, 13], [-2670, 501], [1570, 227], [-1271, -181], [1123, 161], [267, -699], [-696, -1617], [176, -569], [-582, 573], [-904, -839], [913, 1613], [-1126, -221], [-255, 633], [-38, -1495], [-873, 99], [1063, 293], [-204, -1605], [-988, 253], [-504, -2655], [-1707, -525], [242, -1247], [-944, -319], [-803, -1369], [759, -291], [-778, 961], [-1321, -1403], [-1635, -1695], [214, -685], [-93, -1059], [-39, -591], [-640, 1543], [-488, -541], [-514, -725], [127, -1075], [226, -733], [-610, -971], [1618, 323], [-1664, 1193], [316, -679], [-696, -465], [36, -63], [-200, 1187], [933, -879], [259, -523], [-2461, -983], [-2003, -223], [208, -2227], [-1810, 139], [-1873, -203], [-1113, 33], [533, 307], [-711, 189], [907, -1351], [116, -491], [-4, -623], [-1281, -1689], [961, 737], [13, -583], [-987, 1509], [177, -663], [-1420, -1313], [-471, -555], [517, -889], [-1456, -575], [-420, -1911], [63, 1035], [238, -601], [1042, -397], [-153, 1233], [-616, -2009], [-1472, -547], [-1109, -811], [122, -605], [-917, -1417], [-551, -541], [1412, -401], [-1194, 465], [-1415, 89], [257, -461], [109, -643], [-97, -611], [270, 1737], [1804, -943], [-866, -1981], [2735, 373], [-1053, -225], [-1302, -651], [-1925, -283], [-379, -1535], [-1871, 203], [-726, 69], [1308, 33], [-1072, 589], [-741, 201]]

exec_time (ms): 260544.35896873474 ms
exec_time: 4m 20s 544.3589687347412ms