N: 65
n: 7
number_of_primes (d): 2
exp_register_width (qd): 6
primes: [2, 3]

R: 7315
T: 6
t: 15
delta: 0.0001367053998632946
delta_inv: 7315Percent of combinations (with positive values of result vector) that gives % N = 1: 39.1%
Percent of combinations (with positive values of result vector) that give p and q: 21.8%
Vectors that gives p and q: [[-1288, 1942], [-3592, -1850], [-638, -718], [1474, -946], [-470, 374], [-1738, -86], [-1932, 54], [-516, 498], [-1596, 822], [1996, -898], [40, -2638], [-798, 210], [1726, 686], [1730, -1634], [1540, -1726], [162, -678], [480, -1338], [-676, 202], [-1052, -1054], [148, -1738], [-1082, 470], [1372, 938], [1804, 626], [1102, 110], [1606, -838], [1432, 758], [-1448, -202], [962, 2170], [-950, -1102], [752, 766], [-1816, 1606], [-774, -666], [332, 1018], [-942, -162], [-1850, 62], [1780, 50], [1320, 150], [-1008, -1074], [1614, -378], [-636, 198], [-2346, -510], [626, -1742], [-662, 86], [-1704, 162], [-1502, -826], [1936, 494], [840, 1326], [6, 1722], [160, -1150], [20, -1574], [-1754, 206], [876, 378], [572, -722], [-1636, -1358], [614, 1918], [232, -850], [1898, -422], [-2470, -2426], [-378, 1254], [-834, 174], [-1386, -2058], [-1080, 102], [1318, -322], [-74, 2294], [-742, -950], [-816, -1674], [630, 1062], [256, -850], [-696, -1050], [1346, 1666], [-648, -1842], [1264, 2258], [94, -1630], [398, -686], [-924, -1230], [638, 466], [-1524, 822], [-708, 462], [-588, 1242], [-1560, -510], [-666, -1482], [618, 42], [318, -2094], [-2538, 510], [2672, 1474], [570, 1782], [-642, -1362], [-2110, -1250], [-626, 146], [-1292, 854], [2116, -94], [-1762, 82], [-1868, 926], [-1516, -1286], [-356, -1462], [-1902, -42], [-1992, -30], [-654, 210], [2060, 706], [1682, -1442], [-2066, 446], [764, -2330], [-1202, 2006], [2062, 998], [-1176, -1026], [72, -798], [-490, -254], [570, 1050], [-1124, 2], [588, -1326], [1298, -518], [-1744, 514], [-1510, 742], [588, -210], [204, -1338], [-1294, 346], [-730, -698], [1438, 758], [1708, -766], [-1372, -890], [266, -746], [-630, -1302], [572, -974], [-12, 1542], [-738, -1158], [-1210, -494], [84, -714], [-704, 290], [-1646, 878], [-2820, -474], [-694, 1258], [-664, -518], [-1768, -878], [-964, -590], [-1350, -198], [-1098, 2214], [-1226, -2050], [218, -1502], [-670, -2054], [-960, -810], [2428, 1202], [1860, 186], [172, -538], [1180, 1106], [-374, -1438], [344, -758], [538, -1858], [2688, -1002], [-2266, 238], [-380, -646], [-722, 566], [1132, 554], [330, -642], [568, 950], [2930, -26], [796, -766], [830, -1682], [-1692, 1950], [132, -606], [340, -1474], [524, -1754], [-512, 254], [-412, 1690], [-636, 126], [-660, 162], [-890, 926], [-1426, -2522], [-758, 314], [-818, 254], [414, -1962], [-116, -1150], [434, -1694], [-922, 1138], [-2240, 1610], [2726, 1462], [-180, -1098], [-1748, 86], [138, 2034], [-790, -1658], [-722, 218], [1036, 86], [-978, 846], [-2510, -166], [-1448, 326], [-772, 166], [-1064, -214], [-2862, 426], [-1348, -62], [774, 282], [204, -870], [602, 766], [-2722, -3302], [-862, 334], [-532, -1154], [-2218, 610], [-910, 1402], [-74, -1726], [-324, -438], [578, 394], [110, -3074], [636, -642], [-644, 50], [1726, -910], [-1254, -1038], [-644, 122], [-638, -1210], [-2194, 1222], [-660, 246], [-926, -706], [2528, 622], [590, -1874], [-1726, 70], [1622, 574], [1144, -670], [-630, 1362], [-1058, -346], [954, 714], [1290, 606]]

exec_time (ms): 295164.8066043854 ms
exec_time: 4m 55s 164.80660438537598ms