N: 69
n: 7
number_of_primes (d): 2
exp_register_width (qd): 6
primes: [2, 5]

R: 7315
T: 6
t: 15
delta: 0.0001367053998632946
delta_inv: 7315Percent of combinations (with positive values of result vector) that gives % N = 1: 44.9%
Percent of combinations (with positive values of result vector) that give p and q: 26.3%
Vectors that gives p and q: [[-685, -1534], [577, -1913], [-165, 1232], [1961, -1579], [673, -818], [-2405, -1537], [-1819, -861], [415, -698], [-789, -754], [-791, -629], [-673, 158], [-1495, 86], [-3347, 116], [-423, 2089], [715, -2849], [635, -1204], [-1193, 1000], [-3139, 1570], [-2083, 635], [-1579, 1464], [-1303, 714], [-1731, 305], [-1007, 727], [1051, 3024], [-369, -1693], [-989, 658], [151, 1843], [-593, 2044], [321, -1786], [-1333, -447], [785, -756], [1157, 964], [-3411, -680], [-1249, -32], [359, -630], [-35, 1060], [-849, -491], [131, 1003], [-1, 2], [-1, 2], [-2013, 396], [1, -2], [-1825, 196], [-567, 617], [1625, 1227], [-137, 1176], [1717, -1311], [-9, -1137], [1711, 516], [-499, 1504], [-1, 2], [1215, -1286], [-1385, 922], [-665, 1319], [479, -1783], [1389, 280], [1, -2], [1913, -328], [-937, 3249], [-1953, 1288], [493, -1371], [-1, 2], [-1849, -1868], [-1, 2], [-1069, -1954], [-1869, -420], [263, -2253], [79, 1877], [515, 2193], [41, 743], [-1301, 743], [243, -1366], [71, -637], [-1541, -328], [-1333, 323], [-1, 2], [43, -603], [-1, 2], [-843, -2395], [1, -2], [-545, 474], [-1733, -10], [-859, -229], [1201, 315], [-4051, -379], [-521, 404], [-77, 748], [-3187, -1073], [-2715, 711], [-753, 956], [1, -2], [1, -2], [-1123, 2], [-1, 2], [103, 1158], [-1, 2], [-1, 2], [-1157, 697], [-1, 2], [43, 1905], [-1025, 444], [-555, -56], [-1, 2], [-2225, -313], [1681, -865], [-1, 2], [1299, -167], [-525, -1084], [1827, 1527], [1, -2], [-1571, -1137], [2179, -2433], [-1399, 2633], [1913, 387], [-521, 2461], [225, -912], [1659, 1302], [2125, 194], [651, -114], [-2957, 777], [141, -1008], [-93, 1484], [-141, 1217], [-1, 2], [-1, 2], [267, -743], [-1587, 1579], [-1, 2], [-1, 2], [-1107, -1064], [-1, 2], [-1291, 239], [1313, -591], [-1221, 869], [-5, -705], [-3167, 1758], [-699, -329], [-1117, 760], [1217, -58], [-47, -1171], [2257, -323], [2627, -1547], [-1661, 2101], [-1039, -474], [2123, -1881], [-755, 212], [1, -2], [959, -1830], [-1181, -1554], [719, -1020], [-677, -2430], [23, -706], [-1481, 883], [-523, 474], [279, -1262], [-1375, -990], [655, -2487], [-1777, -1638], [1585, 174], [869, -451], [-1019, -2120], [-625, 623], [-2201, -1549], [-1, 2], [-1219, 392], [131, 1619], [-225, 692], [1219, -1778], [-35, -2163], [1227, -1222], [-1077, -343], [521, 1235], [-1279, 1590], [-813, 251], [865, -2060], [449, -1250], [-2413, 107], [967, -2132], [-213, -1048], [-1207, 577], [-397, -471], [1697, -6], [-767, 676], [-1165, 966], [-649, 121], [1865, -243], [907, 1376], [-3439, -547], [-95, -1526], [149, -584], [-547, -215], [-933, 612], [-341, -1133], [1733, 120], [1293, -848], [-513, -734], [-5, 2771], [1, -2], [5, -758], [185, -3483], [-425, -1141], [-351, -1311], [1325, -1869], [-1, 2], [681, 629], [-1, 2], [-877, 1424], [589, -716], [1281, 2333], [825, -550], [-1, 2], [-1, 2], [79, -1555], [865, -1400], [-479, -802], [-1, 2], [-1273, 698], [-697, 1229], [-493, -367], [199, -1828], [-1747, 2152], [345, 542], [753, -153], [-305, 819], [-621, -122], [851, -635], [-769, -1168], [-919, 1508], [-419, -1285], [1, -2], [-1, 2], [1951, 1048], [-403, -1361], [2577, 1028], [171, 780], [-643, -529], [2763, 29], [1077, -900], [-871, 3194], [-1, 2], [1875, 1255], [2153, -885], [-781, 1452], [197, -1769], [121, -946], [-1449, -589], [-683, 35], [-1, 2], [-1017, 692], [1, -2], [755, 1229], [1, -2], [-939, -2423], [-641, 171], [-1, 2], [-2351, -2371], [-485, 1168], [-1187, 42], [1, -2], [315, -806], [-143, 2222], [-935, -990], [471, -1118]]

exec_time (ms): 290654.7508239746 ms
exec_time: 4m 50s 654.7508239746094ms