N: 91
n: 7
number_of_primes (d): 2
exp_register_width (qd): 6
primes: [2, 3]

R: 7315
T: 6
t: 15
delta: 0.0001367053998632946
delta_inv: 7315Percent of combinations (with positive values of result vector) that gives % N = 1: 30.4%
Percent of combinations (with positive values of result vector) that give p and q: 17.0%
Vectors that gives p and q: [[-1032, -51], [-870, 1284], [-3108, -69], [-1206, -900], [-540, 135], [534, 708], [228, -735], [-558, -588], [2178, -312], [-744, -1605], [-648, 255], [-546, -2322], [654, 2238], [-1260, 1227], [1158, -1518], [996, -1359], [60, -747], [-972, 705], [-2082, -1254], [-1920, 639], [1986, 276], [-1104, 1701], [-1038, -204], [876, 1665], [450, -864], [672, -2043], [-3114, -786], [-480, -405], [510, 576], [780, -831], [138, -1368], [-1110, 420], [-648, -1575], [1182, 504], [-1878, -2472], [-1536, 1233], [-840, 273], [-1914, -1212], [-816, -417], [-312, -825], [-414, -1572], [-726, 1326], [786, 1530], [-834, -1422], [-714, 42], [630, 2166], [-540, -747], [-3210, -630], [516, 705], [-690, 60], [-1158, -36], [330, -1446], [-396, 2427], [-714, -1752], [2544, -1635], [114, -696], [972, 1059], [936, 1299], [522, -2808], [-678, 72], [-3468, -441], [204, -927], [-444, -1197], [150, -1122], [-1800, 789], [798, -1494], [1704, -2001], [2022, -516], [1188, -2565], [1014, 12], [-480, -705], [-1494, -306], [288, 1659], [-1560, 1509], [-870, 882], [2832, 189], [-2322, 810], [648, -1281], [-2118, -318], [948, -891], [1242, -1428], [1182, -666], [-2736, -1209], [-2334, 2244], [-1626, -762], [-312, 1413], [-1560, -759], [612, -159], [-738, 30], [438, -1368], [348, -1737], [-1020, -747], [2130, 1008], [1734, -1776], [-636, 183], [612, 1119], [-3216, -1983], [1200, 1575], [-384, -1833], [900, 525], [1044, -261], [1548, 609], [60, 633], [-1110, 660], [-648, -2769], [300, 1353], [-2586, -594], [-354, -636], [-2412, -567], [906, 1770], [1836, 1167], [270, 1434], [-3702, 702], [960, -423], [-768, 141], [-252, 1239], [2670, -1086], [-1080, -1803], [-1326, -942], [-822, -786], [-1050, 2076], [-972, -1293], [3558, -1740], [54, -1212], [1230, -1224], [-744, -1701], [1704, -1815], [-852, 1587], [-948, -1101], [1422, -1056], [1728, -21], [1002, 408], [1644, -873], [-1500, -411], [-2418, -1272], [-840, 423], [-2274, -1146], [-42, -756], [-534, -1188], [972, -2007], [102, -1122], [-1218, 1758], [-864, -945], [-1158, -1776], [-264, 2679], [1038, -1680], [828, -1833], [780, -195], [1608, -2961], [-762, 1386], [-1614, -2136], [-402, -1542], [2274, -1170], [-1110, 0], [1248, -2439], [66, -618], [1584, 285], [-1944, -861], [474, -2586], [-714, -2190], [-120, 1275], [1224, 39], [-984, 1017], [-126, -2544], [-852, -3849], [-1458, 1884], [1182, -1878], [858, -1338], [-1416, -2205], [732, 1077]]

exec_time (ms): 287462.7537727356 ms
exec_time: 4m 47s 462.7537727355957ms