N: 95
n: 7
number_of_primes (d): 2
exp_register_width (qd): 6
primes: [2, 3]

R: 7315
T: 6
t: 15
delta: 0.0001367053998632946
delta_inv: 7315Percent of combinations (with positive values of result vector) that gives % N = 1: 32.7%
Percent of combinations (with positive values of result vector) that give p and q: 16.7%
Vectors that gives p and q: [[-2043, -45], [592, -850], [-2311, -473], [-1028, -1714], [-428, -154], [-858, 372], [1870, -868], [-665, 137], [-2002, -1232], [2006, -20], [1722, -552], [-1183, -593], [923, -1655], [-2588, -2746], [-589, -467], [-196, -1490], [-778, 172], [-2297, 2057], [-339, -2577], [686, 2956], [-2000, -850], [-1930, 496], [-592, 58], [-64, -650], [50, -620], [-2263, -557], [-1726, -1184], [-794, 1544], [-28, -1766], [585, 1143], [-2179, 79], [-729, 81], [-1203, -93], [922, 296], [2037, 735], [-897, -2847], [980, -1730], [-1501, -635], [770, 352], [-647, 47], [1030, -1288], [393, 1479], [-851, -361], [865, 443], [-1122, 1464], [739, -1339], [576, -18], [-884, 1022], [-65, 473], [-1714, -1484], [-23, -1297], [-366, 1716], [-589, 793], [487, -1699], [54, -576], [1667, -491], [2101, -181], [-1451, 347], [2025, 567], [-803, 743], [-895, 1891], [1030, 224], [-1382, -1108], [-1689, -1407], [-426, -996], [2205, -261], [-1165, 2089], [376, -2290], [1982, 148], [-995, 1259], [1969, -2353], [2486, 1300], [-1943, 1595], [-370, -344], [-702, 360], [886, -748], [-252, -378], [695, 877], [-37, -1091], [-1102, -116], [1410, -1788], [-2404, 1078], [-1888, 706], [-953, 1541], [-995, 143], [-57, -1599], [55, 1541], [3315, -471], [-1329, -2127], [595, -3787], [-13, 1621], [2450, 580], [-885, 993], [-71, 1487], [-1875, -969], [-1584, 18], [92, 2722], [-2566, -128], [1373, -629], [163, -691], [2483, -407], [-1853, 1109], [865, 1379], [117, 1071], [75, -687], [359, -875], [-7, -617], [131, -683], [-304, -410], [-186, -408], [1498, 2816], [-782, 200], [-1571, -2701], [-2381, -3079], [-2566, 484], [-1292, 2582], [1499, -899], [1140, -2454], [-1147, 3475], [2894, 928], [-1624, -1466], [-624, 246], [180, -774], [289, 2819], [-860, -2134], [583, -643], [-729, 153], [556, -1750], [2004, 2154], [-572, 1250], [-1353, 345], [2311, -1399], [-962, 1352], [-635, -3421], [340, -634], [316, -754], [560, 778], [-2097, 1197], [-885, 1461], [1415, -2471], [2443, 197], [1159, 1769], [-891, 1575], [-809, 2261], [632, -158], [154, -700], [-227, 3587], [-236, -2398], [-854, -412], [-1371, 219], [1807, -211], [-919, 295], [-2012, 530], [-1171, -1433], [1341, 243], [2376, 414], [-873, 2745], [2447, -299], [-1051, 319], [723, 1761], [88, -1066], [19, -691], [-764, 182], [-1188, -1674], [-1187, -745], [42, -600], [-849, 273]]

exec_time (ms): 287646.2187767029 ms
exec_time: 4m 47s 646.2187767028809ms