N: 33
n: 6
number_of_primes (d): 3
exp_register_width (qd): 5
primes: [2, 5, 7]

R: 11287
T: 3
t: 16
delta: 0.00010850933564202967
delta_inv: 9216Percent of combinations (with positive values of result vector) that gives % N = 1: 70.8%
Percent of combinations (with positive values of result vector) that give p and q: 43.3%
Vectors that gives p and q: [[2414, 888, -1893], [1120, -1378, -269], [-457, -1789, -1826], [-429, -1383, -2202], [-190, -2215, -1610], [2, 0, -1], [2039, 1943, -1928], [-530, -1933, -1564], [-899, -228, 2943], [-190, -1968, -1949], [1396, -872, -919], [-1085, 109, 1942], [-2289, -1087, 136], [-523, -1769, -1958], [1600, -797, -1186], [1820, -827, -46], [0, 1, -2], [-145, -1872, -1991], [-224, -2163, -1622], [2, 0, -1], [-323, -1882, -1897], [1733, 2013, -1520], [1767, 1991, -1618], [-218, -2171, -1614], [-452, -1832, -1735], [-1624, -1740, 1397], [-373, -1606, -1939], [-429, -526, 459], [-2928, -817, -92], [769, -305, -792], [-617, 772, -523], [-1773, -1418, -725], [3040, -1581, 712], [2181, -7, -984], [1316, 2308, -1469], [-1562, -1931, 1498], [3222, -1274, 127], [-243, -2144, -1523], [2983, -1389, 734], [-601, -1913, -1656], [1740, 1967, -1514], [1766, -843, 108], [-1285, -1546, -1163], [-706, -1546, -1815], [-384, -1583, -1952], [-1947, -1764, 1689], [2039, 1856, -1979], [3177, -1755, 434], [-1813, -2144, 1687], [946, -2836, 919], [2, 0, -1], [1004, -557, -818], [-1778, -1965, 1684], [1585, 1848, -1611], [1881, 1821, -1360], [2645, -1963, 626], [-282, -1961, -1772], [-525, -256, 417], [-407, -1797, -1870], [-679, -1752, -1419], [1305, 2173, -1296], [-3531, -328, -2321], [-1746, -2015, 1718], [-1331, -1873, 1404], [1132, -171, -544], [617, 606, 2847], [195, 457, -1894], [-388, -751, 586], [2, 0, -1], [164, 1255, 2248], [-2657, 1453, -970], [-3261, 1633, -368], [1149, -987, 1782], [-2517, -1398, 2197], [-490, -1828, -1749], [3956, 610, -433], [-1116, -1773, -356], [459, 61, -1174], [-330, -1893, -1884], [2050, 1897, -2154], [-1857, -1710, 1751], [-2665, 1591, -442], [-323, -1792, -1897], [-552, -819, -2226], [799, -437, -848], [910, -61, -1798], [-214, -1849, -1990], [3021, -1526, 569], [-3365, 1755, -260], [1854, 1947, -1666], [805, -2642, -1371], [-500, -1258, -2259], [-1273, -630, 1059], [-1930, -1736, 1597], [-364, -1472, -2009], [-1756, -1948, 1659], [2005, 1929, -2078], [1418, -1444, 1149], [-244, -1883, -1922], [-292, -1861, -1882], [-36, -648, 229], [-1039, 108, 1881], [-1692, -1930, 1561], [901, 2824, -741], [-3329, 1528, -349], [-3361, 1557, -276], [-490, -537, 514], [-529, -1831, -1676], [-1379, -1951, 1574], [-59, 2120, -1383], [1, -2, 1], [-529, -1873, -1582], [1079, -1263, 1484], [-809, -1649, -1970], [-1, 2, -1], [-1927, -2030, 1911], [0, -1, 2], [-2587, 1342, -993], [-858, -1951, -484], [385, -2835, -1800], [550, -1467, 1784], [0, 1, -2], [-1561, -2156, 1755], [928, 538, 4375], [609, -1529, 1976], [-391, -2145, -1512], [-1125, -1830, -125], [1456, 1260, 707], [1061, 792, -927], [-2815, -1024, -407], [0, -1, 2], [-1731, -2022, 1387], [-1746, -1909, 1426], [3041, -1537, 486], [-1014, 374, -3331], [-205, -1804, -1977], [-2415, 1448, -731], [-2482, 1483, -500], [3583, -1485, 106], [-2845, 1222, -359], [-322, -1771, -2022], [-1552, 477, 232], [-1774, 703, 136], [-727, -1594, -1581], [-483, -2744, -1563], [1002, 1350, -4041], [-2361, 1450, -1007], [3443, -1594, 309], [-245, -1960, -1935], [-1126, 519, -80], [1837, 189, 1106], [-1931, 935, 128], [-323, -1890, -1871], [-230, -1819, -2352], [1748, 1701, -1596], [-451, -1651, -2030], [2, 0, -1], [1706, -738, -3397], [-171, -1970, -1637], [1613, -3670, 1831], [-1383, 2591, -648], [-1026, -1409, -1544], [-1840, -1647, 1534], [-1375, -1831, 442], [-3208, 1434, -409], [3533, -1706, 123], [-471, -447, 372], [536, -583, 788], [-1677, -2118, 1697], [-792, -1634, -4101], [786, -206, -961], [1856, 2034, -1901], [-2, 0, 1], [1167, -814, 1887], [-3255, 1584, -473], [1827, 1957, -1720], [-1, 2, -1], [2, 0, -1], [-1743, -1676, 1571], [-1607, 598, 85], [3123, -1515, 506], [372, 204, -1529], [-166, -1882, -2043], [-2832, 1459, -542], [-1168, -2265, 1794], [446, 1736, -1195], [-320, -1817, -1936], [491, -415, -3038], [-243, -1843, -1970], [-1482, -2148, 1367], [-1421, -1829, 1596], [739, 980, 1863], [-1382, -1161, -802], [-1704, 742, 73], [1943, 1940, -1689], [-433, -1963, -1820], [3588, 348, 2035], [3354, -1635, 468], [1408, 2200, -1709], [-694, 1151, -1310], [750, -1248, 551], [-1458, -1993, 1650], [-322, -1639, -2036], [-1370, 274, 427], [-366, -1906, -1805], [-1865, -1989, 1938], [-3307, 1498, -395], [655, -2095, 1240], [-539, -1867, -1734], [-819, -1684, -1395], [-469, -1305, -2278], [-114, 1185, -528], [-688, -565, 594], [3273, -1287, -90], [-293, -1961, -1744], [-2519, 1333, -1154], [-1156, -147, 572], [-3122, 1431, 54], [-213, -1935, -1936], [-1343, -2011, 1336], [-203, -1859, -1778], [-490, -484, 443], [-590, -1723, -1624], [-3240, 1467, -374], [2025, 1672, -1659], [1548, -547, 1740], [1861, 1983, -1714], [1288, 2231, -1296], [-3205, 1494, -453], [1611, -999, -1080], [1041, -944, 1965], [2874, -1620, 323], [3365, -1586, 207], [406, -1166, 679], [896, -1129, -470], [-2924, 1373, 16], [-1210, -1975, 1600], [-444, -1552, -2069], [-1, 2, -1], [-1828, 3949, -2074], [-1226, -2095, 1658], [-394, -1713, -2092], [-345, -1835, -1840], [1691, 2037, -1652], [-584, -1932, -1729], [1520, 2213, -1556], [1, -2, 1], [3277, -1648, 345], [-2449, 1410, -723], [610, 1711, -562], [-1857, -1975, 1726], [2035, 1739, -1608], [-448, -1976, -1769], [-439, -1667, -1804], [-2267, 1530, -909], [-3265, 1588, 9], [-2657, -250, 761], [-745, -1789, -1612], [0, 1, -2], [-529, -1833, -1762], [1723, 2006, -1701], [-3361, 1259, 10], [-1510, 876, -277], [3313, -1587, 260], [-1167, 767, -1008], [-2576, 1505, -1252], [-778, 516, -343], [1572, -568, -815], [-361, -1735, -1952], [3378, -1506, 323], [-958, -1777, -512], [-1999, -1899, 1830], [-2097, -1625, 1746], [2411, 677, -872], [-1240, 3189, -1508], [-1321, 2258, -43], [-196, -1950, -1877], [-187, -995, 1736], [-332, -1578, -2083], [1409, 277, 1464], [-416, -1862, -1863], [-2141, -1664, 1771], [3187, -1409, 402], [-746, 1811, -994], [-1057, -349, 3314], [1486, -86, -851], [-263, -1932, -1847], [-242, -1976, -1837], [2, 0, -1], [-1033, 135, 1764], [-213, -1984, -1853], [-932, -2068, -373], [-3117, 1293, -170], [-1098, -1850, -151], [-3367, 1624, -267], [-563, -1827, -1722], [-751, -1121, 780], [1802, 2165, -1876], [-238, -1912, -1887], [-2816, 1544, -335], [1667, 36, -3623], [1676, 2100, -1653], [-530, 2818, -261], [-1, 2, -1], [918, -833, -558], [-382, -1909, -1546], [485, 83, 2584], [0, 1, -2], [2842, -1445, 894], [-2977, 1139, 188], [-2237, -812, -2675], [-1411, 128, 647], [2937, -1633, 570], [3376, -1644, 275], [2058, 1466, -871], [-2197, -1414, 1749], [-2384, -1220, -403], [-749, -1032, 861], [362, -1189, 792], [1902, 1844, -1799], [-1752, -1967, 1600], [-671, -1751, -1430], [559, -1141, 330], [2964, -1183, 494], [-1789, -2223, 2028], [-225, -1874, -1917], [1945, -1088, 1451], [-3167, 1544, -467], [-1868, -2041, 1846], [-1987, -1431, 1678], [-1946, -1952, 1747], [-1158, -1994, 1397], [-52, -2026, -1637], [-1612, -1645, 1646], [-547, -378, 507], [1, -2, 1], [-330, -1856, -1733], [-2362, 1395, -1594], [366, 196, -1185], [657, -2049, -2048], [-666, 1718, -883], [-827, -59, 374], [-314, -1805, -1888], [1280, 286, -3277], [-2797, 1611, -656], [-1849, -1704, 1565], [-536, -2372, 167], [-1414, 309, 524], [-770, 565, -190], [347, -1091, 766], [385, -2981, -1828], [1825, 1984, -1753], [-1691, -2382, 2207], [-1007, 59, -2892], [-300, -1757, -1966], [1908, 1831, -1786], [-2578, 1674, -649], [-1360, -2030, 1635], [-1030, 576, -387], [-21, -1974, -1939], [-1041, -815, 848], [-360, -1731, -1758], [-1990, -1699, 1548], [-343, -1966, -1899], [-1594, 3472, -1687], [-210, -1913, -1884], [2, 0, -1], [-537, -1797, -1750], [-2848, 1411, -618], [-1122, 995, -3844], [-1385, -1967, 1574], [330, 865, -570], [-720, -1637, -1586], [2341, 1341, 330], [-532, -807, -130], [819, -3, -1796], [3541, 141, 2260], [853, -1315, -204], [2, 0, -1], [-86, 2467, 94], [-1, 2, -1], [-3497, -408, -2253], [3046, -1378, 93], [-2477, 1159, -1032], [-2175, 773, -1316], [-1, 2, -1], [-218, -1928, -1885], [-1746, -1936, 1405], [-267, -1819, -2026], [-446, -2288, -641], [-164, -1884, -1985], [-924, -1783, -1512], [2492, 746, -1043], [506, -602, 771], [1124, 2192, -1791], [-1755, -1736, 1637], [-906, -1821, -670], [-1883, -168, -1015], [-306, -1636, -2045], [-874, -2530, 1767], [1837, 1346, 807], [-1332, -1971, 1508], [3186, 358, 2431], [-699, -448, 3303], [-357, -1965, -1644], [289, 578, -3273], [-200, -2021, -1928], [-2084, -1742, 1731], [1143, 2193, -790], [-412, 471, -536], [2, 0, -1], [69, 1294, -705], [40, -1853, -2324], [-1736, -1953, 1634], [-165, -2176, -1853], [-207, -1864, -1921], [-1889, -1821, 1504], [-1687, -2065, 1866], [-476, -1784, -1759], [1990, 1738, -1441], [1715, 2066, -1677], [-2963, 1372, -105], [-3193, 1664, -519], [-752, -1531, -1402], [-515, -1260, 4385], [-1159, -1858, 13], [-2340, 899, 102], [-1, 2, -1], [-418, -1758, -1885], [-269, -1692, -2009], [1590, 2150, -1485], [199, -1048, 559], [542, 12, -1245]]

exec_time (ms): 434320.3272819519 ms
exec_time: 7m 14s 320.3272819519043ms