N: 35
n: 6
number_of_primes (d): 3
exp_register_width (qd): 5
primes: [2, 3, 11]

R: 11287
T: 3
t: 16
delta: 0.00010850933564202967
delta_inv: 9216Percent of combinations (with positive values of result vector) that gives % N = 1: 73.2%
Percent of combinations (with positive values of result vector) that give p and q: 58.7%
Vectors that gives p and q: [[-2, 0, 1], [2, 0, 2], [1, 1, 0], [-1, -1, 0], [1, 1, 0], [0, -2, 2], [2, 0, -1], [0, 2, -2], [1, 1, 0], [1, 1, 0], [0, 2, -2], [1, 1, 0], [1, 1, 0], [0, -2, 2], [1, 1, 0], [-1, -1, 0], [-2, 0, 1], [-1, -1, 0], [1, 1, 0], [1, 1, 0], [0, -2, 2], [-1, -1, 0], [1, 1, 0], [-2, 0, 1], [0, 2, 1], [-1, -1, 0], [2, 0, 2], [1, 1, 0], [-1, -1, 0], [2, 0, -4], [1, 1, 0], [-1, -1, 0], [2, 0, 2], [0, 2, -2], [0, 2, -2], [0, 2, -2], [-1, -1, 0], [0, 2, 1], [0, 2, 1], [0, -2, 2], [0, -2, 2], [2, 0, -1], [1, 1, 0], [0, 2, -2], [0, 2, -2], [-1, -1, 3], [0, 2, 4], [2, 0, -1], [0, 2, -2], [2, 0, -1], [-2, 0, 1], [0, -2, 2], [-2, 0, 1], [2, 0, 2], [1, 1, -3], [2, 0, 2], [1, 1, 0], [0, 2, -2], [2, 0, 2], [0, 2, 1], [2, 0, 2], [0, 2, 1], [1, 1, 0], [0, 2, 1], [2, 0, 2], [0, 2, -2], [0, 2, -2], [2, 0, 2], [0, 2, -2], [2, 0, -1], [0, 2, -2], [0, 2, -2], [0, 2, 4], [-1, -1, 0], [2, 0, 2], [-1, -1, 0], [1, 1, 0], [2, 0, -1], [1, 1, 0], [-1, -1, 0], [0, 2, -2], [-1, -1, 0], [2, 0, 2], [1, 1, 0], [1, 1, 0], [1, 1, 0], [0, 2, 1], [-1, -1, 0], [-1, -1, 0], [-1, -1, 0], [2, 0, 2], [1, 1, 0], [0, 2, -2], [1, 1, 0], [-1, -1, 0], [2, 0, 2], [1, 1, 0], [0, 2, 1], [2, 0, 2], [1, 1, 0], [0, 2, -2], [-1, -1, 0], [2, 0, 2], [2, 0, -1], [1, 1, 0], [1, 1, 0], [2, 0, -1], [0, 2, 1], [-1, -1, 0], [-1, -1, 0], [2, 0, -1], [2, 0, -1], [1, 1, 0], [1, 1, 0], [1, 1, 0], [1, 1, 0], [-1, -1, 0], [1, 1, 0], [0, 2, -2], [1, 1, 0], [2, 0, 2], [-1, -1, 0], [-1, -1, 0], [1, 1, 0], [0, 2, -2], [0, -2, 2], [0, 2, -2], [-1, -1, 0], [1, 1, 0], [0, -2, 2], [2, 0, 2], [2, 0, 2], [-1, -1, 0], [2, 0, -1], [2, 0, 2], [2, 0, 2], [2, 0, 2], [1, 1, 0], [1, 1, 0], [-1, -1, 0], [0, 2, 1], [-1, -1, 0], [-1, -1, 0], [1, 1, 0], [1, 1, 0], [1, 1, 0], [1, 1, 0], [1, 1, 0], [0, 2, -2], [0, 2, -2], [1, 1, 0], [2, 0, 2], [-1, -1, 0], [0, 2, -2], [2, 0, -1], [0, -2, 2], [1, 1, 0], [1, 1, 0], [2, 0, 2], [2, 0, -1], [-1, -1, 0], [1, 1, 0], [-1, -1, 0], [2, 0, 2], [0, 2, 1], [1, 1, 0], [-1, -1, 0], [-2, 0, 1], [1, 1, 0], [1, 1, 0], [-1, -1, 0], [1, 1, 0], [1, 1, 0], [-1, -1, 0], [-1, -1, 0], [-1, -1, 0], [0, 2, -2], [1, 1, 0], [0, 2, -2], [2, 0, 2], [2, 0, 2], [2, 0, -1], [-1, -1, 0], [1, 1, 0], [2, 0, 2], [1, 1, 0], [-1, -1, 0], [2, 0, 2], [-1, -1, 0], [0, 2, 1], [1, 1, 0], [2, 0, -1], [-1, -1, 0], [2, 0, 2], [1, 1, 0], [-1, -1, 0], [0, 2, -2], [2, 0, 2], [0, 2, 1], [0, 2, 1], [-1, -1, 0], [1, 1, 0], [2, 0, 2], [-1, -1, 0], [1, 1, 0], [-1, -1, 0], [2, 0, 2], [1, 1, 0], [0, 2, -2], [-1, -1, 0], [-1, -1, 0], [2, 0, -1], [1, 1, 0], [2, 0, 2], [1, 1, 0], [-1, -1, 0], [1, 1, 0], [-1, -1, 0], [2, 0, 2], [2, 0, 2], [1, 1, 0], [-1, -1, 0], [2, 0, 2], [1, 1, 0], [2, 0, -1], [2, 0, 2], [1, 1, 0], [-1, -1, 0], [-1, -1, 0], [2, 0, 2], [-2, 0, 1], [2, 0, 2], [-1, -1, 0], [1, 1, 0], [0, 2, -2], [0, 2, -2], [1, 1, 0], [2, 0, 2], [0, -2, 2], [1, 1, 0], [-1, -1, 0], [2, 0, -1], [0, 2, 1], [1, 1, 0], [2, 0, -1], [-1, -1, 0], [2, 0, 2], [0, -2, 2], [1, 1, 0], [1, 1, 0], [1, 1, 0], [-1, -1, 0], [1, 1, 0], [1, 1, 0], [1, 1, 0], [0, 2, -2], [0, 2, -2], [-1, -1, 0], [1, 1, 0], [1, 1, 0], [2, 0, 2], [2, 0, -1], [2, 0, 2], [1, 1, 0], [2, 0, -1], [1, 1, 0], [-1, -1, 0], [0, 2, -2], [0, 2, -2], [0, -2, 2], [2, 0, 2], [1, 1, 0], [2, 0, 2], [2, 0, 2], [-1, -1, 0], [0, 2, -2], [0, 2, 1], [1, 1, 0], [-1, -1, 0], [0, -2, 2], [0, 2, -2], [1, 1, 0], [2, 0, -1], [2, 0, 2], [1, 1, 0], [2, 0, -1], [0, 2, -2], [1, 1, 0], [-1, -1, 0], [2, 0, -1], [-1, -1, 0], [2, 0, 2], [1, 1, 0], [1, 1, 0], [-1, -1, 0], [2, 0, 2], [-1, -1, 0], [2, 0, -1], [1, 1, 0], [1, 1, 0], [1, 1, 0], [1, 1, 0], [0, 2, 1], [-1, -1, 0], [0, -2, 2], [0, 2, -2], [1, 1, 0], [1, 1, 3], [1, 1, 0], [1, 1, 0], [-1, -1, 0], [2, 0, 2], [-1, -1, 0], [1, 1, 0], [1, 1, 0], [0, 2, 1], [-1, -1, 0], [-1, -1, 0], [-1, -1, 0], [0, -2, 2], [0, -2, 2], [1, 1, 0], [1, 1, 0], [-1, -1, 0], [1, 1, 0], [-1, -1, 0], [2, 0, -1], [0, 2, -2], [0, 2, -2], [0, 2, 1], [2, 0, 2], [0, 2, -2], [1, 1, 0], [-1, -1, 0], [-1, -1, 0], [-1, -1, 0], [2, 0, 2], [1, 1, 0], [-1, -1, 0], [2, 0, 2], [-1, -1, 0], [0, 2, 1], [1, 1, 0], [-1, -1, 0], [-1, -1, 0], [-1, -1, 0], [1, 1, 0], [-1, -1, 0], [0, 2, -2], [2, 0, 2], [1, 1, 0], [0, -2, 2], [-1, -1, 0], [-1, -1, 0], [1, 1, 0], [0, 2, -2], [-1, -1, 0], [1, 1, 0], [0, -2, 2], [2, 0, 2], [2, 0, -1], [0, 2, -2], [0, 2, -2], [-1, -1, 0], [1, 1, 0], [1, 1, 0], [1, 1, 0], [0, -2, 2], [2, 0, 2], [1, 1, 0], [0, 2, 1], [1, 1, 0], [1, 1, 0], [-1, -1, 0], [2, 0, -1], [1, 1, 0], [1, 1, 0], [2, 0, -1], [1, 1, 0], [1, 1, 0], [0, -2, 2], [0, 2, -2], [1, 1, 0], [0, 2, 1], [-1, -1, 0], [2, 0, -1], [2, 0, -1], [2, 0, -1], [-1, -1, 0], [0, 2, -2], [0, 2, -2], [1, 1, 0], [1, 1, 0], [-1, -1, 0], [-1, -1, 0], [0, 2, -2], [-1, -1, 0], [2, 0, -4], [1, 1, 0], [2, 0, -1], [1, 1, 0], [-1, -1, 0], [-1, -1, 0], [0, 2, -2], [-1, -1, 0], [2, 0, -1], [1, 1, -3], [1, 1, 0], [0, 2, 1], [1, 1, 0], [2, 0, -1], [1, 1, 0], [-1, -1, 0], [1, 1, 0], [1, 1, 0], [-1, -1, 0], [1, 1, 0], [0, 2, -2], [-1, -1, 0], [1, 1, 0], [1, 1, 0], [1, 1, 0], [-1, -1, 0], [2, 0, 2], [0, -2, 2], [2, 0, 2], [1, 1, 0], [-1, -1, 0], [-1, -1, 0], [-1, 3, 2], [2, 0, -1], [0, 2, -2], [1, 1, 0], [1, 1, 0], [2, 0, -1], [-1, -1, 0], [1, 1, 0], [0, 2, -2], [1, 1, 0], [-1, -1, 0], [2, 0, 2], [2, 0, 2], [0, 2, -2], [-1, -1, 0], [2, 0, 2], [-2, 0, 1], [2, 0, 2], [1, 1, 0], [0, 2, -2], [1, 1, 0], [0, 2, -2], [2, 0, 2], [-1, -1, 0], [1, 1, 0], [0, 2, 1], [-1, -1, 0], [2, 0, -1], [0, 2, -2], [-1, -1, 0], [0, -2, 2], [-1, -1, 0], [0, -2, 2], [0, 2, -2], [0, 2, -2], [-1, -1, 0], [0, 2, -2], [2, 0, 2], [1, 1, 0], [2, 0, 2], [0, 2, -2], [2, 0, 2], [-1, -1, 0], [0, 2, -2], [2, 0, -1], [-1, -1, 0], [-2, 0, 1], [1, 1, 0], [2, 0, 2], [-1, -1, 0], [0, 2, 1], [-1, -1, 0], [-1, -1, 0], [-1, -1, 0], [1, 1, 0], [1, 1, 0], [2, 0, 2], [2, 0, 2], [0, 2, -2], [1, 1, 0], [1, 1, 0], [0, -2, 2], [2, 0, 2], [1, 1, 0], [1, 1, 0], [-1, -1, 0], [1, 1, 0], [2, 0, -1], [1, 1, 0], [0, 2, -2], [-1, -1, 0], [-2, 0, 1], [1, 1, 0], [1, 1, 0], [1, 1, 0], [-1, -1, 0], [0, 2, 1], [-1, -1, 0], [1, 1, 0], [0, 2, 1], [1, 1, 0], [2, 0, 2], [-1, -1, 0], [-1, -1, 0], [1, 1, -3], [0, 2, -2], [-1, -1, 0], [-1, -1, 0], [0, -2, 2], [-1, -1, 0], [1, 1, 0], [2, 0, -1], [1, 1, 0], [1, 1, 0], [1, 1, 0], [0, 2, -2], [-1, -1, 0], [0, 2, -2], [-1, -1, 0], [0, 2, -2], [0, 2, 1], [0, 2, 1], [0, 2, -2], [1, 1, 0], [2, 0, -1], [0, 2, 1], [0, -2, 2], [2, 0, -1], [1, 1, 0], [2, 0, 2], [-1, -1, 0], [0, 2, -2], [-1, -1, 0], [2, 0, -1], [-1, -1, 0], [2, 0, 2], [1, 1, 0], [0, 2, -2], [0, 2, -2], [2, 0, -1], [-1, -1, 0], [2, 0, 2], [2, 0, 2], [-1, -1, 0], [2, 0, 2], [1, 1, 0], [2, 0, 2], [0, 2, 1], [0, 2, -2], [2, 0, -1], [2, 0, -1], [-1, -1, 0], [2, 0, -1], [0, 2, -2], [2, 0, 2], [2, 0, 2], [-1, -1, 0], [1, 1, 0], [0, 2, -2], [-1, -1, 0], [0, 2, -2], [-1, -1, 0], [1, 1, 0], [-1, -1, 0], [-1, -1, 0], [1, 1, 0], [1, 1, 0], [2, 0, 2], [0, 2, -2], [1, 1, 0], [0, -2, 2], [-1, -1, 0], [1, 1, 0], [0, 2, -2], [1, 1, 0], [1, 1, 0], [1, 1, 0], [2, 0, -1]]

exec_time (ms): 412532.5126647949 ms
exec_time: 6m 52s 532.5126647949219ms