N: 39
n: 6
number_of_primes (d): 3
exp_register_width (qd): 5
primes: [2, 5, 7]

R: 11287
T: 3
t: 16
delta: 0.00010850933564202967
delta_inv: 9216Percent of combinations (with positive values of result vector) that gives % N = 1: 63.8%
Percent of combinations (with positive values of result vector) that give p and q: 34.6%
Vectors that gives p and q: [[-184, -543, 1277], [689, 3006, 23], [3623, -1617, -1900], [-1872, -120, -2046], [-1865, -453, -1784], [-1928, -222, -1940], [-949, -334, 917], [2119, 1343, -3452], [-1928, -541, 1039], [940, -964, -1922], [-1542, -498, -2430], [-569, 1156, -665], [-1993, -171, -1918], [1140, -365, -1509], [733, -752, -1955], [-1754, -1184, 844], [-1255, -374, 371], [1215, -1660, -2829], [-3303, 1148, 1593], [-939, -1453, 1122], [-1279, -460, 2525], [-964, 1644, -778], [-1051, 1751, 1214], [1838, -1606, -3886], [3236, -1041, -1009], [-143, -3606, -197], [1257, -25, -210], [-441, -1140, 459], [192, 3590, 48], [2688, -725, -1497], [-1419, -473, 2826], [3362, -810, -1270], [1560, -510, -876], [-2001, -88, -2001], [2678, -373, -1555], [85, -3562, -245], [-505, 491, 1400], [197, 3621, 152], [-544, 1107, -649], [993, -643, -2412], [1954, 1352, -3416], [-2158, -497, -1735], [-2049, -412, -1593], [1695, -276, -1845], [-1194, -879, 1059], [745, 2744, -491], [-1342, -1380, -1288], [-806, 1249, 1975], [-1156, 668, 422], [-1289, 292, -2465], [-2782, 436, 1532], [-2, -1, 1], [476, -646, -496], [740, -1416, -490], [-34, 359, -787], [-14, -1765, -95], [-1907, -17, -1970], [-925, 1340, 2015], [-2155, 267, 2642], [-552, 101, 57], [-976, 1113, -235], [-660, 1163, -585], [18, 3053, 663], [-2008, -216, -1906], [885, -898, -1977], [-1316, 502, 52], [-1178, 370, 766], [881, 1650, 1355], [-2896, -453, 3071], [17, -3546, -217], [-2026, -174, -1966], [-808, 1546, 1784], [-830, -520, 388], [-1794, -1403, 3483], [-1619, -1116, 3421], [1005, -437, -1362], [-1851, -223, -2016], [-1900, -363, -1891], [1483, -802, -887], [3252, -938, -1176], [-304, -3296, -322], [-1892, -180, -2066], [-1908, -1055, 933], [-2551, 511, -2266], [-1984, -138, -1948], [-1649, -1384, 3571], [1, -1, -2], [-1993, -999, 974], [-1777, -480, 923], [1870, 1429, -3581], [-1008, -441, 1491], [-2085, -292, -1665], [-1923, -333, 1014], [-1890, -1015, -1761], [1203, -1137, 252], [-753, -793, 540], [1059, -1423, -2274], [-1952, -109, -1997], [587, -725, -784], [-1813, -1086, 1625], [3466, -1436, -1928], [44, 3502, 272], [-1972, -144, -1930], [1413, -193, 2694], [-3742, 1738, 1598], [-1080, -784, 3306], [-1897, -271, -2002], [-3306, 1230, 1710], [32, -3310, -532], [-2000, -298, -1820], [-204, -989, 2487], [-2173, 331, 1916], [880, -893, -2009], [-1690, -262, -2062], [913, -671, -1664], [341, 3387, 182], [-976, 1089, 593], [-671, 697, 724], [1, -1, -2], [419, -524, -937], [-670, 1118, -550], [-874, 974, 1886], [416, -688, -418], [4027, 0, 691], [1206, -556, 2544], [-1193, -1359, -1418], [941, 435, -634], [369, -3112, -519], [945, -997, -1878], [-668, -744, 742], [254, 531, -2755], [520, -272, -998], [-1382, -388, -2288], [1070, -328, -2824], [575, 1119, -976], [430, 3342, -158], [-3416, 1267, 1663], [638, -747, -673], [1833, 1559, -858], [1, -1, -2], [1, -1, -2], [1876, -741, -989], [-415, -3335, -136], [911, -976, -1921], [-1855, -289, -1822], [1, -1, -2], [-2053, -1274, 3341], [210, 3274, 426], [-2010, -248, -1872], [-1684, -618, 836], [-1968, -176, -1950], [-1717, 721, 1058], [-1412, -1351, 1237], [-1317, -1406, -1359], [-215, 430, -2753], [-2000, -298, -1820], [877, -888, -1979], [838, -1633, 1021], [-605, -1244, 343], [-35, 3542, 283], [-820, -2866, 236], [1, -1, -2], [-2, -1, 1], [1360, -770, 3232], [840, 2726, -84], [477, -56, -891], [-527, -296, 1033], [-770, 215, 1897], [-2957, -995, 1174], [696, 2555, -441], [755, -506, -2191], [1, -1, -2], [-1947, -256, -1899], [-1972, -151, -1963], [-1372, -1360, -1318], [-2410, -1226, -1018], [-269, -3579, -26], [961, -1285, -1862], [-2551, -1392, -1291], [-1585, -1346, 3197], [-2812, 649, -1027], [-1377, -1353, -1296], [1639, 941, 1522], [-820, -1564, 1358], [-2, -1, 1], [-2791, -38, 2843], [-2066, -180, -1892], [255, 3519, 84], [-98, -3731, -41], [72, -409, 3027], [-1978, -308, -2032], [1655, -1752, -3529], [-2798, 1527, -59], [-1401, -1347, 1290], [1062, -216, -672], [-1731, -535, -2136], [-3087, -1382, 1203], [-2001, -1331, 3114], [-28, 332, -982], [-2619, 1737, -528], [3943, 1851, -1856], [-1940, -335, -1811], [1076, -1500, 50], [-1364, -1363, -1331], [-1994, -362, -1586], [1591, -1666, -3443], [-71, -3677, -98], [-166, -3654, -58], [-664, 768, 1310], [-792, 959, -357], [673, 889, -1160], [1954, 1494, -938], [-88, 3368, 410], [164, 3599, 155], [-396, -3327, 57], [-2030, 88, -2168], [-547, 1388, 725], [607, -897, -680], [-4291, -756, -499], [1059, -1119, -1206], [-1678, 787, -2395], [2802, 747, -111], [-1997, -1419, 3706], [-1297, -1628, 1139], [-2135, -160, -1787], [-801, -1706, 1437], [1197, 109, -2700], [-1943, -193, -1982], [1240, 912, -902], [-1591, -1290, 911], [-1482, 950, 330], [750, -866, -582], [430, 659, -503], [1014, -285, -1047], [2723, -1585, -472], [90, 3617, 147], [1024, -861, -1337], [-2034, -379, -1689], [945, -1015, -1884], [-1048, -416, 482], [1817, 1134, -853], [1351, 1798, -1271], [-257, -1246, -1895], [558, 189, -1269], [-943, -1462, 1331], [792, -1143, -603], [-797, -937, 1468], [2733, -593, -1578], [331, 3493, -14], [-1970, -120, -2000], [-1793, -747, -1610], [-1900, -23, -2059], [846, -559, -1893], [-1476, -1435, -1191], [-1315, -1339, -1372], [-1818, -1091, 3291], [482, 2803, -415], [-2003, -64, -1967], [-1804, -195, -2059], [649, -1116, -539], [-1952, -983, 949], [-567, -1102, 951], [284, -2891, -439], [-2802, 1218, -162], [905, -1022, -2017], [-2046, -140, -1872], [646, -903, -725], [1, -1, -2], [1416, 43, 2259], [79, 3288, 79], [-1318, -1360, -1372], [3476, -1316, -1594], [-1418, -973, 1345], [37, -819, 2944], [43, 2940, 739], [-2, 3632, 184], [-1968, -130, -2004], [1702, 1293, -3365], [-1030, -85, 497], [968, -567, -1807], [-1935, -127, -2028], [-57, -704, 2991], [-1177, 1721, 1382], [-641, -370, 337], [-1583, -1088, 1861], [449, 615, -142], [-291, -3485, -90], [-81, -3561, -96], [-1868, -288, -1922], [1621, 1530, -3389], [-265, -3512, -121], [1207, 2333, -1598], [189, 795, 3018], [668, -715, -715], [-248, 1540, 262], [274, 3318, 382], [3341, -1274, -2053], [1967, 1670, -3763], [-1711, -610, 491], [-186, 3275, 609], [-1897, -332, -1885], [-417, -142, 117], [-1917, -440, -1749], [14, 3613, 191], [948, -357, -1905], [-1937, -438, -1703], [70, 3052, 712], [-251, -3502, -5], [-1918, -286, -1870], [1583, -1674, -3559], [-1923, -131, -1992], [-1193, -1768, -1037], [-1832, -309, -1925], [-1890, 408, 336], [1753, 1616, -3503], [1115, 392, -2953], [-3409, 1299, 1580], [-1698, -1150, 3318], [588, 625, -1275], [-1734, -441, -2055], [868, -882, -1928], [1, -1, -2], [902, -881, -1975], [-151, -3552, -235], [354, -2872, -468], [638, 951, -823], [-2006, -131, -1961], [-1952, -1554, 3904], [872, -1001, -1993], [-873, 931, 228], [-796, -82, 176], [2176, -671, 2233], [1979, 1254, 1157], [-1381, -1333, -1300], [-2009, -125, -1964], [-749, 547, 1492], [470, -2722, -742], [-726, -636, 744], [1, -1, -2], [-36, -3394, -396], [3280, -1283, -1415], [775, -642, -1643], [1934, -1283, 35], [121, -3363, -404], [-519, 497, 1044], [-2021, -129, -1916]]

exec_time (ms): 399981.098651886 ms
exec_time: 6m 39s 981.0986518859863ms