N: 55
n: 6
number_of_primes (d): 3
exp_register_width (qd): 5
primes: [2, 3, 7]

R: 11287
T: 3
t: 16
delta: 0.00010850933564202967
delta_inv: 9216Percent of combinations (with positive values of result vector) that gives % N = 1: 52.2%
Percent of combinations (with positive values of result vector) that give p and q: 28.0%
Vectors that gives p and q: [[2459, -185, 828], [1105, -1707, -1292], [871, -1513, 4804], [-1762, -1920, -264], [-1402, -1672, -2716], [69, -363, 2600], [1691, -1065, 632], [-2831, 903, 846], [1732, -372, -3378], [740, -1571, -271], [-1736, -1972, -254], [524, 135, -3217], [-3788, 1953, 1797], [1979, -3730, -2107], [1115, 1321, 1106], [953, -697, -746], [-1945, -1769, -224], [-1868, -1933, -189], [1866, -721, 1501], [1269, -1427, 4236], [365, 665, -1560], [1036, -2009, -1097], [3772, -2156, -1662], [431, -1680, 187], [-1011, 2014, 1007], [-214, -1104, 3128], [1015, -1988, -973], [-3127, 2330, 1211], [-2252, -1606, -280], [-1744, -1825, -353], [1078, -150, -1014], [449, 996, -2211], [-1180, 1460, -2210], [-1881, -1980, -177], [459, -92, -1029], [-531, 1215, -2442], [-1748, -1786, -332], [1350, -51, -2161], [-1722, -2063, -157], [2261, -625, -3018], [-1537, -1900, -509], [2274, -384, 964], [45, 1555, 1970], [1260, -1652, -442], [-105, 1417, -1438], [-362, -2361, 905], [-1597, -1911, -410], [-831, 1251, 1914], [-1206, 2776, -1556], [-486, -2, -2274], [-1931, -1958, -185], [-715, -608, 897], [-398, 1063, -1803], [-2148, -1605, -201], [-47, 1085, -2804], [815, 16, 2071], [627, -511, 2398], [83, -642, 2809], [880, -1666, 304], [-2186, 1621, -1641], [-34, 458, -1270], [-2097, -1430, -379], [1705, -1080, 3825], [-670, 2016, 1196], [-1682, -1566, -610], [-1764, 1529, -1739], [-1516, 2743, -649], [570, -258, -4718], [-256, 1095, -1177], [-1, -481, -3928], [-398, 46, 1130], [1184, 472, -3110], [171, 254, -939], [-1897, -1918, -227], [2105, -3533, -2378], [759, -1610, -1307], [424, -219, -1011], [-1964, -1898, -116], [1126, 263, -995], [-1418, -1629, -735], [-1932, -1846, -240], [-1188, -1379, -1035], [-1567, -1812, -531], [859, 1227, -2740], [-145, 838, -2667], [-989, -250, 3517], [-959, 13, 2680], [-1965, 1324, -201], [1457, 1012, 1241], [-3736, 2159, 1647], [-1148, 1096, -510], [-271, 506, -2521], [2121, -2247, -360], [-2311, 1173, -1184], [-1806, -1360, -3452], [-853, 1882, 1641], [816, 124, -1394], [955, -1062, -1667], [-3372, 2056, 1202], [-3369, 2435, 1252], [-2120, -1786, -136], [-1926, -330, 1658], [-2027, -1827, -116], [1217, -1213, -1634], [7, 545, 2674], [-1861, -1896, -253], [-2019, -1885, -178], [-891, 468, -4379], [3134, -1971, -1493], [430, 1083, 3733], [1063, 558, -1031], [-343, 975, 2054], [-1975, -1899, -184], [-979, -1775, -3008], [-1938, -1845, -251], [1018, -1798, -1622], [94, 881, -2641], [554, -2142, 246], [-327, -1790, -849], [407, -922, 2517], [1011, -1964, -1057], [234, -551, 3127], [979, -1754, 2429], [-1141, 356, 2259], [-1841, 142, 885], [822, 337, -1389], [-1163, -1742, -853], [-1382, 1322, 1498], [-17, -347, 2734], [-1750, -1868, -328], [421, -717, 2710], [1097, -2236, -407], [1170, -1822, -1282], [-589, 775, -4648], [1715, -80, 1075], [-355, 886, -789], [-2780, 1664, -3406], [-751, 1435, 2378], [1049, -2373, 210], [-708, 840, -2586], [-1682, 1711, -1243], [1301, -1534, 2603], [-574, 607, -1211], [-2034, -1765, -123], [-1881, -1966, -163], [2440, -2457, -77], [-785, 1311, 1816], [-3283, 2382, 831], [-3655, 1721, 1716], [144, -1205, 4443], [963, 229, -730], [-1890, -1908, -228], [391, -1429, 448], [-2292, 2557, -3147], [3211, -2185, -808], [484, 577, -2735], [1443, -1538, -2187], [-531, 1401, -2156], [3055, -2063, -1658], [-1774, -1866, -354], [-213, -919, 2990], [-2173, 1306, 25], [-1800, 1977, -1923], [-1355, 2528, -1987], [882, -1297, -2283], [-2215, 1860, 645], [1049, -2061, -858], [-977, 1526, -1623], [46, -222, 4290], [-2281, 1671, -2016], [-1921, -1780, -397], [-2712, 411, -1033], [-1820, 876, -134], [-1534, 3145, 1867], [-571, 1464, 97], [613, -710, -229], [-1236, 804, -1038], [-1973, 1441, -3990], [-260, 695, -485], [2235, -590, -575], [-1929, -1776, -189], [-1291, -422, 1071], [946, -1650, -178], [530, -2236, -736], [1821, -3980, -1963], [-2042, -1722, -186], [-779, -1433, -1486], [-894, 1435, -1403], [1700, -1143, -2203], [1674, -1076, 1352], [1306, -427, 1815], [1122, -2155, 2699], [2071, -2408, -1], [-2530, -1223, 407], [-1889, -1516, -449], [1040, 1019, -2001], [-1016, 1400, -4422], [-2743, 977, -764], [-3551, 1963, 1666], [-211, -267, 796], [-1675, -1652, -527], [-1890, -1870, -210], [-1921, -1802, -199], [-1943, -1698, -309], [-972, 1584, -4850], [-1711, 1032, 2085], [-302, -1147, 3219], [2630, -1332, 928], [-2388, 596, 210], [2060, -2560, 2410], [-595, -1207, 1068], [-2745, 163, -632], [-1887, -1945, -334], [1022, -2145, -931], [-392, 246, -2428], [-1065, 2595, -240], [-414, 1213, -2425], [1381, 646, 1263], [-1439, -1115, 1552], [-3432, 1650, 1336], [-1918, 4157, 1771], [-3407, 1596, 1517], [1935, -1807, 1898], [-669, 1115, 2712], [-1933, -1676, -297], [-1664, 2081, 533], [-1612, -1907, -371], [-1990, -1965, -75], [-63, 904, -2807], [-1767, 1207, -982], [-3011, 2664, -983], [-825, -716, 1799], [1002, -2076, -892], [78, 296, -2428], [-1843, -1897, -258], [-1379, -1841, -794], [-1389, -1921, -444], [1646, -1236, -2204], [-3398, 1929, 1343], [-660, -41, -1901], [-1029, -305, 932], [-797, 3574, 1805], [-132, 923, -2021], [510, -962, 2678], [-1950, -1912, -172], [-1238, -420, -1436], [3636, -1951, -1759], [-1127, 2754, 2035], [407, -897, 32], [3902, -2159, -1905], [-2648, -525, -2281], [-1433, -1658, -839], [-1860, -1889, -329], [1312, -2079, 1525], [3213, -1663, 1388], [-608, 2406, 400], [-143, 829, -2632], [1255, -106, -3231], [-1552, -1891, -655], [3580, -1953, -1713], [-1714, -1424, -512], [744, -1674, 244], [-607, 1782, -1757], [-1876, -1940, -322], [2364, 116, 1214], [-1793, -1891, -382], [2067, -700, -3281], [-1744, -1849, -417], [-22, -1404, 1892], [-1189, -1797, -820], [1305, -128, -1383], [-867, 1540, 1521], [55, -1875, 1610], [-849, 1820, 1407], [-527, -890, -2269], [548, -2071, 605], [-1110, 2155, 1645], [-1830, 3936, 2036], [22, 548, 2512], [-2013, -1749, -260]]

exec_time (ms): 517295.5222129822 ms
exec_time: 8m 37s 295.52221298217773ms