N: 57
n: 6
number_of_primes (d): 3
exp_register_width (qd): 5
primes: [2, 5, 7]

R: 11287
T: 3
t: 16
delta: 0.00010850933564202967
delta_inv: 9216Percent of combinations (with positive values of result vector) that gives % N = 1: 56.7%
Percent of combinations (with positive values of result vector) that give p and q: 35.3%
Vectors that gives p and q: [[67, -2287, -3937], [1, -1, 1], [-59, -1861, -4242], [-822, 969, -3611], [476, -47, -5153], [-393, -1941, -3412], [1, -1, 1], [-1345, 1891, -2195], [-1014, 939, -916], [-190, -2063, -3929], [1, -1, 1], [-2573, 41, -819], [3540, 501, -987], [2346, 525, 1230], [-914, -2167, -3099], [1, -1, 1], [-3062, -913, 962], [-1066, 583, 1737], [1, -1, 1], [304, 119, -2804], [-999, 681, -31], [1952, 1405, -2914], [-321, -1953, -3596], [-1074, -3129, 2538], [1, -1, 1], [-903, -1803, -866], [-813, 555, 49], [1491, -3945, -2000], [-182, 2801, -779], [-157, -1889, -4010], [-1392, -1167, 872], [-290, 3581, -2841], [644, -485, -404], [1, -1, 1], [1, -1, 1], [-2003, 1793, -1773], [2024, -911, 769], [1, -1, 1], [1, -1, 1], [654, 1809, 941], [-2481, -357, 698], [1, -1, 1], [-236, -2017, -3771], [-3302, -2359, -779], [-3472, -1421, 948], [1338, -375, -1896], [1, -1, 1], [178, 161, -2499], [-1534, 1453, 659], [-3191, -1705, 1204], [-1736, 1289, -1891], [-2129, 1691, -1696], [1, -1, 1], [1, -1, 1], [1, -1, 1], [-1816, 1861, -2116], [1515, -897, -2425], [1, -1, 1], [-325, 97, 2698], [1, -1, 1], [1, -1, 1], [1, -1, 1], [199, 1241, -1922], [-1460, -1027, -1458], [1, -1, 1], [929, -2135, -982], [-1347, -1257, -760], [1, -1, 1], [1, -1, 1], [1, -1, 1], [-2176, 1447, -1537], [1, -1, 1], [-3276, -1617, 1447], [3133, 95, -1230], [-1320, -1527, -1078], [1028, -557, 159], [-172, -1943, -4000], [-2484, 903, -1142], [1, -1, 1], [1, -1, 1], [-1426, -1265, -1324], [-1958, 1889, -1954], [-173, -1891, -4014], [-855, 627, -787], [1695, 459, -584], [3440, 1447, -1348], [-2284, -779, 1039], [-2642, -301, 187], [232, 545, -2413], [-3509, -1399, 1023], [1, -1, 1], [114, 1143, 1967], [-2731, -407, -243], [-3218, -1915, 1497], [-2359, -3041, -994], [-664, 751, -977], [-1824, 1761, -1947], [1, -1, 1], [1, -1, 1], [-227, 5225, -391], [-847, -1217, 1120], [716, -239, -2962], [-1036, 1231, -1796], [-1963, -851, 930], [1, -1, 1], [-2267, 1361, -1486], [-65, -2119, -3898], [-1945, 1873, -1909], [1, -1, 1], [-591, -1569, 1170], [638, 2389, 3348], [1518, -4017, -1826], [-2218, 1531, -1358], [-1693, 1615, -1971], [-1804, -689, 1982], [-1491, -1005, -1621], [1, -1, 1], [-1945, 1843, -1823], [1, -1, 1], [-743, -2359, -1402], [1, -1, 1], [-1302, -801, 1045], [1045, 347, -780], [-1972, 1795, -1821], [-468, -2187, -906], [-828, -1863, 1773], [458, 2605, -786], [-3291, -1695, 1506], [-1296, -1323, -1377], [2650, 1211, -560], [1, -1, 1], [-1831, -1097, 961], [-544, -1835, -1511], [-3100, -611, 835], [-1958, 1691, -1816], [-652, -785, -2025], [1430, -1577, -2492], [1, -1, 1], [2958, -339, 708], [-894, -2721, -359], [1154, 1081, -2649], [1, -1, 1], [1, -1, 1], [-494, 2129, -327], [1, -1, 1], [-258, -1053, 1678], [1, -1, 1], [1, -1, 1], [1, -1, 1], [-1639, -659, 1759], [-273, 1083, 2100], [1, -1, 1], [-3411, -1533, 1046], [-1875, -1065, -566], [-3044, 599, -853], [-1989, 1839, -1766], [-1070, 659, 2030], [-680, -1435, -3779], [-3780, -1941, 1798], [-671, -2395, 1706], [1, -1, 1], [427, 4031, -319], [1291, -1141, 963], [-1760, 1871, -2116], [1, -1, 1], [-2498, 551, -924], [1, -1, 1], [-1169, -619, 1109], [-1144, 2329, 1414], [847, -325, -911], [-1739, -1219, 2549], [-546, -1905, -3187], [-1671, 1875, -1798], [-1898, -517, -1503], [-1990, 1711, -1819], [1, -1, 1], [-234, 1233, -2721], [-2901, -45, -136], [-335, 233, 2658], [-1, 1, -1], [1, -1, 1], [-2528, 551, -589], [1, -1, 1], [-2689, -755, 57], [497, 763, -1075], [1031, -5255, -893], [1268, -983, -2456], [-1087, -125, 465], [1, -1, 1], [-645, -1929, 906], [1, -1, 1], [1029, 897, 1728], [965, 1117, -2556], [-1242, 1185, -2110], [-2291, -223, -1032], [-1208, -4081, -679], [1, -1, 1], [888, -2427, -351], [-1429, -617, 1225], [-1787, 1829, -1977], [-2093, 1703, -1608], [702, 1905, 95], [2426, -113, 1184], [-275, 629, -763], [1617, -2823, -2178], [1, -1, 1], [-850, -1067, 1559], [1, -1, 1], [-1, 1, -1], [-1665, 1539, -1929], [-1006, -1595, 1379], [-1750, -833, -1447], [-1399, -785, -1236], [1, -1, 1], [1, -1, 1], [1, -1, 1], [-1, 1, -1], [1, -1, 1], [-2790, -2109, 1298], [-3837, 561, 1200], [-1097, 977, -765], [-1911, 1173, 129], [-2792, -1387, 1071], [-2022, 1473, -1482], [3916, 2015, -1970], [3089, -2393, -276], [1, -1, 1], [1, -1, 1], [1, -1, 1], [1, -1, 1], [-2807, -31, -144], [734, -377, -2732], [-1575, 3885, 1967], [-1839, -537, -1437], [1, -1, 1], [-1899, 1917, -2037], [1, -1, 1], [1, -1, 1], [66, -2589, 806], [1, -1, 1], [1231, -907, -509], [-1840, -1055, -1107], [3164, 679, -382], [-1296, -1299, 2630], [-1, 1, -1], [-530, -949, 699], [1, -1, 1], [-1759, 1705, -1810], [-2864, -91, -183], [-2168, -955, 1075], [1, -1, 1], [1, -1, 1], [-1457, 1727, -2012], [3104, 1633, -1068], [-3721, -2171, 1806], [1, -1, 1], [1, -1, 1], [988, -913, 938], [1, -1, 1], [1, -1, 1], [1, -1, 1], [309, 2325, 863], [1, -1, 1], [144, -2865, 467], [1, -1, 1], [3796, 659, -1319], [-2005, -875, -175], [-1948, -527, 1979], [-1, 1, -1], [1, -1, 1], [1, -1, 1], [1, -1, 1], [2853, 957, -908], [946, -919, 907], [-3335, -1807, 1584], [359, 199, -2533], [-2115, -1137, -124], [1961, -1487, -2792], [-1094, -1123, 1380], [1, -1, 1], [115, -991, -4719], [530, -2831, 330], [1, -1, 1], [-2500, -353, 581], [-1598, -871, -1338], [1590, -777, -1286], [1, -1, 1], [-927, 753, -25], [-1957, -707, -1327], [1, -1, 1], [-2879, 203, -675], [-1, 1, -1], [-3668, -2113, 1782], [-3046, -701, 343], [1922, 1153, -3131], [-480, -2859, -3162], [595, 1181, -3046], [-1892, 1049, 2726], [-804, -2421, -3283], [-1667, 1787, -1696], [1174, -1303, -858], [1, -1, 1], [-1174, 1819, -2018], [936, 477, -1491], [-2868, 1017, 1858], [1830, -2019, 1689], [-1856, 1835, -2031], [-332, -2011, -3789], [1094, 4117, 2192], [1608, 969, 3235], [-1609, 1753, 2033], [839, -83, -2869], [-2894, -469, 671], [1, -1, 1], [-1994, 1889, -1828], [-80, -1849, -4335], [-1, 1, -1], [-1963, 1753, -1811], [-1431, 1563, -2104], [90, 537, 4361], [-1951, 1879, -1996], [1, -1, 1], [2583, -1995, -1157], [945, 1887, 725], [-156, -2265, -3801], [1, -1, 1], [-1055, 1469, -2024], [598, -2689, 624], [-313, -2069, -3888], [1, -1, 1], [885, -3897, -1859], [1, -1, 1], [2283, -405, -25], [1, -1, 1], [1721, -1013, 676], [-3214, -1757, 1015], [-1633, 1567, -1835], [-2570, 557, -721], [1, -1, 1], [-957, -963, 416], [1715, -563, -526], [-2459, -493, -203], [-667, 919, -1303], [-2224, 1495, -1390], [-928, -1823, 1680], [-1732, 1693, -1961], [2525, -2759, -502], [-793, -2105, 1676], [3430, 1649, -1561], [1, -1, 1], [-1741, -1253, -1338], [50, -2681, 910], [-266, 53, -475]]

exec_time (ms): 518000.8683204651 ms
exec_time: 8m 38s 0.8683204650878906ms