N: 35
n: 6
number_of_primes (d): 2
exp_register_width (qd): 5
primes: [2, 3]

R: 5431
T: 5
t: 14
delta: 0.00018412815319462345
delta_inv: 5431Percent of combinations (with positive values of result vector) that gives % N = 1: 80.2%
Percent of combinations (with positive values of result vector) that give p and q: 66.6%
Vectors that gives p and q: [[1, 1], [3, 3], [3, 3], [6, 0], [1, 1], [0, 6], [1, 1], [-3, 9], [1, 1], [4, -2], [3, 3], [1, 1], [-1, -1], [3, 3], [1, 1], [1, 1], [1, 1], [0, 6], [1, 1], [9, -3], [7, -5], [3, 3], [1, 1], [3, 3], [-8, 10], [-3, 9], [1, 1], [1, 1], [1, 1], [1, 1], [3, 3], [1, 1], [1, 1], [-1, -1], [1, 1], [1, 1], [3, 3], [3, 3], [1, 1], [1, 1], [1, 1], [1, 1], [3, 3], [9, -3], [3, 3], [0, 6], [0, 6], [1, 1], [1, 1], [1, 1], [2, 8], [1, 1], [1, 1], [1, 1], [1, 1], [2, 8], [1, 1], [1, 1], [-5, 7], [1, 1], [1, 1], [1, 1], [1, 1], [1, 1], [1, 1], [1, 1], [1, 1], [1, 1], [9, -3], [2, 8], [10, -8], [1, 1], [1, 1], [1, 1], [0, 6], [1, 1], [3, 3], [1, 1], [1, 1], [-1, -1], [1, 1], [1, 1], [1, 1], [1, 1], [1, 1], [-5, 7], [0, 6], [4, -2], [-1, -1], [3, 3], [2, 8], [1, 1], [1, 1], [1, 1], [1, 1], [3, 3], [2, 8], [1, 1], [1, 1], [1, 1], [1, 1], [1, 1], [1, 1], [-3, 9], [-3, 9], [3, 3], [1, 1], [1, 1], [1, 1], [1, 1], [1, 1], [1, 1], [1, 1], [1, 1], [3, 3], [1, 1], [3, 3], [3, 3], [1, 1], [1, 1], [-2, 4], [1, 1], [0, 6], [1, 1], [1, 1], [1, 1], [1, 1], [-2, 4], [2, 8], [3, 3], [1, 1], [3, 3], [1, 1], [3, 3], [1, 1], [1, 1], [1, 1], [1, 1], [1, 1], [3, 3], [3, 3], [1, 1], [-8, 10], [1, 1], [3, 3], [1, 1], [1, 1], [1, 1], [1, 1], [3, 3], [1, 1], [-1, -1], [0, 6], [2, 8], [1, 1], [1, 1], [1, 1], [1, 1], [6, 0], [0, 6], [1, 1], [1, 1], [3, 3], [1, 1], [1, 1], [-3, 9], [1, 1], [3, 3], [1, 1], [0, 6], [6, 0], [3, 3], [1, 1], [1, 1], [0, 6], [3, 3], [1, 1], [1, 1], [1, 1], [1, 1], [6, 0], [1, 1], [8, 2], [0, 6], [1, 1], [1, 1], [1, 1], [3, 3], [1, 1], [1, 1], [1, 1], [1, 1], [1, 1], [-3, 9], [3, 3], [1, 1], [1, 1], [6, 0], [3, 3], [1, 1], [7, -5], [1, 1], [-1, -1], [3, 3], [2, 8], [0, 6], [0, 6], [1, 1], [1, 1], [2, 8], [2, 8], [1, 1], [0, 6], [1, 1], [1, 1], [3, 3], [1, 1], [0, 6], [1, 1], [1, 1], [3, 3], [1, 1], [-3, 9], [-5, 7], [1, 1], [1, 1], [10, -8], [1, 1], [1, 1], [1, 1], [1, 1], [0, 6], [1, 1], [-3, 9], [-3, 9], [1, 1], [10, -8], [1, 1], [10, -8], [1, 1], [1, 1], [1, 1], [1, 1], [1, 1], [1, 1], [1, 1], [6, 0], [1, 1], [1, 1], [1, 1], [1, 1], [1, 1], [1, 1], [-3, 9], [1, 1], [1, 1], [1, 1], [1, 1], [3, 3], [1, 1], [3, 3], [-2, 4], [-1, -1], [1, 1], [1, 1], [6, 0], [1, 1], [3, 3], [3, 3], [1, 1], [1, 1], [-3, 9], [1, 1], [1, 1], [1, 1], [1, 1], [1, 1], [1, 1], [1, 1], [4, -2], [3, 3], [3, 3], [0, 6], [1, 1], [1, 1], [1, 1], [0, 6], [0, 6], [3, 3], [-3, 9], [3, 3], [1, 1], [3, 3], [1, 1], [1, 1], [2, 8], [-3, 9], [3, 3], [3, 3], [6, 0], [1, 1], [1, 1], [1, 1], [1, 1], [1, 1], [1, 1], [1, 1], [1, 1], [-2, 4], [1, 1], [1, 1], [1, 1], [1, 1], [1, 1], [1, 1], [1, 1], [1, 1], [6, 0], [1, 1], [-1, -1], [1, 1], [1, 1], [1, 1], [3, 3], [1, 1], [1, 1], [1, 1], [3, 3], [-3, 9], [3, 3], [-1, -1], [1, 1], [1, 1], [-1, -1], [1, 1], [-3, 9], [3, 3], [1, 1], [1, 1], [1, 1], [1, 1], [1, 1], [1, 1], [2, 8], [1, 1], [0, 6], [1, 1], [6, 0], [1, 1], [-2, 4], [1, 1], [1, 1], [-8, 10], [1, 1], [-3, 9], [6, 0], [1, 1], [1, 1], [0, 6], [1, 1], [1, 1], [-1, -1], [0, 6], [1, 1], [1, 1], [1, 1], [1, 1], [-1, -1], [-1, -1], [0, 6], [0, 6], [6, 0], [3, 3], [1, 1], [1, 1], [0, 6], [1, 1], [1, 1], [0, 6], [3, 3], [1, 1], [1, 1], [3, 3], [6, 0], [1, 1], [1, 1], [2, 8], [0, 6], [1, 1], [0, 6], [1, 1], [3, 3], [6, 0], [-3, 9], [1, 1], [-2, 4], [1, 1], [0, 6], [1, 1], [1, 1], [3, 3], [1, 1], [1, 1], [3, 3], [1, 1], [1, 1], [1, 1], [3, 3], [6, 0], [1, 1], [0, 6], [1, 1], [1, 1], [2, 8], [1, 1], [3, 3], [1, 1], [1, 1], [1, 1], [6, 0], [1, 1], [1, 1], [1, 1], [1, 1], [1, 1], [1, 1], [-1, -1], [1, 1], [-1, -1], [1, 1], [1, 1], [1, 1], [1, 1], [3, 3], [1, 1], [3, 3], [1, 1], [2, 8], [-1, -1], [1, 1], [1, 1], [1, 1], [1, 1], [1, 1], [1, 1], [1, 1], [1, 1], [1, 1], [0, 6], [1, 1], [1, 1], [1, 1], [1, 1], [1, 1], [0, 6], [1, 1], [2, 8], [1, 1], [1, 1], [1, 1], [3, 3], [1, 1], [1, 1], [1, 1], [1, 1], [-3, 9], [1, 1], [-1, -1], [3, 3], [0, 6], [1, 1], [2, 8], [6, 0], [1, 1], [-2, 4], [1, 1], [1, 1], [1, 1], [1, 1], [1, 1], [1, 1], [-5, 7], [-1, -1], [1, 1], [4, -2], [1, 1], [2, 8], [6, 0], [3, 3], [3, 3], [1, 1], [6, 0], [3, 3], [-1, -1], [6, 0], [6, 0], [-1, -1], [1, 1], [1, 1], [3, 3], [1, 1], [1, 1], [-5, 7], [-1, -1], [3, 3], [1, 1], [-1, -1], [1, 1], [1, 1], [1, 1], [1, 1], [1, 1], [6, 0], [1, 1], [-3, 9], [1, 1], [1, 1], [1, 1], [1, 1], [1, 1], [0, 6], [-3, 9], [1, 1], [1, 1], [1, 1], [4, -2], [1, 1], [0, 6], [1, 1], [1, 1], [0, 6], [-5, 7], [3, 3], [1, 1], [1, 1], [1, 1], [-1, -1], [3, 3], [1, 1], [6, 0], [1, 1], [1, 1], [1, 1], [1, 1], [3, 3], [0, 6], [-2, 4], [1, 1], [-3, 9], [1, 1], [1, 1], [3, 3], [1, 1], [-1, -1], [-2, 4], [1, 1], [1, 1], [1, 1], [1, 1], [1, 1], [1, 1], [1, 1], [1, 1], [2, 8], [1, 1], [1, 1], [1, 1], [3, 3], [-2, 4], [1, 1], [1, 1], [6, 0], [1, 1], [1, 1], [1, 1], [1, 1], [1, 1], [1, 1], [1, 1], [1, 1], [-2, 4], [3, 3], [0, 6], [-1, -1], [2, 8], [1, 1], [1, 1], [1, 1], [1, 1], [1, 1], [6, 0], [1, 1], [1, 1], [1, 1], [-1, -1], [3, 3], [1, 1], [0, 6], [-1, -1], [0, 6], [1, 1], [1, 1], [1, 1], [1, 1], [1, 1], [1, 1], [1, 1], [3, 3], [1, 1], [1, 1], [1, 1], [-1, -1], [1, 1], [6, 0], [1, 1], [1, 1], [8, 2], [1, 1], [-3, 9], [1, 1], [1, 1], [3, 3], [7, -5], [1, 1], [3, 3], [6, 0], [1, 1], [6, 0], [1, 1], [4, -2], [9, -3], [1, 1], [1, 1], [-2, 4], [0, 6], [0, 6], [1, 1], [1, 1], [1, 1], [1, 1], [1, 1], [1, 1], [3, 3], [1, 1], [1, 1], [1, 1], [1, 1], [1, 1], [1, 1], [-1, -1], [1, 1], [4, -2], [1, 1], [1, 1], [6, 0], [1, 1], [1, 1], [1, 1], [1, 1], [2, 8], [1, 1], [9, -3], [1, 1], [3, 3], [1, 1], [1, 1]]

exec_time (ms): 271201.3511657715 ms
exec_time: 4m 31s 201.35116577148438ms