N: 57
n: 6
number_of_primes (d): 2
exp_register_width (qd): 5
primes: [2, 5]

R: 5431
T: 5
t: 14
delta: 0.00018412815319462345
delta_inv: 5431Percent of combinations (with positive values of result vector) that gives % N = 1: 46.8%
Percent of combinations (with positive values of result vector) that give p and q: 33.7%
Vectors that gives p and q: [[6, 3], [1, 5], [1, 5], [0, 9], [6, 3], [-7, 1], [0, 9], [2, 1], [1, 5], [5, 7], [5, 7], [2, 1], [0, 9], [1, 5], [0, 9], [2, 1], [5, 7], [0, 9], [3, -3], [0, 9], [-7, 1], [0, 9], [7, -1], [1, 5], [2, 1], [1, 5], [9, -9], [-7, 1], [0, 9], [0, 9], [0, 9], [0, 9], [6, 3], [5, 7], [2, 1], [0, 9], [3, -3], [0, 9], [0, 9], [7, -1], [0, 9], [6, 3], [2, 1], [7, -1], [1, 5], [5, 7], [1, 5], [0, 9], [-7, 1], [1, 5], [-7, 1], [0, 9], [0, 9], [1, 5], [0, 9], [-2, -1], [5, 7], [0, 9], [0, 9], [-7, 1], [0, 9], [6, 3], [1, 5], [0, 9], [-7, 1], [0, 9], [5, 7], [1, 5], [9, -9], [2, 1], [2, 1], [0, 9], [-7, 1], [9, -9], [0, 9], [0, 9], [0, 9], [1, 5], [6, 3], [1, 5], [5, 7], [8, -5], [6, 3], [6, 3], [0, 9], [0, 9], [0, 9], [0, 9], [6, 3], [0, 9], [0, 9], [2, 1], [-7, 1], [0, 9], [0, 9], [-7, 1], [-7, 1], [1, 5], [8, -5], [0, 9], [0, 9], [1, 5], [1, 5], [0, 9], [-7, 1], [0, 9], [0, 9], [0, 9], [0, 9], [6, 3], [6, 3], [6, 3], [7, -1], [0, 9], [-7, 1], [5, 7], [1, 5], [2, 1], [0, 9], [1, 5], [0, 9], [-7, 1], [0, 9], [9, -9], [0, 9], [1, 5], [-7, 1], [-7, 1], [1, 5], [0, 9], [5, 7], [0, 9], [6, 3], [6, 3], [2, 1], [-2, -1], [0, 9], [-7, 1], [0, 9], [5, 7], [0, 9], [0, 9], [-7, 1], [-7, 1], [0, 9], [0, 9], [1, 5], [2, 1], [6, 3], [0, 9], [6, 3], [0, 9], [-7, 1], [0, 9], [1, 5], [0, 9], [0, 9], [5, 7], [0, 9], [0, 9], [5, 7], [7, -1], [0, 9], [3, -3], [-7, 1], [0, 9], [0, 9], [6, 3], [0, 9], [1, 5], [1, 5], [0, 9], [9, -9], [0, 9], [0, 9], [7, -1], [5, 7], [6, 3], [-7, 1], [-7, 1], [1, 5], [0, 9], [-6, -3], [6, 3], [2, 1], [7, -1], [1, 5], [9, -9], [0, 9], [0, 9], [1, 5], [5, 7], [0, 9], [0, 9], [6, 3], [2, 1], [6, 3], [1, 5], [0, 9], [6, 3], [2, 1], [2, 1], [0, 9], [3, -3], [0, 9], [7, -1], [0, 9], [7, -1], [0, 9], [6, 3], [1, 5], [2, 1], [5, 7], [6, 3], [5, 7], [1, 5], [0, 9], [6, 3], [1, 5], [1, 5], [0, 9], [0, 9], [0, 9], [0, 9], [5, 7], [9, -9], [0, 9], [1, 5], [-7, 1], [8, -5], [6, 3], [0, 9], [5, 7], [-7, 1], [0, 9], [6, 3], [-2, -1], [0, 9], [-7, 1], [0, 9], [0, 9], [0, 9], [1, 5], [5, 7], [1, 5], [-7, 1], [0, 9], [5, 7], [7, -1], [-6, -3], [2, 1], [2, 1], [5, 7], [2, 1], [0, 9], [1, 5], [3, -3], [6, 3], [0, 9], [-9, 9], [2, 1], [-7, 1], [-7, 1], [0, 9], [-7, 1], [-7, 1], [2, 1], [0, 9], [1, 5], [1, 5], [0, 9], [2, 1], [5, 7], [3, -3], [6, 3], [5, 7], [6, 3], [6, 3], [-7, 1], [6, 3], [-7, 1], [-7, 1], [0, 9], [-7, 1], [-7, 1], [0, 9], [2, 1], [5, 7], [7, -1], [5, 7], [0, 9], [6, 3], [1, 5], [6, 3], [-7, 1], [0, 9], [0, 9], [0, 9], [0, 9], [-7, 1], [0, 9], [0, 9], [-7, 1], [6, 3], [0, 9], [-6, -3], [-7, 1], [1, 5], [0, 9], [0, 9], [1, 5], [3, -3], [0, 9], [-7, 1], [-7, 1], [5, 7], [0, 9], [7, -1], [0, 9], [-7, 1], [-7, 1], [1, 5], [6, 3], [1, 5], [1, 5], [0, 9], [5, 7], [1, 5], [3, -3], [3, -3], [-7, 1], [0, 9], [1, 5], [0, 9], [0, 9], [6, 3], [-7, 1]]

exec_time (ms): 266818.3157444 ms
exec_time: 4m 26s 818.3157444000244ms