N: 21
n: 5
number_of_primes (d): 2
exp_register_width (qd): 5
primes: [2, 5]

R: 4345
T: 4
t: 14
delta: 0.00023014959723820482
delta_inv: 4345Percent of combinations (with positive values of result vector) that gives % N = 1: 99.9%
Percent of combinations (with positive values of result vector) that give p and q: 99.8%
Vectors that gives p and q: [[-1, 1], [-1, 1], [-1, 1], [-1, 1], [-1, 1], [-1, 1], [-1, 1], [-1, 1], [-1, 1], [-1, 1], [-1, 1], [-1, 1], [-1, 1], [-1, 1], [-1, 1], [-1, 1], [-1, 1], [-1, 1], [-1, 1], [-1, 1], [-1, 1], [-1, 1], [-1, 1], [-1, 1], [-1, 1], [-1, 1], [-1, 1], [-1, 1], [-1, 1], [-1, 1], [-1, 1], [-1, 1], [-1, 1], [-1, 1], [-1, 1], [-1, 1], [-1, 1], [-1, 1], [-1, 1], [-1, 1], [-1, 1], [-1, 1], [-1, 1], [-1, 1], [-1, 1], [-1, 1], [-1, 1], [-1, 1], [-1, 1], [-1, 1], [-1, 1], [-1, 1], [-1, 1], [-1, 1], [-1, 1], [-1, 1], [-1, 1], [-1, 1], [-1, 1], [-1, 1], [-1, 1], [-1, 1], [-1, 1], [-1, 1], [-1, 1], [-1, 1], [-1, 1], [-1, 1], [-1, 1], [-1, 1], [-1, 1], [-1, 1], [-1, 1], [-1, 1], [-1, 1], [-1, 1], [-1, 1], [-1, 1], [-1, 1], [-1, 1], [-1, 1], [-1, 1], [-1, 1], [-1, 1], [-1, 1], [-1, 1], [-1, 1], [-1, 1], [-1, 1], [-1, 1], [-1, 1], [-1, 1], [-1, 1], [-1, 1], [-1, 1], [-1, 1], [-1, 1], [-1, 1], [-1, 1], [-1, 1], [-1, 1], [-1, 1], [-1, 1], [-1, 1], [-1, 1], [-1, 1], [-1, 1], [-1, 1], [-1, 1], [-1, 1], [-1, 1], [-1, 1], [-1, 1], [-1, 1], [-1, 1], [-1, 1], [-1, 1], [-1, 1], [-1, 1], [-1, 1], [-1, 1], [-1, 1], [-1, 1], [-1, 1], [-1, 1], [-1, 1], [-1, 1], [-1, 1], [-1, 1], [-1, 1], [-1, 1], [-1, 1], [-719, 623], [-1, 1], [-1, 1], [-1, 1], [-1, 1], [-1, 1], [-1, 1], [-1, 1], [-1, 1], [-1, 1], [-1, 1], [-1, 1], [-1, 1], [-1, 1], [-1, 1], [-1, 1], [-1, 1], [-1, 1], [-1, 1], [-1, 1], [-1, 1], [-1, 1], [-1, 1], [-1, 1], [-1, 1], [-1, 1], [-1, 1], [-1, 1], [-1, 1], [-1, 1], [-1, 1], [-1, 1], [-1, 1], [-1, 1], [-1, 1], [-1, 1], [-1, 1], [-1, 1], [-1, 1], [-1, 1], [-1, 1], [-1, 1], [-1, 1], [-1, 1], [-1, 1], [-1, 1], [-1, 1], [-1, 1], [-1, 1], [-1, 1], [-1, 1], [-1, 1], [-1, 1], [-1, 1], [-1, 1], [-1, 1], [-1, 1], [-1, 1], [-1, 1], [-1, 1], [-1, 1], [-1, 1], [-1, 1], [-1, 1], [-1, 1], [-1, 1], [-1, 1], [-1, 1], [-1, 1], [-1, 1], [-1, 1], [-1, 1], [-1, 1], [-1, 1], [-1, 1], [-1, 1], [-1, 1], [-1, 1], [-1, 1], [-1, 1], [-1, 1], [-1, 1], [-1, 1], [-1, 1], [-1, 1], [-1, 1], [-1, 1], [-1, 1], [-1, 1], [-1, 1], [-1, 1], [-1, 1], [-1, 1], [-1, 1], [-1, 1], [-1, 1], [-1, 1], [-1, 1], [-1, 1], [-1, 1], [-1, 1], [-1, 1], [-1, 1], [-1, 1], [-1, 1], [-1, 1], [-1, 1], [-1, 1], [-1, 1], [-1, 1], [-1, 1], [-1, 1], [-1, 1], [-1, 1], [-1, 1], [-1, 1], [-1, 1], [-1, 1], [-1, 1], [-1, 1], [-1, 1], [-1, 1], [-1, 1], [-1, 1], [-1, 1], [-1, 1], [-1, 1], [-1, 1], [-1, 1], [-1, 1], [-1, 1], [-1, 1], [-1, 1], [-1, 1], [-1, 1], [-1, 1], [-1, 1], [-1, 1], [-1, 1], [-1, 1], [-1, 1], [-1, 1], [-1, 1], [-1, 1], [-1, 1], [-1, 1], [-1, 1], [-1, 1], [-1, 1], [-1, 1], [-1, 1], [-1, 1], [-1, 1], [-1, 1], [-1, 1], [-1, 1], [-1, 1], [-1, 1], [-1, 1], [-1, 1], [-1, 1], [-1, 1], [-1, 1], [-1, 1], [-1, 1], [-1, 1], [-1, 1], [-1, 1], [-1, 1], [-1, 1], [-1, 1], [-1, 1], [-1, 1], [-1, 1], [-1, 1], [-1, 1], [-1, 1], [-1, 1], [-1, 1], [-1, 1], [-1, 1], [-1, 1], [-1, 1], [-1, 1], [-1, 1], [-1, 1], [-1, 1], [-1, 1], [-1, 1], [-1, 1], [-1, 1], [-1, 1], [-1, 1], [-1, 1], [-1, 1], [-1, 1], [-1, 1], [-1, 1], [-1, 1], [-1, 1], [-1, 1], [-1, 1], [-1, 1], [-1, 1], [-1, 1], [-1, 1], [-1, 1], [-1, 1], [-1, 1], [-1, 1], [-1, 1], [-1, 1], [-1, 1], [-1, 1], [-1, 1], [-1, 1], [-1, 1], [-1, 1], [-1, 1], [-1, 1], [-1, 1], [-1, 1], [-1, 1], [-1, 1], [-1, 1], [-1, 1], [-1, 1], [-1, 1], [-1, 1], [-1, 1], [-1, 1], [-1, 1], [-1, 1], [-1, 1], [-1, 1], [-1, 1], [-1, 1], [-1, 1], [-1, 1], [-1, 1], [-1, 1], [-1, 1], [-1, 1], [-1, 1], [-1, 1], [-1, 1], [-1, 1], [-1, 1], [-1, 1], [-1, 1], [-1, 1], [-1, 1], [-1, 1], [-1, 1], [-1, 1], [-1, 1], [-1, 1], [-1, 1], [-1, 1], [-1, 1], [-1, 1], [-1, 1], [-1, 1], [-1, 1], [-1, 1], [-1, 1], [-1, 1], [-1, 1], [-1, 1], [-1, 1], [-1, 1], [-1, 1], [-1, 1], [-1, 1], [-1, 1], [-1, 1], [-1, 1], [-1, 1], [-1, 1], [-1, 1], [-1, 1], [-1, 1], [-1, 1], [-1, 1], [-1, 1], [-1, 1], [-1, 1], [-1, 1], [-1, 1], [-1, 1], [-1, 1], [-1, 1], [-1, 1], [-1, 1], [-1, 1], [-1, 1], [-1, 1], [-1, 1], [-1, 1], [-1, 1], [-1, 1], [-1, 1], [-1, 1], [-1, 1], [-1, 1], [-1, 1], [-1, 1], [-1, 1], [-1, 1], [-1, 1], [-1, 1], [-1, 1], [-1, 1], [-1, 1], [-1, 1], [-1, 1], [-1, 1], [-1, 1], [-1, 1], [-1, 1], [-1, 1], [-1, 1], [-1, 1], [-1, 1], [-1, 1], [-1, 1], [-1, 1], [-1, 1], [-1, 1], [-1, 1], [-1, 1], [-1, 1], [-1, 1], [-1, 1], [-1, 1], [-1, 1], [-1, 1], [-1, 1], [-1, 1], [-1, 1], [-1, 1], [-1, 1], [-1, 1], [-1, 1], [-1, 1], [-1, 1], [-1, 1], [-1, 1], [-1, 1], [-1, 1], [-1, 1], [-1, 1], [-1, 1], [-1, 1], [-1, 1], [-1, 1], [-1, 1], [-1, 1], [-1, 1], [-1, 1], [-1, 1], [-1, 1], [-1, 1], [-1, 1], [-1, 1], [-1, 1], [-1, 1], [-1, 1], [-1, 1], [-1, 1], [-1, 1], [-1, 1], [-1, 1], [-1, 1], [-1, 1], [-1, 1], [-1, 1], [-1, 1], [-1, 1], [-1, 1], [-1, 1], [-1, 1], [-1, 1], [-1, 1], [-1, 1], [-1, 1], [-1, 1], [-1, 1], [-1, 1], [-1, 1], [-1, 1], [-1, 1], [-1, 1], [-1, 1], [-1, 1], [-1, 1], [-1, 1], [-1, 1], [-1, 1], [-1, 1], [-1, 1], [-1, 1], [-1, 1], [-1, 1], [-1, 1], [-1, 1], [-1, 1], [-1, 1], [-1, 1], [-1, 1], [-1, 1], [-1, 1], [-1, 1], [-1, 1], [-1, 1], [-1, 1], [-1, 1], [-1, 1], [-1, 1], [-1, 1], [-1, 1], [-1, 1], [-1, 1], [-1, 1], [-1, 1], [-1, 1], [-1, 1], [-1, 1], [-1, 1], [-1, 1], [-1, 1], [-1, 1], [-1, 1], [-1, 1], [-1, 1], [-1, 1], [-1, 1], [-1, 1], [-1, 1], [-1, 1], [-1, 1], [-1, 1], [-1, 1], [-1, 1], [-1, 1], [-1, 1], [-1, 1], [-1, 1], [-1, 1], [-1, 1], [-1, 1], [-1, 1], [-1, 1], [-1, 1], [-1, 1], [-1, 1], [-1, 1], [-1, 1], [-1, 1], [-1, 1], [-1, 1], [-1, 1], [-1, 1], [-1, 1], [-1, 1], [-1, 1], [-1, 1], [-1, 1], [-1, 1], [-1, 1], [-1, 1], [-1, 1], [-1, 1], [-1, 1], [-1, 1], [-1, 1], [-1, 1], [-1, 1], [-1, 1], [-1, 1], [-1, 1], [-1, 1], [-1, 1], [-1, 1], [-1, 1], [-1, 1], [-1, 1], [-1, 1], [-1, 1], [-1, 1], [-1, 1], [-1, 1], [-1, 1], [-1, 1], [-1, 1], [-1, 1], [-1, 1], [-1, 1], [-1, 1], [-1, 1], [-1, 1], [-1, 1], [-1, 1], [-1, 1], [-1, 1], [-1, 1], [-1, 1], [-1, 1], [-1, 1], [-1, 1], [-1, 1], [-1, 1], [-1, 1], [-1, 1], [-1, 1], [-1, 1], [-1, 1], [-1, 1], [-1, 1], [-1, 1], [-1, 1], [-1, 1], [-1, 1], [-1, 1], [-1, 1], [-1, 1], [-1, 1], [-1, 1], [-1, 1], [-1, 1], [-1, 1], [-1, 1], [-1, 1], [-1, 1], [-1, 1], [-1, 1], [-1, 1], [-1, 1], [-1, 1], [-1, 1], [-1, 1], [-1, 1], [-1, 1], [-1, 1], [-1, 1], [-1, 1], [-1, 1], [-1, 1], [-1, 1], [-1, 1], [-1, 1], [-1, 1], [-1, 1], [-1, 1], [-1, 1], [-1, 1], [-1, 1], [-1, 1], [-1, 1], [-1, 1], [-1, 1], [-1, 1], [-1, 1], [-1, 1], [-1, 1], [-1, 1], [-1, 1], [-1, 1], [-1, 1], [-1, 1], [-1, 1], [-1, 1], [-1, 1], [-1, 1], [-1, 1], [-1, 1], [-1, 1], [-1, 1], [-1, 1], [-1, 1], [-1, 1], [-1, 1], [-1, 1], [-1, 1], [-1, 1], [-1, 1], [-1, 1], [-1, 1], [-1, 1], [-1, 1], [-1, 1], [-1, 1], [-1, 1], [-1, 1], [-1, 1], [-1, 1], [-1, 1], [-1, 1], [-1, 1], [-1, 1], [-1, 1], [-1, 1], [-741, 702], [-1, 1], [-1, 1], [-1, 1], [-1, 1], [-1, 1], [-1, 1], [-1, 1], [-1, 1], [-1, 1], [-1, 1], [-1, 1], [-1, 1], [-1, 1], [-1, 1], [-1, 1], [-1, 1], [-1, 1], [-1, 1], [-1, 1], [-1, 1], [-1, 1], [-1, 1], [-1, 1], [-1, 1], [-1, 1], [-1, 1], [-1, 1], [-1, 1], [-1, 1], [-1, 1], [-1, 1], [-731, 668], [-1, 1], [-1, 1], [-1, 1], [-1, 1], [-1, 1], [-1, 1], [-1, 1], [-1, 1], [-1, 1], [-1, 1], [-1, 1], [-1, 1], [-1, 1], [-1, 1], [-1, 1], [-1, 1], [-1, 1], [-1, 1], [-1, 1], [-1, 1], [-1, 1], [-1, 1], [-1, 1], [-1, 1], [-1, 1], [-1, 1], [-1, 1], [-1, 1], [-1, 1], [-1, 1], [-1, 1], [-1, 1], [-1, 1], [-1, 1], [-1, 1], [-1, 1], [-1, 1], [-1, 1], [-1, 1], [-1, 1], [-1, 1], [-1, 1], [-1, 1], [-1, 1], [-1, 1], [-1, 1], [-1, 1], [-1, 1], [-1, 1], [-1, 1], [-1, 1], [-1, 1], [-1, 1], [-1, 1], [-1, 1], [-1, 1], [-1, 1], [-1, 1], [-1, 1], [-1, 1], [-1, 1], [-1, 1], [-1, 1], [-1, 1], [-1, 1], [-1, 1], [-1, 1], [-1, 1], [-1, 1], [-1, 1], [-1, 1], [-1, 1], [-1, 1], [-1, 1], [-1, 1], [-1, 1], [-1, 1], [-1, 1], [-1, 1], [-1, 1], [-1, 1], [-1, 1], [-1, 1], [-1, 1], [-1, 1], [-1, 1], [-1, 1], [-1, 1], [-1, 1], [-1, 1], [-1, 1], [-1, 1], [-1, 1], [-1, 1], [-1, 1], [-1, 1], [-1, 1], [-1, 1], [-1, 1], [-1, 1], [-1, 1], [-1, 1], [-1, 1], [-1, 1], [-1, 1], [-1, 1], [-1, 1], [-1, 1], [-1, 1], [-1, 1], [-1, 1], [-1, 1], [-1, 1], [-1, 1], [-1, 1], [-1, 1], [-1, 1], [-1, 1], [-1, 1], [-1, 1], [-1, 1], [-1, 1], [-1, 1], [-1, 1], [-1, 1], [-1, 1], [-1, 1], [-1, 1], [-1, 1], [-1, 1], [-1, 1], [-1, 1], [-1, 1], [-1, 1], [-1, 1], [-1, 1], [-1, 1], [-1, 1], [-1, 1], [-1, 1], [-1, 1], [-1, 1], [-1, 1], [-1, 1], [-1, 1], [-1, 1], [-1, 1], [-1, 1], [-1, 1], [-1, 1], [-1, 1], [-1, 1], [-1, 1], [-1, 1], [-1, 1], [-1, 1], [-1, 1], [-1, 1], [-1, 1], [-1, 1], [-1, 1], [-1, 1], [-1, 1], [-1, 1], [-1, 1], [-1, 1], [-1, 1], [-1, 1], [-1, 1], [-1, 1], [-1, 1], [-1, 1], [-1, 1], [-1, 1], [-1, 1], [-1, 1], [-1, 1], [-1, 1], [-1, 1], [-1, 1], [-1, 1], [-1, 1], [-1, 1], [-1, 1], [-1, 1], [-1, 1], [-1, 1], [-1, 1], [-1, 1], [-1, 1], [-1, 1], [-1, 1], [-1, 1], [-1, 1], [-1, 1], [-1, 1], [-1, 1], [-1, 1], [-1, 1], [-1, 1], [-1, 1], [-1, 1], [-1, 1], [-1, 1], [-1, 1], [-1, 1], [-1, 1], [-1, 1], [-1, 1], [-1, 1], [-1, 1], [-1, 1], [-1, 1], [-1, 1], [-1, 1], [-1, 1], [-1, 1], [-1, 1], [-1, 1], [-1, 1], [-1, 1], [-1, 1], [-1, 1], [-1, 1], [-1, 1], [-1, 1], [-1, 1], [-1, 1], [-1, 1], [-1, 1], [-1, 1]]

exec_time (ms): 131312.79349327087 ms
exec_time: 2m 11s 312.793493270874ms