N: 33
n: 6
number_of_primes (d): 2
exp_register_width (qd): 5
primes: [2, 5]

R: 5431
T: 5
t: 14
delta: 0.00018412815319462345
delta_inv: 5431Percent of combinations (with positive values of result vector) that gives % N = 1: 81.8%
Percent of combinations (with positive values of result vector) that give p and q: 43.0%
Vectors that gives p and q: [[1, 1], [1, 1], [1, 1], [6, 1], [6, 1], [1, 1], [1, 1], [6, 1], [1, 1], [6, 1], [6, 1], [-1, -1], [1, 1], [1, 1], [0, 5], [1, 1], [1, 1], [6, 1], [1, 1], [1, 1], [1, 1], [6, 1], [1, 1], [1, 1], [0, 5], [6, 1], [-1, -1], [6, 1], [6, 1], [6, 1], [1, 1], [1, 1], [1, 1], [1, 1], [6, 1], [6, 1], [6, 1], [6, 1], [1, 1], [1, 1], [1, 1], [1, 1], [6, 1], [1, 1], [1, 1], [6, 1], [1, 1], [1, 1], [1, 1], [1, 1], [6, 1], [1, 1], [1, 1], [6, 1], [1, 1], [6, 1], [6, 1], [1, 1], [1, 1], [1, 1], [1, 1], [1, 1], [6, 1], [1, 1], [1, 1], [1, 1], [6, 1], [6, 1], [1, 1], [1, 1], [1, 1], [1, 1], [1, 1], [6, 1], [1, 1], [1, 1], [1, 1], [1, 1], [1, 1], [6, 1], [1, 1], [1, 1], [1, 1], [6, 1], [1, 1], [1, 1], [1, 1], [6, 1], [1, 1], [1, 1], [6, 1], [6, 1], [1, 1], [1, 1], [1, 1], [6, 1], [1, 1], [1, 1], [1, 1], [1, 1], [1, 1], [0, 5], [1, 1], [1, 1], [1, 1], [1, 1], [6, 1], [6, 1], [1, 1], [0, 5], [6, 1], [6, 1], [1, 1], [1, 1], [1, 1], [6, 1], [1, 1], [6, 1], [1, 1], [6, 1], [6, 1], [1, 1], [1, 1], [6, 1], [6, 1], [6, 1], [1, 1], [1, 1], [6, 1], [1, 1], [1, 1], [6, 1], [6, 1], [6, 1], [1, 1], [1, 1], [1, 1], [6, 1], [1, 1], [1, 1], [1, 1], [6, 1], [1, 1], [1, 1], [1, 1], [1, 1], [6, 1], [1, 1], [6, 1], [6, 1], [1, 1], [1, 1], [0, 5], [6, 1], [1, 1], [1, 1], [1, 1], [1, 1], [1, 1], [1, 1], [1, 1], [1, 1], [1, 1], [6, 1], [6, 1], [1, 1], [6, 1], [6, 1], [1, 1], [1, 1], [6, 1], [1, 1], [1, 1], [1, 1], [1, 1], [1, 1], [1, 1], [6, 1], [1, 1], [1, 1], [1, 1], [1, 1], [1, 1], [1, 1], [6, 1], [1, 1], [-1, -1], [1, 1], [1, 1], [1, 1], [6, 1], [6, 1], [1, 1], [1, 1], [1, 1], [1, 1], [1, 1], [-1, -1], [1, 1], [1, 1], [1, 1], [1, 1], [1, 1], [-1, -1], [6, 1], [1, 1], [1, 1], [1, 1], [-1, -1], [1, 1], [1, 1], [6, 1], [6, 1], [1, 1], [1, 1], [1, 1], [1, 1], [-1, -1], [6, 1], [6, 1], [1, 1], [1, 1], [6, 1], [1, 1], [6, 1], [6, 1], [-1, -1], [1, 1], [1, 1], [1, 1], [6, 1], [1, 1], [1, 1], [1, 1], [1, 1], [1, 1], [6, 1], [1, 1], [6, 1], [1, 1], [1, 1], [6, 1], [1, 1], [6, 1], [-1, -1], [-1, -1], [1, 1], [1, 1], [1, 1], [0, 5], [1, 1], [1, 1], [1, 1], [1, 1], [6, 1], [6, 1], [6, 1], [6, 1], [1, 1], [1, 1], [6, 1], [1, 1], [1, 1], [6, 1], [1, 1], [1, 1], [1, 1], [6, 1], [1, 1], [6, 1], [1, 1], [1, 1], [6, 1], [1, 1], [1, 1], [6, 1], [1, 1], [1, 1], [1, 1], [6, 1], [1, 1], [1, 1], [1, 1], [1, 1], [1, 1], [1, 1], [6, 1], [1, 1], [1, 1], [1, 1], [1, 1], [6, 1], [2, -3], [6, 1], [1, 1], [1, 1], [1, 1], [1, 1], [1, 1], [1, 1], [1, 1], [1, 1], [1, 1], [1, 1], [6, 1], [1, 1], [6, 1], [1, 1], [1, 1], [1, 1], [1, 1], [6, 1], [-1, -1], [6, 1], [1, 1], [6, 1], [1, 1], [1, 1], [6, 1], [1, 1], [1, 1], [6, 1], [1, 1], [1, 1], [1, 1], [1, 1], [1, 1], [1, 1], [1, 1], [1, 1], [6, 1], [0, 5], [1, 1], [1, 1], [0, 5], [6, 1], [1, 1], [1, 1], [6, 1], [1, 1], [0, 5], [1, 1], [1, 1], [1, 1], [1, 1], [6, 1], [0, 5], [1, 1], [1, 1], [6, 1], [1, 1], [0, 5], [1, 1], [6, 1], [1, 1], [6, 1], [1, 1], [1, 1], [1, 1], [-1, -1], [6, 1], [1, 1], [0, 5], [1, 1], [1, 1], [1, 1], [1, 1], [1, 1], [6, 1], [1, 1], [0, 5], [6, 1], [6, 1], [6, 1], [1, 1], [1, 1], [1, 1], [-1, -1], [6, 1], [6, 1], [1, 1], [6, 1], [1, 1], [1, 1], [1, 1], [1, 1], [6, 1], [1, 1], [1, 1], [1, 1], [6, 1], [1, 1], [6, 1], [1, 1], [1, 1], [6, 1], [6, 1], [6, 1], [1, 1], [1, 1], [1, 1], [0, 5], [0, 5], [6, 1], [6, 1], [6, 1], [6, 1], [1, 1], [1, 1], [1, 1], [0, 5], [1, 1], [1, 1], [1, 1], [6, 1], [1, 1], [0, 5], [6, 1], [6, 1], [6, 1], [1, 1], [6, 1], [6, 1], [1, 1], [1, 1], [1, 1], [1, 1], [6, 1], [1, 1], [1, 1]]

exec_time (ms): 181417.8168773651 ms
exec_time: 3m 1s 417.8168773651123ms