N: 35
n: 6
number_of_primes (d): 2
exp_register_width (qd): 5
primes: [2, 3]

R: 5431
T: 5
t: 14
delta: 0.00018412815319462345
delta_inv: 5431Percent of combinations (with positive values of result vector) that gives % N = 1: 52.8%
Percent of combinations (with positive values of result vector) that give p and q: 30.7%
Vectors that gives p and q: [[-1462, 1496], [-1567, 1589], [-467, -467], [-759, 633], [-377, 127], [-499, -523], [-1021, -181], [-526, -436], [631, -185], [-1123, -187], [-490, -436], [-544, -418], [1744, -758], [-161, -701], [-1354, 1316], [-1417, -721], [-696, 714], [-1208, 1330], [-493, -517], [539, 1487], [-731, 25], [-1508, 1462], [-501, 255], [-603, 189], [-629, 307], [-471, -483], [566, 212], [-508, -490], [-758, 928], [807, -777], [-826, 1928], [-198, 1152], [-528, -486], [-452, -638], [-1033, 2003], [-1024, 410], [-1545, -741], [214, -536], [226, -536], [507, -753], [-549, 459], [1219, -485], [-972, 1962], [178, -992], [-701, 727], [-849, -1377], [90, -420], [-631, 113], [-133, -649], [-663, 333], [628, -278], [-1246, 440], [1237, -215], [1286, -1336], [-1788, 114], [1403, -253], [-50, -620], [-493, -517], [-1171, -295], [-1414, 296], [-508, -466], [-573, -465], [-608, 478], [714, -732], [-1169, -17], [-506, -512], [-443, -623], [114, -612], [-424, 74], [-513, 1035], [223, -1217], [-1361, 907], [-400, -1546], [-471, -495], [-561, 123], [240, -642], [-884, 1882], [404, -2506], [-595, 1265], [313, -2399], [-456, -522], [-663, 333], [-2000, -998], [-518, -500], [430, -596], [-538, -436], [-466, -544], [-1696, -622], [1316, -1354], [1162, -1304], [-209, 715], [86, -328], [-1508, -2], [1624, 598], [327, -1785], [1449, -1431], [-290, 1336], [-507, -507], [239, -553], [-710, 112], [-1189, 1415], [-758, -1352], [-532, -502], [-546, -456], [1017, -303], [-943, 737], [-510, -504], [-73, 791], [-452, -806], [-2520, 366], [-596, -218], [1251, -993], [432, -354], [1250, -688], [244, -494], [363, -741], [-1479, 1497], [-152, 1162], [-473, -521], [-456, -558], [-85, -85], [-354, -516], [1989, -927], [-1273, 863], [-442, -532], [1360, 922], [228, -1134], [-1354, 1316], [740, 1514], [814, -368], [-1046, 388], [489, -951], [-665, 487], [623, -697], [221, -535], [-439, -583], [190, 844], [836, -262], [-2158, 1244], [-527, -503], [-889, 1799], [-611, 133], [-786, 864], [-834, 1428], [-461, -581], [-736, 458], [-898, -28], [-219, -795], [-512, -506], [-505, -505], [-1103, 1189], [740, -1738], [-444, 198], [-1541, 751], [-1198, 368], [-2226, 1044], [-1067, -143], [-1451, 1429], [-563, -371], [-1412, 1426], [1291, -221], [1518, -1488], [290, -556], [1516, 514], [1116, -246], [-1049, 919], [636, -582], [-1875, 825], [851, -613], [-757, -133], [-804, -330], [-608, 478], [1359, -561], [-495, -447], [1252, -278], [693, -807], [-684, 330], [104, -886], [-1449, 1431], [244, -494], [-536, -470], [525, -651], [-164, 898], [-507, -519], [-503, -515], [205, -1043], [-1266, 468], [116, -658], [167, -685], [270, 1848], [-601, 227], [-559, -463], [-516, -486], [-774, -372], [1178, -796], [-1117, -745], [-509, -509], [346, -824], [-499, -475], [-254, 676], [75, 1203], [-556, -466], [-695, 1141], [-1474, 1520], [-180, -1554], [1414, -1436], [-535, -475], [-660, 702], [-503, -515], [-562, 236], [431, -2449], [-380, 1186], [952, -374], [-495, -507], [1449, -1431], [-168, -1062], [566, -676], [153, -651], [-442, 176], [-861, 1707], [532, -1262], [2040, -1110], [-126, -1128], [-531, -483], [4, 946], [1644, -1626], [-1123, 269], [-441, -573], [128, -370], [-1091, 577], [2502, -480], [-954, 288], [-912, -1134], [-8, -938], [-526, -448], [833, -1435], [955, -1973], [-535, 221], [990, -2064], [-475, -547], [435, -489], [-1647, 597], [-676, 182], [-521, -509], [1316, -1450], [-513, -513], [-342, 948], [-531, -495], [1723, -749], [262, 652], [875, -1021], [-507, -507], [-517, -493], [696, -714], [1371, -825], [-492, -522], [-815, 1873], [1348, -1394], [-161, -2825], [-1221, 747], [-396, -762], [-1386, 1368], [-1140, 1002], [-592, -118], [-60, 2118], [-547, -487], [-498, 240], [-391, 2489], [-530, -488], [1840, -746], [-1374, -732], [-524, -506], [-2507, 481], [-528, -498], [1224, -1398], [-485, -521], [249, -1143], [-1353, 1395], [798, -1824], [-1221, 747], [516, -1014], [2057, -1147], [1452, -1434], [1300, -1046], [-486, -516], [-1090, 164], [752, -1066], [-515, -515], [1290, 792], [-491, 361], [-1169, -17], [-546, -408], [1454, -1480], [-589, -361], [1413, -1203], [744, -2754], [-1237, 191], [1424, -1186], [-810, 324], [1103, -1189], [-446, -584], [-399, -627], [784, -650], [-1711, 149], [732, -846], [247, -1265], [903, -573]]

exec_time (ms): 185154.2432308197 ms
exec_time: 3m 5s 154.24323081970215ms