N: 39
n: 6
number_of_primes (d): 2
exp_register_width (qd): 5
primes: [2, 5]

R: 5431
T: 5
t: 14
delta: 0.00018412815319462345
delta_inv: 5431Percent of combinations (with positive values of result vector) that gives % N = 1: 61.1%
Percent of combinations (with positive values of result vector) that give p and q: 35.5%
Vectors that gives p and q: [[-255, -779], [471, -1541], [0, -1514], [-999, -7], [477, -1555], [-285, 1391], [-3, -167], [291, -797], [-1005, -5], [471, -801], [315, 1027], [378, -1216], [-315, 1345], [-51, 801], [-405, -801], [240, -758], [-999, -11], [-114, -492], [168, -314], [411, 1567], [237, -771], [426, -888], [-210, 1404], [252, -834], [-327, 237], [186, -732], [996, 14], [-990, -16], [495, -1525], [45, 625], [-453, 1479], [-1002, -20], [105, -347], [177, -183], [24, -818], [-999, -7], [-1002, -8], [459, 1539], [-984, -14], [-1011, -7], [-168, -850], [0, -850], [-435, -1411], [72, -198], [219, -733], [240, -766], [336, 1546], [-366, 992], [999, 7], [-987, -31], [-444, 1078], [-96, -926], [-432, -1578], [-1002, -8], [996, 10], [-447, 1265], [-75, 1077], [450, 424], [348, -842], [-972, -50], [39, 1079], [-963, -27], [-150, 640], [-447, 1293], [240, -758], [156, -630], [-438, 1540], [72, -854], [-993, -13], [-1008, -10], [126, 1048], [309, 301], [-330, -1712], [27, -1253], [-999, -7], [417, -763], [-933, -241], [-51, 801], [0, 1538], [78, -988], [-1005, -5], [-990, -12], [-207, -1239], [429, 405], [957, 33], [-1002, -8], [-999, -11], [-1002, -8], [-999, -11], [-462, -1548], [-264, -982], [-120, -902], [-993, -13], [-999, -7], [-1005, -9], [-993, -13], [-1002, -8], [-1011, -3], [210, -720], [-132, -270], [264, -766], [453, -1479], [-495, 1525], [-318, 836], [378, 2280], [378, -724], [-1005, -9], [-252, 834], [78, -988], [-996, -10], [0, -762], [-1005, -9], [-132, 874], [174, 1024], [-993, -13], [459, 1555], [219, -733], [96, 926], [-999, -7], [-210, 1236], [309, 301], [-399, -79], [453, -1483], [195, -205], [243, -1269], [-1005, -9], [474, -1404], [-999, -11], [-975, -35], [-429, -897], [-984, -34], [-315, 1045], [336, -1114], [336, -1110], [-111, -215], [-489, 295], [-240, 766], [351, 271], [24, -818], [132, -794], [414, 1564], [228, -226], [240, -766], [429, 405], [471, -641], [159, 859], [27, -1569], [-471, 1505], [240, -766], [-489, 1539], [1005, 9], [-1002, -12], [-822, -136], [225, -759], [318, -1048], [96, 926], [297, -307], [33, -831], [42, 1240], [-471, 1501], [354, -856], [-993, -13], [-117, -289], [423, -441], [-411, 1525], [-960, -18], [240, -766], [66, -812], [-1008, -10], [-990, -16], [99, 1215], [-1005, -9], [219, -757], [-429, 1503], [18, 752], [309, 301], [78, -732], [-849, -93], [438, -1460], [-477, 1515], [432, -1474], [-1002, -8], [-171, 885], [-1011, -3], [-456, -2594], [348, -1478], [51, -801], [288, -778], [309, 301], [-927, -59], [-1005, -9], [-171, -851], [-345, 863], [462, 1528], [150, -252], [240, -766], [210, -728], [-999, -11], [-363, 945], [465, -1499], [255, -769], [429, 1597], [354, -1680], [-339, -1539], [249, 545], [-423, -823], [-90, -796], [168, -1470], [30, -900], [393, -1511], [-147, -71], [-291, -723], [78, -988], [-480, -14], [-480, -14], [405, -531], [204, -1262], [-999, -7], [-471, 1497], [-948, -26], [-243, 805], [252, -778], [-132, -1402], [-927, -103], [-984, -26], [291, 1767], [-495, -847], [-351, 205], [84, -614], [-90, 1268], [-315, -191], [-27, -783], [-1005, -9], [450, 424], [-993, -13], [-927, -59], [48, 894], [-300, -1678], [423, 1579], [-399, 1525], [0, -830], [0, -862], [999, 7], [-195, -99], [-219, 733], [-999, -19], [72, 922], [33, 553], [-927, -59], [216, 938], [468, 1546], [-222, -556], [192, -298], [414, 1572], [405, 889], [495, -1525], [339, 1723], [-324, -182], [480, 14], [153, -1179], [-456, -1534], [246, -364], [-471, 1501], [441, 809], [90, -196], [-456, -1554], [240, -754], [-261, 1371], [66, -240], [-480, -1578], [-993, -13], [-999, -11], [240, -758], [-999, -7], [-1008, -6], [0, -778], [240, -754], [-465, 107], [240, -754], [-240, 758], [-999, -7], [-990, -16], [375, -625], [246, -364], [-993, -13], [30, -900], [30, -900], [429, -1515], [-996, -10], [-186, 732], [-462, 1496], [-411, -1591], [387, -697], [420, -1462], [-990, -12], [-1002, -8], [-996, -10], [-360, -546], [441, 97], [447, 1563], [351, 271], [-993, -13], [-990, -16], [279, -1385], [-162, 212], [-441, -809], [0, 650], [408, 890], [390, 816], [-171, -135], [240, -894], [-990, -16], [0, -618], [-990, -24], [-372, 1046], [255, 771], [30, -900], [-993, -13], [-999, -11], [390, -660], [384, -462], [390, 1412], [-456, -1554], [-990, -12], [0, 750], [84, 1962], [-402, 476], [-252, -770], [-3, 893], [-234, -540], [-462, -1548], [954, 32], [996, 10], [-981, -21], [81, -843], [429, 405], [297, -307], [-480, -14], [-1011, -3], [-27, 1569], [495, -1525], [423, 1579], [-999, -7], [-51, 801], [-273, -1765], [-999, -11], [-960, -18], [378, -724], [-120, 1234], [-468, -1546], [-1005, -9], [-495, 1525], [0, 854], [96, 926], [228, -342]]

exec_time (ms): 167689.62502479553 ms
exec_time: 2m 47s 689.6250247955322ms