N: 55
n: 6
number_of_primes (d): 2
exp_register_width (qd): 5
primes: [2, 3]

R: 5431
T: 5
t: 14
delta: 0.00018412815319462345
delta_inv: 5431Percent of combinations (with positive values of result vector) that gives % N = 1: 39.3%
Percent of combinations (with positive values of result vector) that give p and q: 21.8%
Vectors that gives p and q: [[526, -1532], [353, -1351], [-1459, -567], [246, -592], [-1525, -545], [1261, -527], [-240, 850], [426, -1412], [-1497, -501], [-235, 845], [-1529, -317], [1254, -128], [-486, 1532], [-1437, -701], [774, 572], [280, -1270], [381, -1387], [1266, -432], [-1500, -530], [472, -1514], [878, 704], [-1568, -454], [-211, 597], [1445, 545], [564, 162], [114, -408], [-1545, -485], [-1458, -564], [253, -771], [541, 993], [773, 569], [511, -1537], [-556, 582], [713, -1651], [-1519, -507], [503, -1501], [882, -104], [1247, 411], [1405, 725], [-118, 1296], [251, -757], [-1512, -546], [-1455, -535], [-1470, 580], [170, 500], [431, -1437], [1502, 496], [1121, -7], [-189, 803], [-735, 405], [-849, -617], [451, -1477], [227, -709], [-1552, -386], [-1490, -540], [-808, -274], [1798, -336], [380, -770], [472, -1454], [326, -1352], [-1475, -615], [515, -905], [-766, 312], [81, 653], [-324, -622], [-224, 758], [345, -435], [524, -1538], [-1577, -481], [-518, 1576], [-140, 810], [-494, -1072], [-173, 931], [1082, 136], [1658, 264], [-28, 566], [280, -1270], [-480, -270], [-1489, -537], [288, -566], [437, -1419], [-448, 146], [-916, -438], [-817, 1639], [542, -1504], [265, 385], [440, -1490], [-527, 1569], [-137, 779], [-680, -590], [-1787, 269], [233, -751], [264, -598], [-574, 188], [1037, 141], [-439, -1207], [-308, -414], [-328, -454], [-1735, 165], [-505, 1495], [-246, 1272], [441, 1713], [451, -1437], [213, -751], [-712, 134], [305, -595], [484, -1538], [-1529, -517], [-202, -1116], [-60, -1270], [-714, 8], [276, -1182], [-1506, -568], [-1590, -460], [-803, 501], [-1533, -549], [-582, 64], [50, -360], [787, 231], [2035, -1025], [1492, 566], [-412, -566], [-887, -611], [498, 724], [512, -1514], [474, -1508], [532, -1554], [-241, -693], [468, -1506], [-692, 94], [-995, 65], [197, -1139], [385, 485], [823, 299], [-606, 1672], [680, 610], [1521, 593], [732, 906], [61, -1107], [848, 574], [1134, -708], [289, 977], [-655, -615], [228, -826], [747, -309], [-445, -405], [1487, 591], [-188, -1034], [-195, -555], [274, 572], [393, -1411], [-990, 160], [27, 671], [-545, 1555], [-1452, -546], [706, -52], [626, -1692], [-631, -683], [1051, 2023], [435, -1445], [369, -1443], [1259, 1247], [810, 660], [117, 681], [-1484, -542], [-1516, -538], [346, -1292], [1594, 512], [282, 636], [-1432, -566], [602, -1704], [315, 675], [499, -1533], [142, -364], [-127, -611], [457, -1499], [-541, -813], [-770, -500], [37, 801], [-1530, -540], [-441, -313], [-790, 1800], [744, 902], [-1208, -1574], [-1535, -495], [235, -725], [1507, 551], [-1510, -520], [407, -1429], [371, -1377], [-1579, -347], [280, -1330], [270, -780], [-1480, -570], [2297, 801], [-1521, -473], [505, -1495], [-1423, -599], [363, -701], [246, -1272], [173, -1211], [543, 339], [-780, -230], [-289, 863], [472, -1454], [-1509, -577], [-1038, -144], [470, -1520], [-1533, -509], [-646, -628], [1583, 479], [-731, -783], [-1738, 376], [520, -1630], [517, -1539], [-1410, -840], [473, -1531], [-387, 749]]

exec_time (ms): 214594.9466228485 ms
exec_time: 3m 34s 594.9466228485107ms