N: 65
n: 7
number_of_primes (d): 2
exp_register_width (qd): 6
primes: [2, 3]

R: 7315
T: 6
t: 15
delta: 0.0001367053998632946
delta_inv: 7315Percent of combinations (with positive values of result vector) that gives % N = 1: 36.2%
Percent of combinations (with positive values of result vector) that give p and q: 20.9%
Vectors that gives p and q: [[-2066, -1018], [-576, 390], [1048, 2006], [-702, 318], [-704, -1114], [1030, -1030], [1014, -1014], [-1476, -30], [1030, -1042], [-382, -2546], [12, 618], [236, -818], [-596, 302], [618, 1638], [-1020, 1038], [-836, 338], [220, -754], [2614, 530], [-2054, -1006], [982, -982], [436, 506], [-2090, -994], [78, 1206], [-418, -1334], [-1176, -894], [106, 698], [-1000, 994], [-1114, -746], [-650, -406], [384, -942], [-226, 922], [652, 2438], [-1022, 998], [1058, 2026], [224, -806], [336, 690], [2010, 1002], [322, -706], [-532, 442], [1512, 1110], [772, -1558], [2014, 1034], [-1060, -1790], [-2188, -746], [-670, -998], [1012, -994], [-1180, -122], [-702, 126], [990, -990], [-2100, -966], [1258, -94], [996, 150], [-754, 238], [-734, 278], [-996, -366], [-296, 1346], [-3140, 2], [-1022, 1094], [-542, 194], [1016, -1010], [-384, 138], [-264, 774], [-718, -2], [-8, 818], [852, -954], [-104, -1162], [1000, -1006], [1056, 2058], [-1058, 1142], [-1224, -1278], [-166, -1154], [888, -954], [76, -994], [-836, 182], [1224, 762], [-552, -1470], [-1040, -286], [-224, -946], [-1046, -2002], [1004, -998], [-418, -458], [128, -866], [1000, -994], [1034, -1046], [48, -822], [-982, -2102], [518, 2074], [82, 1118], [-860, 434], [1596, 582], [-1000, 1018], [-2028, -1026], [1038, -1050], [980, -974], [318, -738], [-1326, -1290], [1392, 1206], [-1438, 1198], [-556, 514], [990, -1014], [-1676, 1490], [-1008, -174], [-2970, -150], [2342, 586], [-2036, -1030], [1494, 1242], [-1992, -1086], [1998, 1062], [-280, -2366], [-2090, -994], [-468, -690], [468, -30], [1566, 378], [554, 2218], [1010, -998], [1610, -722], [-596, -1654], [746, -794], [-160, -1082], [-830, 182], [500, -482], [-1980, -1050], [252, 258], [-650, 662], [-860, 266], [-714, 378], [8, 1546], [992, -1034], [-460, -1478], [604, 38], [-1374, -402], [-980, -346], [-998, 998], [-502, -1286], [-138, -1074], [-928, -866], [1016, -1022], [-842, 182], [-628, -14], [920, -914], [1984, 1058], [2182, 1046], [1016, 1954], [494, 1222], [1050, 1134], [-2018, -1042], [-86, 1106], [1242, 1170], [260, -854], [1498, 530], [-318, -594], [792, 1146], [392, -566], [2060, 994], [-2012, -1078], [104, -722], [2086, 1022], [372, 570], [1870, -1270], [-266, 962], [-2126, -958], [1088, 214], [-1306, -1178], [1810, 1082], [2020, 1034], [358, -766], [1152, 450], [-1052, -1990], [-1938, -1062], [822, 438], [-1936, -1106], [818, -662], [1020, -1026], [-540, 138], [-1014, 1026], [-426, -510], [1030, 1910], [-1028, -1450], [368, -638], [298, -670], [328, -850], [-252, -1014], [-1294, -1154], [2044, 1022], [428, 994], [1340, -578], [-2000, -1030], [-990, 954], [-2018, -1042], [986, -1034], [272, -950], [830, -950], [-714, -714], [984, 2070], [-992, -1990], [-2150, -502], [2006, 1054], [1380, 1038], [2360, 250], [1040, -1046], [-1014, 318], [1060, -1078], [936, 858], [-696, 138], [1034, 2050], [288, -846], [-476, -850], [-392, 746], [-1020, 1026]]

exec_time (ms): 241581.43711090088 ms
exec_time: 4m 1s 581.4371109008789ms