N: 77
n: 7
number_of_primes (d): 2
exp_register_width (qd): 6
primes: [2, 3]

R: 7315
T: 6
t: 15
delta: 0.0001367053998632946
delta_inv: 7315Percent of combinations (with positive values of result vector) that gives % N = 1: 40.2%
Percent of combinations (with positive values of result vector) that give p and q: 27.8%
Vectors that gives p and q: [[-954, -177], [-951, 192], [666, 573], [-1025, -1670], [1, -2], [-1, 2], [-986, 487], [-1, 2], [-1, 2], [-1, 2], [-120, 855], [-1, 2], [-1, 2], [-1, 2], [-1, 2], [-1025, 520], [-1, 2], [-1, 2], [-1, 2], [-1, 2], [-1, 2], [-1, 2], [-1, 2], [-1, 2], [714, 1407], [-1, 2], [-1, 2], [-1, 2], [-1, 2], [295, -470], [-1, 2], [-1, 2], [-1, 2], [-1, 2], [-211, -1888], [-1777, -526], [-1, 2], [-1, 2], [-603, -264], [-957, 414], [642, -1329], [-1292, -3221], [-1, 2], [1, -2], [-1006, 497], [273, 894], [-1, 2], [336, 663], [-1, 2], [-1, 2], [276, -1167], [-981, 462], [1604, 2987], [-1, 2], [-1, 2], [-974, 463], [-68, -1409], [1, -2], [57, -1284], [1, -2], [-1076, -893], [-498, -519], [-64, 1073], [-1556, -3023], [135, -960], [-1, 2], [-1, 2], [-956, 397], [-1, 2], [-1, 2], [-918, -69], [-1539, -3042], [-1, 2], [-1040, -1805], [-1, 2], [1096, -137], [-603, -3504], [-69, 588], [2602, 91], [-1, 2], [-1008, 501], [-12, -621], [-798, -69], [-1, 2], [-699, -132], [-1, 2], [-1, 2], [-1, 2], [-1, 2], [-994, 473], [-858, -849], [-367, 764], [-989, 478], [-494, 1513], [387, 1956], [-1, 2], [-799, -1102], [-1655, -1310], [-1, 2], [-1, 2], [-983, 466], [-1, 2], [-1249, -2242], [-1, 2], [-991, 482], [-424, -427], [-608, -899], [1535, 170], [-1, 2], [-1, 2], [-1, 2], [-277, -1156], [-1, 2], [-1, 2], [-1, 2], [450, 1275], [-1, 2], [-271, 602], [-823, -634], [-489, -822], [-287, 64], [-1309, -3262], [-1015, 500], [-995, 490], [2159, -1318], [-1, 2], [-1, 2], [-138, -1509], [-1, 2], [-1, 2], [-1, 2], [-1474, -517], [-1021, 512], [-1, 2], [-388, -1519], [-1183, -184], [-1017, 504], [792, -1119], [-1, 2], [-1, 2], [-1, 2], [227, -454], [-546, -183], [1211, -682], [-526, 317], [-2623, -2374], [143, 1214], [-283, -994], [-1, 2], [-1084, -1717], [-129, -612], [-1, 2], [-1, 2], [-1049, -632], [-529, -472], [-1, 2], [-1, 2], [1, -2], [-1, 2], [587, 596], [1, -2], [254, -1033], [-1, 2], [-214, 1373], [-1, 2], [-1090, 545], [277, -1784], [998, 1769], [-1, 2], [-1, 2], [-1, 2], [1, -2], [-1, 2], [-1026, 507], [-627, -816], [-1, 2], [-1, 2], [248, 1799], [-1, 2], [-1, 2], [-135, -510], [-1, 2], [1, -2], [-1021, 512], [-1, 2], [187, -704], [1572, 3051], [-1017, 504], [-1, 2], [-1, 2], [-625, -430], [-1828, -1759], [-945, 450], [-1, 2], [1885, 2650], [-1, 2], [53, -736], [-1, 2], [-1019, 508], [-1, 2], [-956, -683], [-1, 2], [1292, 701], [140, -1645], [-1017, 504], [776, 1763], [-1002, 489], [131, 1118], [1, -2], [1587, 2916], [-1, 2], [-1569, -3042], [-1, 2], [-1062, 9], [-1510, -3115], [-50, 685], [1, -2], [-277, 704], [210, -1215], [1114, 1117], [-1, 2], [1, -2], [-1, 2], [-1, 2], [-417, 1194], [-1, 2], [-1015, -1420], [-1019, 508], [-1, 2], [-1, 2], [1213, -746], [-1, 2], [-1, 2], [-1, 2], [83, -766], [-1, 2], [547, 1906], [-1, 2], [1, -2], [1201, 1048], [1, -2], [-1, 2], [-597, -1896], [-854, -737], [-1, 2], [-272, 499], [1657, 466], [-961, -1558], [-423, 1266], [-1609, -3022], [-1, 2], [-516, -2313], [-1116, 567], [-1, 2], [-834, -1227], [1, -2], [-1, 2], [16, -1607], [-1, 2], [-1, 2], [-1, 2], [1562, 3041], [-1, 2], [-1016, 517], [-396, 1977], [-539, -2402], [-1, 2], [284, 197], [-69, 708], [-1026, -813], [-1329, 78], [-1, 2], [-1, 2], [-1, 2], [-1, 2], [-1, 2], [-1, 2], [-1701, -468]]

exec_time (ms): 246516.9961452484 ms
exec_time: 4m 6s 516.9961452484131ms