N: 85
n: 7
number_of_primes (d): 2
exp_register_width (qd): 6
primes: [2, 3]

R: 7315
T: 6
t: 15
delta: 0.0001367053998632946
delta_inv: 7315Percent of combinations (with positive values of result vector) that gives % N = 1: 30.5%
Percent of combinations (with positive values of result vector) that give p and q: 16.1%
Vectors that gives p and q: [[-22, -2012], [-2034, 988], [-486, 468], [-32, -1992], [12, 2032], [-662, -588], [100, -320], [1122, 724], [-2014, 324], [-680, -568], [-2030, 996], [106, -732], [2038, -1012], [-682, 556], [-670, -892], [1398, 284], [-212, 96], [92, -704], [126, -276], [-2040, 1000], [556, 928], [-368, -392], [2038, -1012], [-22, -2028], [-422, 1012], [-724, 48], [-538, -484], [-2030, 996], [172, -656], [-2020, 1008], [1344, -888], [-170, 716], [-106, -676], [-672, 328], [-8, -2024], [-2038, 1012], [1384, -152], [-2016, 984], [-620, -176], [374, -900], [2018, -1004], [-2024, 984], [-10, -2036], [802, -876], [-2016, 1000], [-582, -1276], [-1004, 736], [-14, -2028], [-8, -2008], [-566, 772], [-424, -696], [-104, 664], [-230, 388], [174, -276], [-2018, 972], [502, -644], [-20, -2016], [246, -548], [-126, 804], [2038, -1012], [26, -924], [-14, -2028], [36, 832], [148, 1888], [-2038, 1012], [-32, -872], [766, 28], [-352, 344], [2024, -1000], [446, 620], [-30, -1996], [250, 676], [136, -328], [578, -44], [62, -196], [474, 420], [990, -484], [324, -720], [770, 852], [150, -772], [2032, -1000], [170, -1004], [-4, -2032], [-552, 568], [-2026, 1004], [-1018, -516], [-702, -556], [682, 1300], [-572, -464], [2008, -968], [78, -196], [560, 376], [-516, 16], [318, -964], [-444, -864], [714, -28], [-802, -676], [2038, -1012], [-452, -624], [-580, -560], [2038, -1012], [-16, -2024], [-42, -740], [2038, -1012], [186, -284], [1008, -504], [-2030, 996], [-496, 152], [-2038, 1012], [-640, -600], [-540, 592], [-10, -2020], [-1688, 56], [-1020, -512], [84, 720], [16, 2024], [284, -784], [-1018, -516], [510, -84], [-10, -2020], [-10, -2036], [16, 424], [-680, 120], [-730, 140], [-1296, 440], [-2030, 1012], [30, 780], [-818, -484], [888, -808], [-1288, 344], [-2034, 988], [-1852, 912], [-2038, 1012], [-650, 252], [656, 632], [634, -812], [444, 560], [32, 552], [-812, 112], [934, -180], [-266, 44], [16, 2024], [-2014, 324], [-2008, 1000], [546, 996], [-32, -712], [246, -308], [-22, -812], [-320, -552], [-640, -936], [-2024, 1000], [22, 2028], [-2030, 1012], [422, -788], [-2008, 968], [-2040, 1016], [-614, -108], [-726, 164], [124, -944], [-760, 712], [-150, -124]]

exec_time (ms): 238264.64319229126 ms
exec_time: 3m 58s 264.64319229125977ms