N: 21
n: 5
number_of_primes (d): 2
exp_register_width (qd): 4
primes: [2, 5]

R: 4839
T: 5
t: 14
delta: 0.00020665426741062204
delta_inv: 4839Percent of combinations (with positive values of result vector) that gives % N = 1: 65.6%
Percent of combinations (with positive values of result vector) that give p and q: 65.6%
Vectors that gives p and q: [[1, -1], [-1, 1], [-1, 1], [-1, 1], [-1, 1], [-1, 1], [-1, 1], [-1, 1], [-1, 1], [1, -1], [-1, 1], [-1, 1], [-1, 1], [-1, 1], [-1, 1], [1, 2], [-1, 1], [-1, 1], [-1, 1], [1, 2], [-1, 1], [-1, 1], [-1, 1], [-1, 1], [-1, 1], [-1, 1], [1, -1], [-1, 1], [-1, 1], [-1, 1], [-1, 1], [-1, 1], [-1, 1], [-1, 1], [-1, 1], [-1, 1], [1, -1], [-1, 1], [-1, 1], [-1, 1], [1, 2], [-1, 1], [-1, 1], [-1, 1], [1, 2], [-1, 1], [-1, 1], [-1, 1], [-1, 1], [-1, 1], [-1, 1], [-1, 1], [-1, 1], [-1, 1], [1, 2], [1, -1], [-1, 1], [-1, 1], [1, 2], [-1, 1], [-1, 1], [-1, 1], [1, -1], [-1, 1], [-1, 1], [1, -1], [-1, 1], [-1, 1], [-1, 1], [-1, 1], [-1, 1], [-1, 1], [-1, 1], [-1, 1], [-1, 1], [1, -1], [-1, 1], [-1, 1], [-1, 1], [-1, 1], [-1, 1], [-1, 1], [1, -1], [-1, 1], [-1, 1], [-1, 1], [1, 2], [-1, 1], [1, 2], [-1, 1], [-1, 1], [-1, 1], [-1, 1], [-1, 1], [-1, 1], [-1, 1], [-1, 1], [-1, 1], [-1, 1], [-1, 1], [-1, 1], [-1, 1], [-1, 1], [1, 2], [-1, 1], [-1, 1], [1, -1], [-1, 1], [-1, 1], [1, -1], [-1, 1], [-1, 1], [-1, 1], [1, 2], [-1, 1], [-1, 1], [-1, 1], [-1, 1], [-1, 1], [-1, 1], [-1, 1], [-1, 1], [-1, 1], [-1, 1], [-1, 1], [-1, 1], [-1, 1], [-1, 1], [-1, 1], [-1, 1], [-1, 1], [-1, 1], [-1, 1], [-1, 1], [-1, 1], [-1, 1], [-1, 1], [1, -1], [-1, 1], [-1, 1], [-1, 1], [-1, 1], [-1, 1], [-1, 1], [-1, 1], [-1, 1], [-1, 1], [-1, 1], [-1, 1], [-1, 1], [-1, 1], [-1, 1], [-1, 1], [-1, 1], [-1, 1], [-1, 1], [-1, 1], [-1, 1], [-1, 1], [-1, 1], [-1, 1], [-1, 1], [-1, 1], [-1, 1], [-1, 1], [1, 2], [-1, 1], [-1, 1], [-1, 1], [-1, 1], [-1, 1], [-1, 1], [-1, 1], [-1, 1], [-1, 1], [-1, 1], [-1, 1], [-1, 1], [-1, 1], [-1, 1], [-1, 1], [-1, 1], [-1, 1], [-1, 1], [-1, 1], [1, 2], [-1, 1], [-1, 1], [-1, 1], [-1, 1], [-1, 1], [1, -1], [-1, 1], [-1, 1], [-1, 1], [-1, 1], [1, 2], [1, -1], [-1, 1], [-1, 1], [1, -1], [-1, 1], [-1, 1], [1, 2], [-1, 1], [-1, 1], [-1, 1], [-1, 1], [-1, 1], [1, -1], [-1, 1], [-1, 1], [-1, 1], [-1, 1], [-1, 1], [-1, 1], [-1, 1], [-1, 1], [1, 2], [-1, 1], [-1, 1], [-1, 1], [1, 2], [-1, 1], [1, -1], [-1, 1], [-1, 1], [1, -1], [-1, 1], [-1, 1], [-1, 1], [-1, 1], [-1, 1], [-1, 1], [1, -1], [1, -1], [-1, 1], [-1, 1], [1, -1], [-1, 1], [1, -1], [-1, 1], [-1, 1], [-1, 1], [-1, 1], [-1, 1], [-1, 1], [1, -1], [-1, 1], [-1, 1], [-1, 1], [-1, 1], [-1, 1], [-1, 1], [-1, 1], [-1, 1], [-1, 1], [-1, 1], [-1, 1], [-1, 1], [-1, 1], [1, 2], [-1, 1], [-1, 1], [-1, 1], [-1, 1], [-1, 1], [-1, 1], [-1, 1], [-1, 1], [-1, 1], [-1, 1], [-1, 1], [-1, 1], [-1, 1], [-1, 1], [-1, 1], [-1, 1], [-1, 1], [-1, 1], [-1, 1], [-1, 1], [-1, 1], [-1, 1], [-1, 1], [1, -1], [-1, 1], [1, -1], [-1, 1], [-1, 1], [-1, 1], [1, -1], [-1, 1], [-1, 1], [-1, 1], [1, -1], [-1, 1], [-1, 1], [-1, 1], [-1, 1], [-1, 1], [-1, 1], [-1, 1], [-1, 1], [-1, 1], [-1, 1], [1, -1], [-1, 1], [-1, 1], [-1, 1], [-1, 1], [-1, 1], [-1, 1], [-1, 1], [-1, 1], [-1, 1], [1, -1], [-1, 1], [-1, 1], [-1, 1], [-1, 1], [-1, 1], [1, 2], [-1, 1], [-1, 1], [-1, 1], [-1, 1], [-1, 1], [-1, 1], [1, 2], [-1, 1], [-1, 1], [1, -1], [1, -1], [-1, 1], [-1, 1], [-1, 1], [-1, 1], [-1, 1], [-1, 1], [-1, 1], [1, 2], [-1, 1], [-1, 1], [-1, 1], [-1, 1], [-1, 1], [-1, 1], [-1, 1], [-1, 1], [-1, 1], [-1, 1], [-1, 1], [-1, 1], [-1, 1], [1, 2], [-1, 1], [-1, 1], [-1, 1], [-1, 1], [-1, 1], [-1, 1], [-1, 1], [-1, 1], [-1, 1], [-1, 1], [-1, 1], [-1, 1], [-1, 1], [-1, 1], [-1, 1], [-1, 1], [-1, 1], [-1, 1], [-1, 1], [-1, 1], [-1, 1], [-1, 1], [-1, 1], [-1, 1], [-1, 1], [-1, 1], [-1, 1], [-1, 1], [-1, 1], [-1, 1], [1, -1], [-1, 1], [-1, 1], [-1, 1], [-1, 1], [-1, 1], [-1, 1], [-1, 1], [1, 2], [1, -1], [1, 2], [-1, 1], [-1, 1], [-1, 1], [-1, 1], [-1, 1], [-1, 1], [-1, 1], [-1, 1], [-1, 1], [-1, 1], [-1, 1], [-1, 1], [-1, 1], [-1, 1], [-1, 1], [-1, 1], [-1, 1], [-1, 1], [-1, 1], [-1, 1], [-1, 1], [-1, 1], [1, -1], [1, -1], [-1, 1], [1, -1], [-1, 1], [-1, 1], [-1, 1], [1, -1], [1, -1], [-1, 1], [-1, 1], [-1, 1], [-1, 1], [-1, 1], [-1, 1], [-1, 1], [1, -1], [-1, 1], [-1, 1], [-1, 1], [-1, 1], [-1, 1], [-1, 1], [-1, 1], [-1, 1], [1, -1], [-1, 1], [-1, 1], [-1, 1], [-1, 1], [-1, 1], [-1, 1], [-1, 1], [-1, 1], [-1, 1], [-1, 1], [-1, 1], [1, -1], [-1, 1], [-1, 1], [-1, 1], [-1, 1], [-1, 1], [-1, 1], [1, -1], [-1, 1], [-1, 1], [-1, 1], [-1, 1], [-1, 1], [-1, 1], [-1, 1], [-1, 1], [-1, 1], [-1, 1], [-1, 1], [-1, 1], [-1, 1], [-1, 1], [-1, 1], [-1, 1], [-1, 1], [-1, 1], [-1, 1], [-1, 1], [-1, 1], [-1, 1], [-1, 1], [-1, 1], [-1, 1], [-1, 1], [-1, 1], [-1, 1], [-1, 1], [1, 2], [-1, 1], [-1, 1], [-1, 1], [-1, 1], [-1, 1], [-1, 1], [-1, 1], [-1, 1], [-1, 1], [-1, 1], [-1, 1], [-1, 1], [-1, 1], [1, 2], [-1, 1], [1, 2], [-1, 1], [1, 2], [-1, 1], [-1, 1], [-1, 1], [-1, 1], [-1, 1], [-1, 1], [-1, 1], [-1, 1], [-1, 1], [-1, 1], [-1, 1], [-1, 1], [-1, 1], [1, -1], [-1, 1], [-1, 1], [-1, 1], [-1, 1], [-1, 1], [1, -1], [1, -1], [-1, 1], [-1, 1], [-1, 1], [-1, 1], [-1, 1], [-1, 1], [1, -1], [1, 2], [-1, 1], [1, 2], [-1, 1], [-1, 1], [-1, 1], [-1, 1], [-1, 1], [-1, 1], [-1, 1], [1, 2], [1, -1], [-1, 1], [-1, 1], [-1, 1], [-1, 1], [-1, 1], [-1, 1], [-1, 1], [-1, 1], [-1, 1], [-1, 1], [-1, 1], [-1, 1], [-1, 1], [-1, 1], [-1, 1], [-1, 1], [-1, 1], [-1, 1], [-1, 1], [-1, 1], [-1, 1], [-1, 1], [-1, 1], [1, 2], [-1, 1], [-1, 1], [-1, 1], [-1, 1], [-1, 1], [-1, 1], [-1, 1], [-1, 1], [-1, 1], [-1, 1], [1, -1], [-1, 1], [1, -1], [1, -1], [-1, 1], [-1, 1], [1, -1], [-1, 1], [-1, 1], [-1, 1], [-1, 1], [-1, 1], [-1, 1], [-1, 1], [-1, 1], [-1, 1], [-1, 1], [-1, 1], [-1, 1], [-1, 1], [-1, 1], [1, 2], [-1, 1], [-1, 1], [-1, 1], [-1, 1], [-1, 1], [-1, 1], [-1, 1], [-1, 1], [-1, 1], [-1, 1], [-1, 1], [-1, 1], [-1, 1], [-1, 1], [-1, 1], [-1, 1], [-1, 1], [1, 2], [-1, 1], [1, -1], [-1, 1], [-1, 1], [-1, 1], [-1, 1], [1, 2], [-1, 1], [-1, 1], [-1, 1], [-1, 1], [-1, 1], [1, 2], [-1, 1], [-1, 1], [-1, 1], [1, -1], [-1, 1], [-1, 1], [1, 2], [-1, 1], [-1, 1], [1, -1], [-1, 1], [-1, 1], [-1, 1], [-1, 1], [1, 2], [-1, 1], [-1, 1]]

exec_time (ms): 114516.02911949158 ms
exec_time: 1m 54s 516.0291194915771ms