N: 35
n: 6
number_of_primes (d): 2
exp_register_width (qd): 5
primes: [2, 3]

R: 5431
T: 5
t: 14
delta: 0.00018412815319462345
delta_inv: 5431Percent of combinations (with positive values of result vector) that gives % N = 1: 90.7%
Percent of combinations (with positive values of result vector) that give p and q: 71.1%
Vectors that gives p and q: [[3, 3], [3, 3], [3, 3], [6, 0], [3, 3], [1, 1], [3, 3], [3, 3], [6, 0], [3, 3], [3, 3], [1, 1], [3, 3], [1, 1], [3, 3], [1, 1], [6, 0], [3, 3], [1, 1], [1, 1], [3, 3], [3, 3], [3, 3], [1, 1], [3, 3], [6, 0], [3, 3], [3, 3], [3, 3], [0, 6], [3, 3], [3, 3], [3, 3], [6, 0], [1, 1], [2, 8], [1, 1], [3, 3], [3, 3], [3, 3], [3, 3], [6, 0], [3, 3], [3, 3], [3, 3], [3, 3], [6, 0], [3, 3], [3, 3], [3, 3], [0, 6], [3, 3], [1, 1], [6, 0], [3, 3], [3, 3], [3, 3], [3, 3], [3, 3], [3, 3], [3, 3], [3, 3], [3, 3], [1, 1], [3, 3], [3, 3], [8, 2], [8, 2], [3, 3], [6, 0], [6, 0], [3, 3], [1, 1], [6, 0], [3, 3], [3, 3], [1, 1], [3, 3], [1, 1], [3, 3], [1, 1], [3, 3], [3, 3], [3, 3], [6, 0], [1, 1], [5, -7], [3, 3], [3, 3], [3, 3], [3, 3], [6, 0], [1, 1], [3, 3], [1, 1], [3, 3], [3, 3], [3, 3], [3, 3], [3, 3], [3, 3], [3, 3], [3, 3], [3, 3], [3, 3], [3, 3], [3, 3], [3, 3], [5, 5], [3, 3], [0, 6], [3, 3], [1, 1], [3, 3], [3, 3], [3, 3], [3, 3], [3, 3], [1, 1], [2, 8], [6, 0], [3, 3], [3, 3], [3, 3], [3, 3], [3, 3], [3, 3], [3, 3], [1, 1], [3, 3], [3, 3], [3, 3], [3, 3], [1, 1], [3, 3], [3, 3], [3, 3], [1, 1], [3, 3], [3, 3], [3, 3], [3, 3], [3, 3], [3, 3], [3, 3], [3, 3], [3, 3], [1, 1], [3, 3], [1, 1], [1, 1], [3, 3], [3, 3], [3, 3], [1, 1], [3, 3], [3, 3], [3, 3], [3, 3], [3, 3], [3, 3], [2, 8], [3, 3], [3, 3], [6, 0], [3, 3], [1, 1], [3, 3], [3, 3], [1, 1], [3, 3], [3, 3], [1, 1], [1, 1], [1, 1], [3, 3], [1, 1], [3, 3], [3, 3], [1, 1], [3, 3], [3, 3], [3, 3], [3, 3], [3, 3], [1, 1], [1, 1], [3, 3], [3, 3], [1, 1], [3, 3], [3, 3], [1, 1], [6, 0], [3, 3], [1, 1], [3, 3], [3, 3], [1, 1], [6, 0], [1, 1], [1, 1], [3, 3], [3, 3], [3, 3], [2, 8], [6, 0], [3, 3], [4, -2], [1, 1], [3, 3], [3, 3], [0, 6], [1, 1], [3, 3], [6, 0], [3, 3], [3, 3], [0, 6], [1, 1], [3, 3], [3, 3], [3, 3], [3, 3], [3, 3], [3, 3], [6, 0], [3, 3], [3, 3], [3, 3], [3, 3], [3, 3], [1, 1], [3, 3], [1, 1], [0, 6], [3, 3], [1, 1], [1, 1], [3, 3], [3, 3], [3, 3], [3, 3], [1, 1], [3, 3], [3, 3], [3, 3], [4, -2], [3, 3], [1, 1], [3, 3], [3, 3], [1, 1], [3, 3], [3, 3], [0, 6], [3, 3], [3, 3], [6, 0], [3, 3], [1, 1], [3, 3], [3, 3], [1, 1], [3, 3], [3, 3], [1, 1], [3, 3], [3, 3], [3, 3], [1, 1], [3, 3], [6, 0], [3, 3], [0, 6], [3, 3], [0, 6], [1, 1], [0, 6], [3, 3], [3, 3], [3, 3], [3, 3], [8, 2], [3, 3], [1, 1], [3, 3], [1, 1], [3, 3], [3, 3], [3, 3], [3, 3], [3, 3], [3, 3], [6, 0], [1, 1], [3, 3], [1, 1], [1, 1], [1, 1], [1, 1], [3, 3], [3, 3], [1, 1], [1, 1], [3, 3], [2, 8], [3, 3], [3, 3], [1, 1], [3, 3], [3, 3], [1, 1], [3, 3], [3, 3], [3, 3], [3, 3], [3, 3], [3, 3], [3, 3], [1, 1], [3, 3], [1, 1], [0, 6], [3, 3], [6, 0], [3, 3], [0, 6], [3, 3], [3, 3], [2, 8], [1, 1], [0, 6], [3, 3], [1, 1], [3, 3], [6, 0], [3, 3], [1, 1], [1, 1], [3, 3], [3, 3], [3, 3], [3, 3], [3, 3], [3, 3], [3, 3], [3, 3], [1, 1], [3, 3], [3, 3], [3, 3], [3, 3], [6, 0], [1, 1], [1, 1], [3, 3], [3, 3], [3, 3], [3, 3], [3, 3], [3, 3], [3, 3], [3, 3], [3, 3], [5, -7], [3, 3], [3, 3], [3, 3], [0, 6], [1, 1], [1, 1], [3, 3], [0, 6], [3, 3], [5, -7], [1, 1], [3, 3], [2, 8], [3, 3], [3, 3], [6, 0], [3, 3], [1, 1], [3, 3], [3, 3], [3, 3], [3, 3], [3, 3], [1, 1], [1, 1], [0, 6], [1, 1], [1, 1], [1, 1], [3, 3], [3, 3], [1, 1], [3, 3], [6, 0], [3, 3], [3, 3], [6, 0], [3, 3], [3, 3], [3, 3], [3, 3], [3, 3], [1, 1], [1, 1], [3, 3], [0, 6], [3, 3], [1, 1], [3, 3], [3, 3], [6, 0], [1, 1], [1, 1], [6, 0], [6, 0], [3, 3], [3, 3], [3, 3], [3, 3], [3, 3], [3, 3], [1, 1], [3, 3], [3, 3], [3, 3], [6, 0], [1, 1], [1, 1], [3, 3], [0, 6], [3, 3], [3, 3], [5, -7], [3, 3], [1, 1], [1, 1], [3, 3], [3, 3], [3, 3], [3, 3], [1, 1], [2, 8], [3, 3], [1, 1], [3, 3], [3, 3], [0, 6], [3, 3], [1, 1], [3, 3], [2, 8], [3, 3], [3, 3], [3, 3], [3, 3], [3, 3], [3, 3], [1, 1], [3, 3], [3, 3], [3, 3], [1, 1], [1, 1], [1, 1], [3, 3], [1, 1], [3, 3], [3, 3], [3, 3], [3, 3], [3, 3], [1, 1], [6, 0], [3, 3], [3, 3], [3, 3], [3, 3], [3, 3], [3, 3], [3, 3], [2, 8], [3, 3], [3, 3], [3, 3], [6, 0], [3, 3], [5, 5], [3, 3], [1, 1], [3, 3], [3, 3], [1, 1], [3, 3], [1, 1], [3, 3], [3, 3], [3, 3], [3, 3], [1, 1], [3, 3], [3, 3], [3, 3], [3, 3], [3, 3], [3, 3], [3, 3], [3, 3], [3, 3], [1, 1], [8, 2], [1, 1], [3, 3], [3, 3], [3, 3], [3, 3], [6, 0], [3, 3], [3, 3], [3, 3], [1, 1], [1, 1], [1, 1], [3, 3], [3, 3], [6, 0], [3, 3], [0, 6], [6, 0], [1, 1], [1, 1], [1, 1], [1, 1], [3, 3], [1, 1], [2, 8], [0, 6], [3, 3], [1, 1], [3, 3], [0, 6], [3, 3], [3, 3], [3, 3], [8, 2], [1, 1], [3, 3], [3, 3], [3, 3], [3, 3], [3, 3], [3, 3], [1, 1], [3, 3], [1, 1], [1, 1], [6, 0], [3, 3], [3, 3], [1, 1], [3, 3], [3, 3], [3, 3], [3, 3], [3, 3], [3, 3], [3, 3], [1, 1], [1, 1], [3, 3], [3, 3], [3, 3], [3, 3], [3, 3], [3, 3], [3, 3], [3, 3], [3, 3], [1, 1], [3, 3], [6, 0], [3, 3], [3, 3], [3, 3], [3, 3], [1, 1], [3, 3], [1, 1], [3, 3], [8, 2], [3, 3], [3, 3], [3, 3], [3, 3], [1, 1], [3, 3], [3, 3], [1, 1], [3, 3], [3, 3], [0, 6], [3, 3], [3, 3], [6, 0], [3, 3], [3, 3], [6, 0], [3, 3], [3, 3], [3, 3], [3, 3], [3, 3], [3, 3], [3, 3], [-2, 4], [3, 3], [3, 3], [3, 3], [3, 3], [3, 3], [3, 3], [1, 1], [3, 3], [6, 0], [3, 3], [3, 3], [8, 2], [3, 3], [1, 1], [1, 1], [1, 1], [1, 1], [3, 3], [1, 1], [1, 1], [3, 3], [1, 1], [3, 3], [3, 3], [3, 3], [3, 3], [3, 3], [1, 1], [3, 3], [3, 3], [3, 3], [3, 3], [3, 3], [3, 3], [3, 3], [0, 6], [3, 3], [3, 3], [1, 1], [3, 3], [3, 3], [3, 3], [3, 3], [3, 3], [3, 3], [3, 3], [3, 3], [0, 6], [3, 3], [1, 1], [3, 3], [3, 3], [3, 3], [3, 3], [3, 3], [3, 3], [3, 3], [3, 3], [3, 3], [1, 1], [3, 3], [1, 1], [3, 3], [3, 3], [1, 1], [3, 3], [3, 3], [3, 3], [1, 1], [3, 3], [3, 3], [1, 1], [1, 1], [3, 3], [3, 3], [3, 3], [0, 6], [3, 3], [3, 3], [1, 1], [3, 3], [3, 3], [0, 6], [3, 3], [8, 2], [3, 3], [3, 3], [3, 3], [3, 3], [1, 1], [3, 3]]

exec_time (ms): 242078.7205696106 ms
exec_time: 4m 2s 78.7205696105957ms