N: 39
n: 6
number_of_primes (d): 2
exp_register_width (qd): 5
primes: [2, 5]

R: 5431
T: 5
t: 14
delta: 0.00018412815319462345
delta_inv: 5431Percent of combinations (with positive values of result vector) that gives % N = 1: 96.4%
Percent of combinations (with positive values of result vector) that give p and q: 75.1%
Vectors that gives p and q: [[0, 6], [0, 6], [0, 2], [0, 2], [0, 6], [-3, 5], [0, 6], [0, 6], [0, 6], [0, 6], [0, 2], [0, 6], [-3, 5], [0, 6], [0, 6], [0, 6], [0, 6], [-3, 5], [0, 2], [0, 6], [0, 6], [0, 6], [0, 6], [-3, 5], [0, 6], [0, 6], [0, 6], [0, 6], [0, 6], [0, 6], [0, 6], [0, 6], [0, 6], [0, 6], [0, 6], [0, 6], [0, 6], [0, 6], [0, 6], [0, 2], [0, 6], [0, 6], [0, 6], [0, 6], [0, 2], [0, 6], [0, 6], [0, 6], [0, 6], [-3, 5], [0, 6], [0, 6], [-3, 5], [0, 2], [0, 2], [0, 6], [0, 6], [0, 6], [0, 2], [0, 6], [0, 6], [0, 6], [0, 6], [0, 2], [0, 6], [0, 6], [0, 6], [-3, 5], [0, 6], [0, 6], [0, 2], [0, 2], [0, 6], [0, 2], [0, 6], [-3, 5], [0, 2], [0, 6], [0, 2], [0, 6], [0, 2], [0, 2], [0, 6], [0, 6], [-3, 5], [6, 0], [0, 2], [0, 6], [0, 2], [3, 3], [0, 6], [0, 2], [0, 6], [0, 6], [0, 6], [0, 2], [0, 6], [0, 6], [0, 6], [0, 6], [0, 6], [0, 2], [0, 6], [0, 2], [0, 6], [0, 6], [-3, 5], [0, 6], [0, 2], [0, 6], [0, 6], [0, 6], [0, 6], [0, 2], [0, 6], [0, 6], [0, 6], [0, 6], [0, 6], [0, 2], [0, 6], [-3, 5], [0, 6], [-3, 5], [0, 6], [0, 6], [0, 6], [0, 6], [0, 2], [0, 6], [0, 6], [-3, 5], [0, 6], [0, 2], [0, 2], [0, 6], [0, 6], [0, 6], [0, 6], [0, 6], [-3, 5], [0, 6], [0, 2], [0, 6], [0, 6], [0, 6], [0, 6], [0, 2], [0, 6], [0, 2], [0, 2], [0, 6], [6, 0], [0, 6], [0, 6], [0, 6], [0, 6], [3, 3], [0, 6], [-3, 5], [0, 6], [0, 6], [0, 6], [0, 2], [0, 6], [0, 6], [0, 6], [0, 6], [0, 6], [0, 2], [0, 6], [0, 6], [0, 6], [0, 6], [0, 6], [0, 6], [0, 6], [0, 2], [0, 6], [0, 6], [0, 6], [0, 6], [0, 6], [0, 2], [0, 2], [0, 2], [0, 6], [0, 2], [0, 2], [-3, 5], [0, 6], [0, 6], [0, 6], [0, 6], [3, 3], [0, 6], [0, 2], [0, 2], [0, 6], [0, 6], [0, 6], [0, 2], [0, 6], [0, 6], [0, 6], [0, 6], [0, 6], [0, 2], [0, 6], [0, 2], [0, 6], [0, 2], [0, 6], [0, 6], [0, 6], [-3, 5], [0, 6], [0, 6], [0, 6], [0, 6], [0, 2], [0, 2], [0, 6], [0, 2], [-3, 5], [0, 6], [0, 2], [0, 6], [0, 2], [0, 2], [0, 2], [0, 6], [0, 6], [-3, 5], [0, 2], [0, 2], [0, 6], [0, 6], [0, 6], [0, 2], [0, 6], [0, 6], [0, 6], [-3, 5], [0, 2], [0, 6], [0, 6], [-3, 5], [0, 6], [0, 2], [0, 2], [0, 6], [0, 6], [0, 6], [0, 6], [0, 6], [0, 2], [0, 2], [0, 2], [0, 6], [-3, 5], [0, 2], [0, 6], [0, 6], [0, 6], [0, 6], [3, 3], [0, 6], [0, 6], [0, 6], [0, 2], [0, 6], [0, 6], [0, 6], [0, 6], [0, 2], [0, 2], [0, 2], [0, 6], [0, 6], [0, 6], [0, 2], [3, 3], [0, 6], [-3, 1], [0, 6], [0, 6], [3, 3], [0, 2], [0, 6], [0, 2], [0, 6], [0, 6], [0, 6], [0, 6], [0, 2], [0, 6], [0, 6], [0, 6], [0, 6], [0, 6], [0, 6], [0, 6], [0, 2], [0, 6], [0, 6], [0, 6], [0, 6], [0, 6], [-3, 5], [0, 6], [0, 2], [0, 6], [0, 6], [0, 6], [0, 2], [0, 6], [-3, 5], [0, 6], [0, 6], [0, 2], [0, 6], [0, 6], [0, 6], [0, 2], [0, 6], [-3, 5], [0, 2], [0, 2], [0, 2], [-3, 5], [0, 6], [0, 2], [0, 2], [0, 2], [0, 2], [0, 6], [0, 6], [0, 6], [0, 6], [0, 6], [0, 6], [-3, 5], [0, 6], [0, 6], [0, 6], [0, 2], [-3, 5], [0, 6], [0, 6], [0, 6], [0, 6], [-3, 5], [0, 6], [3, 3], [0, 6], [-3, 5], [0, 6], [0, 2], [0, 6], [0, 6], [0, 2], [0, 2], [0, 6], [0, 6], [0, 6], [0, 6], [0, 6], [0, 6], [0, 6], [0, 2], [0, 2], [0, 2], [0, 2], [0, 6], [0, 6], [0, 6], [0, 6], [0, 6], [0, 2], [0, 6], [0, 6], [0, 6], [-3, 5], [0, 2], [0, 6], [-3, 5], [-3, 5], [0, 6], [0, 6], [0, 6], [0, 2], [0, 6], [0, 6], [-3, 5], [0, 6], [0, 6], [0, 6], [-3, 5], [0, 2], [0, 6], [0, 6], [0, 6], [0, 2], [0, 2], [0, 2], [0, 2], [-3, 5], [0, 6], [-3, 5], [0, 6], [0, 6], [0, 6], [0, 6], [0, 6], [-3, 5], [0, 6], [-3, 5], [0, 6], [3, 3], [0, 2], [0, 6], [0, 6], [0, 6], [0, 6], [0, 6], [0, 6], [-3, 5], [0, 2], [0, 6], [0, 2], [-3, 5], [0, 2], [0, 2], [0, 6], [0, 6], [0, 2], [0, 6], [0, 6], [0, 6], [0, 6], [-3, 5], [-3, 5], [0, 6], [0, 2], [0, 6], [0, 2], [0, 6], [3, 3], [0, 2], [0, 6], [0, 6], [-3, 5], [0, 2], [0, 6], [0, 2], [-3, 5], [0, 2], [0, 6], [0, 6], [0, 6], [0, 6], [0, 6], [0, 6], [0, 6], [0, 6], [0, 6], [0, 6], [0, 6], [-3, 5], [0, 2], [0, 2], [0, 6], [0, 6], [0, 2], [0, 2], [0, 6], [0, 6], [0, 6], [0, 6], [0, 6], [-3, 5], [0, 2], [0, 2], [0, 6], [0, 6], [0, 6], [0, 6], [-3, 5], [0, 6], [0, 6], [0, 6], [0, 2], [0, 6], [0, 6], [0, 2], [0, 6], [0, 6], [0, 6], [0, 6], [0, 2], [0, 6], [0, 6], [0, 6], [0, 6], [-3, 5], [0, 2], [0, 2], [0, 6], [0, 6], [0, 6], [0, 6], [0, 6], [0, 6], [0, 6], [0, 2], [0, 2], [0, 2], [0, 6], [0, 2], [0, 6], [0, 2], [-3, 5], [0, 2], [-3, 5], [3, 3], [0, 2], [0, 2], [0, 2], [0, 2], [0, 6], [-3, 5], [0, 6], [0, 2], [0, 6], [0, 2], [0, 2], [0, 6], [0, 6], [0, 6], [0, 6], [0, 2], [0, 6], [-3, 5], [0, 2], [0, 6], [0, 6], [0, 2], [0, 6], [0, 6], [0, 2], [0, 6], [0, 6], [0, 6], [0, 6], [0, 2], [0, 6], [0, 6], [0, 6], [0, 6], [0, 6], [0, 6], [0, 2], [-3, 5], [0, 6], [0, 2], [0, 6], [0, 6], [0, 2], [-3, 5], [0, 6], [0, 2], [0, 6], [0, 2], [0, 2], [0, 6], [0, 6], [-3, 5], [0, 6], [0, 6], [0, 2], [0, 6], [-3, 5], [0, 2], [0, 6], [0, 6], [0, 2], [0, 6], [0, 2], [0, 2], [0, 6], [0, 6], [0, 2], [0, 6], [-3, 5], [0, 2], [0, 6], [0, 2], [0, 6], [0, 6], [0, 6], [6, 0], [0, 6], [0, 6], [0, 6], [0, 6], [0, 2], [0, 2], [0, 6], [0, 6], [0, 6], [0, 2], [0, 6], [-3, 5], [0, 6], [0, 2], [6, 0], [0, 6], [0, 6], [0, 6], [-3, 5], [0, 6], [-3, 5], [0, 6], [0, 6], [0, 6], [0, 6], [0, 2], [0, 2], [0, 2], [-3, 5], [-3, 5], [0, 6], [0, 2], [0, 6], [0, 2], [0, 2], [0, 2], [0, 2], [0, 2], [0, 2], [0, 6], [0, 6], [6, 0], [0, 6], [0, 6], [0, 6], [-3, 5], [0, 6], [0, 6], [0, 6], [0, 6], [0, 6], [0, 2], [-3, 5], [0, 6], [0, 6], [-3, 1], [0, 2], [0, 2], [3, 3], [0, 6], [0, 6], [0, 2], [0, 2], [0, 6], [0, 6], [0, 6], [0, 6], [0, 6], [0, 6], [0, 2], [0, 2], [0, 6], [0, 6], [0, 6], [0, 6], [0, 6], [0, 2], [0, 6], [0, 2], [-3, 5], [0, 6], [0, 6], [0, 6], [0, 6], [0, 6], [0, 2], [0, 6], [0, 2], [0, 2], [0, 2], [0, 2], [0, 6], [0, 6], [0, 6], [-3, 5], [0, 2], [0, 6], [0, 6], [0, 6], [0, 6], [0, 6], [0, 6], [0, 6], [0, 6], [0, 6], [0, 6], [0, 6], [-3, 5], [0, 6], [0, 6], [0, 6], [-3, 5], [0, 6], [0, 6], [0, 2], [0, 2], [0, 6], [0, 6], [0, 6], [0, 6], [0, 6], [0, 6], [0, 6], [0, 6], [0, 6], [0, 2], [0, 2], [0, 6], [0, 2], [0, 6], [0, 2], [0, 6], [0, 6], [0, 6], [0, 6], [0, 6], [0, 6], [0, 6], [0, 6], [0, 6], [0, 6], [0, 6], [0, 6], [0, 2], [0, 6], [0, 6], [0, 6], [0, 2], [-3, 5]]

exec_time (ms): 197316.9720172882 ms
exec_time: 3m 17s 316.972017288208ms