N: 69
n: 7
number_of_primes (d): 2
exp_register_width (qd): 6
primes: [2, 5]

R: 7315
T: 6
t: 15
delta: 0.0001367053998632946
delta_inv: 7315Percent of combinations (with positive values of result vector) that gives % N = 1: 61.4%
Percent of combinations (with positive values of result vector) that give p and q: 24.1%
Vectors that gives p and q: [[-3, 6], [-3, 6], [-5, -1], [-5, -1], [-5, -1], [-5, -1], [-3, 6], [-1, 2], [-3, 6], [-5, -1], [-5, -1], [-1, 2], [-1, 2], [-3, 6], [-1, 2], [-5, -1], [-3, 6], [-1, 2], [-3, 6], [-3, 6], [-3, 6], [-1, 2], [-5, -1], [-3, 6], [5, 12], [-3, 6], [-3, 6], [5, 12], [-5, -1], [-3, 6], [-3, 6], [-3, 6], [-3, 6], [-5, -1], [-3, 6], [-3, 6], [-5, -1], [-3, 6], [-3, 6], [-3, 6], [-5, -1], [-1, 2], [-3, 6], [-1, 2], [-3, 6], [-5, -1], [-3, 6], [-3, 6], [-1, 2], [-3, 6], [-5, -1], [-3, 6], [-3, 6], [-3, 6], [-1, 2], [5, 12], [-1, 2], [-3, 6], [-3, 6], [-3, 6], [-5, -1], [-5, -1], [-5, -1], [-5, -1], [-3, 6], [-5, -1], [-3, 6], [-3, 6], [-1, 2], [-3, 6], [-3, 6], [-3, 6], [-3, 6], [-3, 6], [-5, -1], [-3, 6], [-3, 6], [-3, 6], [-5, -1], [-5, -1], [-5, -1], [-3, 6], [-3, 6], [-3, 6], [-1, 2], [-3, 6], [-5, -1], [-3, 6], [-3, 6], [-5, -1], [-1, 2], [-1, 2], [-3, 6], [-3, 6], [-3, 6], [-1, 2], [-5, -1], [-1, 2], [-5, -1], [-3, 6], [-5, -1], [-3, 6], [-3, 6], [-5, -1], [-3, 6], [-3, 6], [-5, -1], [-3, 6], [-3, 6], [-3, 6], [-3, 6], [-5, -1], [-3, 6], [-5, -1], [-1, 2], [-3, 6], [-1, 2], [-5, -1], [-5, -1], [-3, 6], [-3, 6], [-5, -1], [-1, 2], [-3, 6], [-5, -1], [-5, -1], [-5, -1], [-5, -1], [-3, 6], [-3, 6], [5, 12], [-3, 6], [-1, 2], [-3, 6], [-5, -1], [-3, 6], [-1, 2], [-3, 6], [-3, 6], [-3, 6], [-1, 2], [-3, 6], [-3, 6], [-3, 6], [-3, 6], [-1, 2], [-1, 2], [-3, 6], [-1, 2], [-5, -1], [-3, 6], [-5, -1], [-1, 2], [-5, -1], [-5, -1], [-3, 6], [-3, 6], [-5, -1], [-3, 6], [-3, 6], [-5, -1], [-3, 6], [-3, 6], [-5, -1], [-3, 6], [-3, 6], [-3, 6], [-5, -1], [-5, -1], [-5, -1], [-5, -1], [-5, -1], [-1, 2], [-5, -1], [-5, -1], [-3, 6], [-5, -1], [-5, -1], [-3, 6], [-3, 6], [-3, 6], [-3, 6], [-3, 6], [-3, 6], [-3, 6], [-3, 6], [-3, 6], [-5, -1], [-3, 6], [-3, 6], [-5, -1], [-3, 6], [-5, -1], [-3, 6], [-3, 6], [-3, 6], [-5, -1], [-3, 6], [-3, 6], [-5, -1], [-3, 6], [-3, 6], [-3, 6], [-5, -1], [-5, -1], [5, 12], [-3, 6], [-1, 2], [-5, -1], [-5, -1], [-3, 6], [-3, 6], [-3, 6], [-3, 6], [-5, -1], [-3, 6], [-1, 2], [-5, -1], [-3, 6], [-3, 6], [-3, 6], [-5, -1], [-1, 2], [-1, 2], [-3, 6], [-3, 6], [-3, 6], [-3, 6], [5, 12], [-1, 2], [-3, 6], [-5, -1], [-3, 6], [-3, 6], [-5, -1], [-5, -1], [-3, 6], [-3, 6], [-3, 6], [-3, 6], [-3, 6]]

exec_time (ms): 268144.1767215729 ms
exec_time: 4m 28s 144.17672157287598ms