N: 33
n: 6
number_of_primes (d): 3
exp_register_width (qd): 5
primes: [2, 5, 7]

R: 11287
T: 3
t: 16
delta: 0.00010850933564202967
delta_inv: 9216Percent of combinations (with positive values of result vector) that gives % N = 1: 80.6%
Percent of combinations (with positive values of result vector) that give p and q: 54.5%
Vectors that gives p and q: [[1225, 722, 1511], [1647, 2082, -1725], [-1940, 879, 3352], [1329, -3314, 2091], [-3541, -837, 472], [-957, -2235, 1326], [-684, -1658, -1667], [2964, -1343, 884], [-1757, -2038, 1667], [-302, -1968, -1703], [-2104, -1805, 1842], [-1845, -1382, -861], [2549, -1591, 520], [179, 2127, 2004], [822, -50, 2799], [-960, -335, 3650], [-475, -1704, -1867], [-1474, -2387, 1786], [1791, 2061, -1830], [3683, 179, 2288], [-487, 688, -585], [1293, 1442, 947], [1469, 2321, -1724], [2321, 761, 340], [-4105, -796, 827], [-1621, -2614, 2211], [-1538, -2533, 2340], [2765, -1545, 870], [-268, -675, 604], [-1260, -475, -1600], [700, 686, 2143], [1846, 2082, -1877], [401, -2626, 1109], [-3071, 1635, -512], [-40, 1043, 2684], [-3341, -328, -2381], [-1205, -2324, 1763], [1344, -437, -3518], [-1796, -1987, 1922], [-3099, 1633, -424], [-432, -1816, -1817], [-2427, -1625, 2316], [3233, -1489, 324], [-796, -1664, -2029], [3584, 331, 2096], [-332, -1564, -1971], [1462, 2459, -2024], [3542, 414, 2191], [2599, -1438, 479], [759, -928, 2309], [-478, -1771, -1734], [-484, 777, -422], [-289, 2662, -1467], [-538, -1459, -1838], [2, 0, -1], [-1163, 716, -2363], [1491, 2210, -1733], [2, 0, -1], [2135, 1718, -1861], [-1051, -1447, 1162], [-3137, 1474, -487], [-782, -2428, 1007], [-316, -2125, -1272], [1778, -660, -1169], [3073, -1662, 445], [-3284, 1612, -287], [2978, -1570, 401], [-222, -2188, -1273], [1551, 2416, -2145], [-4043, -733, 260], [-1993, 1369, -1444], [-1525, -111, 3712], [2, 0, -1], [-2003, -1977, 1718], [457, 149, -2904], [1440, 849, -4098], [-955, -2457, 1824], [1693, 1443, 870], [-528, -1632, -1947], [1046, -3308, 2363], [-1081, 1237, -906], [-394, -2274, -1735], [2, 0, -1], [-1862, -2121, 1688], [-264, -1832, -1949], [1161, 1894, 29], [-2, 0, 1], [-31, -1424, 4301], [-554, 788, -719], [-2061, -1609, 1466], [-3669, -624, -845], [1371, -321, 1904], [1892, 2042, -1855], [1286, 1619, 584], [-18, -2089, -2168], [1730, 2117, -1884], [-3661, -899, 606], [756, -187, -3234], [-1765, -1893, 1686], [644, -434, -629], [402, 2718, -137], [-2883, 1602, -835], [122, -2039, -2258], [684, -2960, -1107], [569, -1519, -2604], [1759, 1980, -1877], [-3157, 1589, -282], [1179, 674, 1565], [-365, -2132, -2081], [-2009, -2193, 2148], [2645, -4285, 1390], [1522, -3380, 1619], [343, -4275, -874], [-340, -1642, -2011], [131, -2188, -2287], [-2179, -1478, 1853], [-875, -1874, -1517], [138, -824, 229], [-1797, -1912, 1815], [2, 0, -1], [90, -2462, -1311], [-509, 2814, 109], [-157, 1178, -385], [-184, 522, -2407], [24, -2122, -2173], [-1410, 1284, -773], [1552, 2240, -1811], [833, -752, 535], [1633, -3909, 1614], [2, 0, -1], [-625, -1678, -1759], [-604, -1593, -1602], [-2071, -2084, 2391], [-772, -1778, -1343], [1082, -2500, -1791], [3251, 478, 2261], [-1428, 770, 1289], [1354, 192, -3461], [2, 0, -1], [486, 4087, 498], [291, -2510, -1613], [-1218, -1110, -1351], [-535, -1315, -2100], [-122, -2624, 959], [2306, -1321, 394], [-1047, -365, -1804], [3373, -1501, 228], [35, -2561, 652], [-1267, -331, 3518], [951, 1529, -1156], [-952, 3499, -2292], [1112, -3759, 2362], [275, 152, -899], [-310, -1878, -1969], [2, 0, -1], [-3160, 1307, 206], [1920, 3967, 326], [266, 929, 2484], [2, 0, -1], [-3522, 300, -2569], [-910, -1873, -1574], [-1222, -535, 936], [-250, -1943, -1874], [-589, -963, 4168], [585, 516, 2513], [-2780, 1511, -262], [2108, 1390, 761], [-4274, -584, 805], [595, 1950, 1045], [-2526, 1479, -850], [-1810, -2072, 1809], [1413, 975, 1296], [2689, 1341, -354], [-883, -1587, -1362], [1835, 2087, -1974], [2, 0, -1], [3215, -1551, 282], [952, -1553, 1290], [-546, -1679, -1924], [2248, 1840, -2229], [-123, 2708, 1463], [-3677, -102, -2215], [2, 0, -1], [-320, -1700, -1925], [-830, -2524, -1517], [-2497, -1176, -197], [-585, 1288, -701], [-531, -1690, -1917], [330, -906, 477], [863, -3001, 2488], [1067, 633, -3542], [3633, 204, 2063], [2138, -463, -688], [326, -2067, 996], [987, -33, -530], [3378, -1738, 387], [3171, -1681, 514], [1177, -1129, 982], [-1125, 5044, 367], [1707, -1852, 1043], [1794, -925, 48], [-902, 397, 3192], [2464, 927, -1216], [2785, -1037, -366], [2, 0, -1], [852, 1515, -1166], [2356, 1132, 473], [2, 0, -1], [2, 0, -1], [-1763, 3811, -1948], [2316, 863, 76], [-1174, -1925, 1482], [2826, 354, 2719], [-1290, -1916, 1547], [3405, 234, 2317], [1895, 1760, -1735], [453, -3134, -1431], [-579, -1750, -1643], [-2330, -1121, 1992], [-561, -1869, -1774], [-321, -1819, -1684], [1413, 2190, -1649], [-2006, -1661, 1650], [-355, -1732, -1991], [-3484, 1619, -136], [-1388, -2268, 1505], [396, -952, 471], [-246, -2203, -1186], [-2907, 1580, -339], [1758, 1571, 454], [324, -1315, -2682], [-440, -1698, -1919], [598, -1561, 2278], [-3355, -540, -2005], [-2798, 1420, -501], [-93, 1274, -399], [-657, -1171, 1148], [859, -254, 2341], [-611, 2397, 1774], [-2295, -1728, 2051], [-3267, 1707, -688], [-128, -1003, 520], [-2066, -884, 1551], [1966, 1870, -1743], [2661, 690, 457], [2, 0, -1], [3175, -1468, 111], [-2753, 614, 1491], [-569, -1263, 928], [-224, -550, 3107], [-962, 156, 3519], [-1642, -155, -1384], [-1308, -2338, 1365], [2, 0, -1], [-1806, -2241, 1860], [-2561, 1515, -692], [2, 0, -1], [-1871, -1808, -931], [-513, -1760, -1551], [3288, 256, 19], [-566, -1387, -1978], [2, 0, -1], [153, -2423, 1152], [-571, -496, 585], [-811, -2600, 2083], [809, -428, 289], [-855, -1751, -1728], [2, 0, -1], [-1285, -2789, 1588], [-1639, -2567, -1194], [-3115, 1626, -407], [-1872, -1933, 1882], [711, -87, 3446], [1, -2, 1], [2181, 1429, 844], [347, 38, 2413], [866, -313, -922], [-541, -530, 513], [92, -1273, 520], [6, 2627, 218], [-1471, -1946, 1585], [-2660, 1530, -765], [-2651, -3058, -61], [1115, -3192, 2289], [-1450, -1734, 1523], [86, 1772, 2293], [-577, -2093, -1638], [1565, 974, 897], [2, 0, -1], [2026, 2260, -2783], [1803, 2078, -1755], [-399, -1904, -1735], [3593, 934, -647], [-3302, 1604, -627], [2475, -1104, -137], [1026, -4961, -276], [-1791, -2132, 1697], [1492, -684, -1463], [-2409, 1323, -544], [1987, -1090, -1751], [2, 0, -1], [3526, 206, 2425], [-663, -639, 602], [-3192, -641, -2382], [2306, -1086, 1739], [-2982, 1435, 126], [-2808, 1660, -931], [-411, -4059, 2816], [-706, 455, 3328], [-2511, -1263, 14], [2, 0, -1], [-1640, 785, -100], [-3399, 1683, -394], [3079, 395, 2488], [-577, -1695, -1884], [-3239, 1310, -83], [-452, 641, -796], [3202, -1396, 421], [-698, -873, -2060], [-1170, -2492, 1249], [-1532, -1781, 1618], [-1629, 972, -157], [315, 2701, -662], [-381, -1970, -1607], [-2632, 1263, -960], [2, 0, -1], [-123, -1959, -1718], [-1672, -1371, -892], [-135, -2536, -1863], [-1216, 146, 3121], [1933, 1987, -1808], [-1766, -1604, 1901], [-772, 1557, -698], [-2437, 1375, -1034], [-604, -1830, -1443], [1016, 469, -3336], [456, 2227, 1028], [1945, 265, -1280], [-3666, -420, -1907], [-1400, -2140, 1865], [3570, 218, 2379], [3974, 835, -362], [2, 0, -1], [2995, -759, 428], [-1389, 906, 105], [-2797, 1604, -737], [-1671, 407, -1626], [-159, 2354, 1939], [-862, -1930, -1539], [-491, -2078, -1711], [3460, -1760, 225], [-2898, 1653, -602], [-1477, -2050, 1801], [-3051, 1589, -460], [-1399, 1013, -3674], [1932, 1678, -1767], [1, -2, 1], [1094, 2234, -1555], [2, 0, -1], [1036, 406, -3485], [-359, -1609, -2090], [814, 1924, 765], [1835, 2092, -1749], [-2187, -3702, -645], [-1254, 930, 917], [-1275, 1708, -1111], [4586, 212, 563], [1752, 2285, -1866], [-2578, 2336, 1597], [2, 0, -1], [2795, -1421, 1092], [-3003, 1503, -132], [-767, -437, 630], [-1613, -643, 4030], [-1785, -2043, 1766], [-553, 315, -236], [-509, -1664, -1765], [-288, -1736, -1939], [-1126, 2352, -911], [-18, -197, 2528], [-2109, 1124, -521], [-103, 2300, 1529], [-1828, 938, -67], [-360, -1866, -1693], [2458, 954, 93], [1874, 1999, -1850], [1913, -1055, 96], [-3406, -558, -2201], [-1329, -1480, -953], [2, 0, -1], [3291, 496, 2465], [1137, -1174, 947], [-2532, 1587, -888], [1442, -570, -1311], [619, 774, 2635], [3201, -1469, 430], [-2, 0, 1], [-79, -2787, -1854], [277, -968, 745], [1005, -3532, 2069], [735, -146, -1073], [-1713, -1450, -971], [-3706, -572, -1593], [-680, -217, 1774], [-472, -1590, -1909], [-1034, 2648, 1811], [998, -412, -3285], [-441, -2046, -1625], [-59, -2322, -2029], [-545, -1524, -2107], [-733, -1573, -1520], [-97, 396, 3279], [1882, 1707, -1790], [2074, -1489, 866], [775, 2573, -1996], [-620, -1621, -1758], [-1694, 126, 3245], [-1682, -2054, 1859], [1241, 376, -3535], [2, 0, -1], [116, 1109, -606], [-447, -757, 580], [-2389, -1234, -3325], [-1360, 2392, -1109], [2383, -1430, 1041], [1815, 2101, -1922], [996, -159, -3520], [2319, -772, -1413], [2, 0, -1], [-1041, -2134, 1391], [1757, 2107, -1820], [-759, -462, 721], [-248, -1769, -1928], [3405, -1687, 364], [-133, 2703, 108], [-1222, -847, 3830], [2, 0, -1], [-166, -25, 2828], [-480, -1237, -2306], [3385, -1477, 24], [1941, 1265, 382], [-3564, 1753, -294], [-1794, -2048, 1743], [419, 38, 2607], [1863, 1697, -878], [425, 1099, 2512], [-3296, 1154, 315], [-1784, 740, 367], [-374, -1821, -1846], [-1638, -913, -910], [3334, -1573, 174], [3087, -1807, 1328], [-1159, -859, 1020], [-2, 0, 1], [-2361, 3715, -672], [1861, 431, 1000], [-400, -2191, 922], [1582, 2025, -1616], [-522, -522, 3315], [2, 0, -1], [-1354, -937, 4136], [-2556, -285, -2732], [-1503, -251, 3766], [2091, -384, -725], [2, 0, -1], [2, 0, -1], [2265, 3081, 348], [-2118, 218, 1173], [748, -2462, 1515], [-686, -2755, 998], [2, 0, -1], [-661, -1501, -1970], [1790, 2056, -1777], [-2053, 1292, -1305], [-1163, -1357, -1262], [-1099, -2079, 20], [-525, 2833, -316], [329, -1024, -2769], [1452, 1826, 907], [2150, 1459, 242], [-247, -1467, -2260], [1482, -2992, 2073], [-4, -2058, -2337], [-759, 925, -1298], [-3111, 1376, -199], [1974, -670, -1527], [1558, -460, -3399], [3927, 631, -628], [-749, -1526, -1641], [-73, -2408, -1255], [-1091, 553, -138], [478, -2537, -1600], [509, 2631, -504], [-1059, 1031, -1960], [-320, -1942, -1751], [-1262, -153, 3382], [-2094, -1953, 1898], [2, 0, -1], [2614, 1104, 315], [-2912, 1654, -647], [-2180, 1410, -755], [2, 0, -1], [-672, 1232, -1333], [2, 0, -1], [1196, -1614, 1755], [-463, -791, 606], [2, 0, -1], [3328, -980, -789], [-380, -1781, -1898], [309, -3452, -1403], [1994, 848, 687], [1754, -149, -1244], [-1722, 987, -668], [1221, 491, 1710], [3127, -1622, 423], [1830, 2139, -2328], [1351, 552, 1453], [1504, 1266, -1349], [1184, 2250, -917], [-1778, -2071, 1786], [1618, 3580, 731], [2018, 835, -1284], [2, 0, -1], [1100, 2205, -1680], [865, -504, -3087], [-23, -819, 412], [-2765, 1482, -789], [1953, 2091, -1896], [-628, 1285, -416], [3008, -1943, 572], [-3214, 1544, -441], [-1879, -1649, 80], [2058, 1945, -1954], [-2956, 1547, -446], [197, 2802, -1865], [2, 0, -1], [824, 2332, 1609], [101, 156, 2605], [1456, -3390, 1647], [709, -3274, -2079], [-3629, -470, -1893], [1134, 2332, -1711], [-488, -1835, -1826], [-330, -2358, -1219], [-1584, -2204, 1645]]

exec_time (ms): 573218.9671993256 ms
exec_time: 9m 33s 218.96719932556152ms