N: 51
n: 6
number_of_primes (d): 3
exp_register_width (qd): 5
primes: [2, 5, 7]

R: 11287
T: 3
t: 16
delta: 0.00010850933564202967
delta_inv: 9216Percent of combinations (with positive values of result vector) that gives % N = 1: 49.2%
Percent of combinations (with positive values of result vector) that give p and q: 25.3%
Vectors that gives p and q: [[1779, -1992, -1814], [-1779, 1992, 1814], [1779, -1992, -1814], [823, -1385, -423], [-1779, 1992, 1814], [-1779, 1992, 1814], [-1779, 1992, 1814], [-823, 1385, 423], [-823, 1385, 423], [-823, 1385, 423], [-823, 1385, 423], [1779, -1992, -1814], [823, -1385, -423], [1779, -1992, -1814], [823, -1385, -423], [823, -1385, -423], [-1779, 1992, 1814], [-823, 1385, 423], [823, -1385, -423], [1779, -1992, -1814], [823, -1385, -423], [-1779, 1992, 1814], [823, -1385, -423], [1779, -1992, -1814], [823, -1385, -423], [-823, 1385, 423], [1779, -1992, -1814], [-823, 1385, 423], [823, -1385, -423], [-1779, 1992, 1814], [1779, -1992, -1814], [823, -1385, -423], [-1779, 1992, 1814], [-1779, 1992, 1814], [-1779, 1992, 1814], [-1779, 1992, 1814], [-823, 1385, 423], [-1779, 1992, 1814], [-823, 1385, 423], [-1779, 1992, 1814], [823, -1385, -423], [823, -1385, -423], [-1779, 1992, 1814], [823, -1385, -423], [823, -1385, -423], [-823, 1385, 423], [-823, 1385, 423], [1779, -1992, -1814], [-823, 1385, 423], [-1779, 1992, 1814], [823, -1385, -423], [1779, -1992, -1814], [-1779, 1992, 1814], [-1779, 1992, 1814], [-1779, 1992, 1814], [1779, -1992, -1814], [-823, 1385, 423], [823, -1385, -423], [1779, -1992, -1814], [-1779, 1992, 1814], [-823, 1385, 423], [823, -1385, -423], [-1779, 1992, 1814], [1779, -1992, -1814], [1779, -1992, -1814], [-823, 1385, 423], [-823, 1385, 423], [1779, -1992, -1814], [-823, 1385, 423], [-1779, 1992, 1814], [823, -1385, -423], [-1779, 1992, 1814], [-1779, 1992, 1814], [-1779, 1992, 1814], [-823, 1385, 423], [-823, 1385, 423], [-1779, 1992, 1814], [823, -1385, -423], [1779, -1992, -1814], [-1779, 1992, 1814], [-1779, 1992, 1814], [-823, 1385, 423], [823, -1385, -423], [-1779, 1992, 1814], [-823, 1385, 423], [823, -1385, -423], [-1779, 1992, 1814], [1779, -1992, -1814], [823, -1385, -423], [-1779, 1992, 1814], [1779, -1992, -1814], [823, -1385, -423], [-1779, 1992, 1814], [1779, -1992, -1814], [823, -1385, -423], [-823, 1385, 423], [-823, 1385, 423], [-1779, 1992, 1814], [-1779, 1992, 1814], [-1779, 1992, 1814], [823, -1385, -423], [1779, -1992, -1814], [-823, 1385, 423], [-1779, 1992, 1814], [-1779, 1992, 1814], [-1779, 1992, 1814], [-1779, 1992, 1814], [-823, 1385, 423], [-1779, 1992, 1814], [1779, -1992, -1814], [1779, -1992, -1814], [823, -1385, -423], [-823, 1385, 423], [-823, 1385, 423], [-823, 1385, 423], [1779, -1992, -1814], [-823, 1385, 423], [823, -1385, -423], [-1779, 1992, 1814], [823, -1385, -423], [823, -1385, -423], [1779, -1992, -1814], [-823, 1385, 423], [-823, 1385, 423], [-1779, 1992, 1814], [-823, 1385, 423], [1779, -1992, -1814], [823, -1385, -423], [-823, 1385, 423], [-1779, 1992, 1814], [-1779, 1992, 1814], [1779, -1992, -1814], [-1779, 1992, 1814], [823, -1385, -423], [823, -1385, -423], [1779, -1992, -1814], [1779, -1992, -1814], [-1779, 1992, 1814], [823, -1385, -423], [1779, -1992, -1814], [-823, 1385, 423], [823, -1385, -423], [-1779, 1992, 1814], [-823, 1385, 423], [823, -1385, -423], [823, -1385, -423], [-823, 1385, 423], [-1779, 1992, 1814], [-1779, 1992, 1814], [-1779, 1992, 1814], [1779, -1992, -1814], [-823, 1385, 423], [823, -1385, -423], [1779, -1992, -1814], [-1779, 1992, 1814], [1779, -1992, -1814], [-823, 1385, 423], [-823, 1385, 423], [823, -1385, -423], [-1779, 1992, 1814], [823, -1385, -423], [823, -1385, -423], [-823, 1385, 423], [-823, 1385, 423], [1779, -1992, -1814], [-1779, 1992, 1814], [1779, -1992, -1814], [1779, -1992, -1814], [823, -1385, -423], [-823, 1385, 423], [-1779, 1992, 1814], [823, -1385, -423], [823, -1385, -423], [-1779, 1992, 1814], [823, -1385, -423], [-823, 1385, 423], [1779, -1992, -1814], [1779, -1992, -1814], [823, -1385, -423], [823, -1385, -423], [-1779, 1992, 1814], [823, -1385, -423], [-1779, 1992, 1814], [1779, -1992, -1814], [1779, -1992, -1814], [-1779, 1992, 1814], [-1779, 1992, 1814], [-1779, 1992, 1814], [-823, 1385, 423], [1779, -1992, -1814], [1779, -1992, -1814], [1779, -1992, -1814], [823, -1385, -423], [823, -1385, -423], [823, -1385, -423], [823, -1385, -423], [1779, -1992, -1814], [-1779, 1992, 1814], [823, -1385, -423], [-823, 1385, 423], [-823, 1385, 423], [-1779, 1992, 1814], [1779, -1992, -1814], [-1779, 1992, 1814], [1779, -1992, -1814], [-823, 1385, 423], [823, -1385, -423], [-1779, 1992, 1814], [-1779, 1992, 1814], [823, -1385, -423], [1779, -1992, -1814], [-823, 1385, 423], [823, -1385, -423], [823, -1385, -423], [823, -1385, -423], [-1779, 1992, 1814], [1779, -1992, -1814], [-823, 1385, 423], [1779, -1992, -1814], [1779, -1992, -1814], [-1779, 1992, 1814], [-823, 1385, 423], [823, -1385, -423], [-1779, 1992, 1814], [-823, 1385, 423], [-1779, 1992, 1814], [1779, -1992, -1814], [823, -1385, -423], [1779, -1992, -1814], [823, -1385, -423], [-1779, 1992, 1814], [1779, -1992, -1814], [-823, 1385, 423], [-1779, 1992, 1814], [-823, 1385, 423], [823, -1385, -423], [823, -1385, -423], [-823, 1385, 423], [823, -1385, -423], [-1779, 1992, 1814], [-823, 1385, 423], [1779, -1992, -1814], [-1779, 1992, 1814], [-823, 1385, 423], [-823, 1385, 423], [823, -1385, -423], [1779, -1992, -1814], [1779, -1992, -1814], [-1779, 1992, 1814], [-823, 1385, 423], [-1779, 1992, 1814], [-823, 1385, 423], [-823, 1385, 423]]

exec_time (ms): 450545.156955719 ms
exec_time: 7m 30s 545.1569557189941ms