N: 55
n: 6
number_of_primes (d): 3
exp_register_width (qd): 5
primes: [2, 3, 7]

R: 11287
T: 3
t: 16
delta: 0.00010850933564202967
delta_inv: 9216Percent of combinations (with positive values of result vector) that gives % N = 1: 51.6%
Percent of combinations (with positive values of result vector) that give p and q: 26.4%
Vectors that gives p and q: [[277, -754, 4175], [-916, 1866, -3136], [-1291, 2606, -901], [1367, -828, 2331], [1680, -4123, -1703], [931, -2156, -1769], [-1949, -2041, -184], [-535, 3514, -81], [-1890, -1889, -219], [0, -748, 2862], [538, -847, 2639], [-91, -1275, 5488], [-1100, 943, -857], [652, -1420, 634], [1069, -1822, -1129], [3050, -2149, 721], [12, -770, 2664], [-1745, 1341, -1374], [-2503, 913, -1188], [-1106, 2485, 903], [1688, 1647, 2663], [445, 558, -2157], [-3728, 1952, 1786], [-950, 1846, -1394], [2518, 107, 33], [-1927, -2059, -128], [-623, -1231, -3412], [-403, -1462, 2067], [-1279, 1702, 1339], [-330, 1358, -62], [-1878, -1776, -232], [-1916, -1922, -144], [1323, -2180, -709], [1304, -1983, -1475], [-1859, -2021, -234], [-2839, 836, -47], [-1130, -169, 921], [899, -741, -2228], [-1136, 1177, 1825], [-3278, 56, 1320], [-2007, -1801, -330], [-1849, -1233, -676], [-1110, 1512, 1292], [-1015, 2277, 492], [-372, 1288, -4306], [118, 753, -1861], [854, -1089, 809], [-1943, -553, -894], [-1969, -1891, -214], [-2005, -1823, -398], [-1932, -1786, -260], [-2038, -1999, -85], [1585, -1162, -2317], [1176, -2518, -56], [-2669, 459, -104], [-96, 895, -2857], [3152, -1084, 3590], [-1863, -1871, -232], [-1929, -2009, -52], [-1534, -160, 772], [1014, -2328, 240], [-1928, -1902, -148], [-617, -473, 1828], [-876, 2135, 643], [502, -660, -676], [1737, -2345, 134], [-1961, -2008, -165], [2195, 2086, 441], [-2678, 834, -1942], [1471, -362, -215], [170, 2089, 3799], [542, 273, -3153], [-841, 1310, -1167], [3, 884, -2725], [-1255, 1672, 1257], [64, 766, -2236], [-767, -215, 516], [1199, -1503, 250], [1101, -2482, -165], [-1862, -2016, -80], [544, 406, 2384], [43, 433, -2806], [-991, 1103, 1846], [500, 3408, -222], [-1988, -1810, -176], [1176, -788, 2374], [-1714, 183, -2895], [2255, 527, -1328], [-1040, -2128, -3098], [1115, -718, 777], [825, -32, -1867], [3642, -2124, -1560], [-1925, -2039, -94], [-1013, 2321, 530], [917, -1947, -1028], [279, 174, 2097], [3001, -541, 1106], [-601, 730, 3373], [1065, -683, 732], [-1976, -1928, -150], [-2699, 1225, -4148], [-1959, 1494, -2089], [1531, 2188, 975], [-1937, -1922, -251], [-668, 427, 2091], [-2052, -1924, -58], [-925, 2872, -793], [-1971, -1862, -149], [-437, -1081, 980], [1304, -2289, 999], [-2650, 617, -193], [1552, -268, 2206], [2836, 209, 201], [-1464, -10, 752], [203, 492, -2057], [-670, 2366, 446], [842, -1660, -1276], [-774, 1540, -3968], [1735, -2631, 2434], [-801, 1389, 1302], [-1717, 2455, -3304], [-1980, -1914, -124], [1742, -4004, -1680], [-2806, 830, -1522], [1666, -1308, 2484], [338, -2434, 1062], [-1686, -1557, -579], [-1862, -1464, -3008], [972, -1216, -1022], [1332, -730, 564], [2830, -215, 1755], [-53, 681, -2030], [-1327, 1394, 1815], [-1991, -1914, -201], [-176, 586, -1276], [-1228, 2480, -3006], [-1971, -2079, -136], [672, -1305, 2299], [-1617, -322, -1211], [17, -974, 2615], [-1198, 2721, -505], [-1919, -1925, -238], [-1286, -27, 3171], [-513, -1515, -1226], [3149, -1131, 3252], [-931, -286, 767], [-1895, -1832, -247], [-1983, -1996, -107], [920, -2058, -528], [-1480, -2003, -383], [-3761, 1978, 1861], [-1787, -2002, -81], [-3650, 1963, 1913], [-1945, -2065, 0], [-1532, -1553, -997], [2146, 32, 1724], [-1179, 2455, 322], [435, 590, -2475], [-2497, -1110, -399], [-2159, -1622, -205], [-563, 1438, -853], [-1922, 960, -1124], [141, 765, -2608], [-2011, -1971, -8], [-3169, -840, -553], [-1040, 1597, 657], [-806, 1196, 2464], [697, -1629, 1210], [67, 1198, -843], [-1020, 3046, 616], [923, -165, -2724], [-1713, -2026, -67], [11, 2572, -421], [712, -333, -2489], [905, -898, 807], [-295, -915, 3080], [-1105, 2305, -3290], [-1977, -1898, -107], [-2106, -1865, -27], [4125, -2019, -1844], [1338, -2753, 2933], [-318, 1019, -767], [2257, -1548, 1501], [-657, 270, 1881], [-1848, -2128, -154], [581, -793, 2214], [-2002, -1973, -47], [1086, -627, -2145], [-2052, 2762, -2172], [-989, 1215, 2512], [143, 2047, 628], [2109, -516, 1557], [-1941, 302, 2805], [414, -2134, 914], [679, -1875, 3298], [-21, -1062, 5141], [-775, 2100, -1335], [125, 1476, -2579], [640, -1229, 1511], [2441, 843, -2130], [-2301, -509, 1804], [1684, -1873, 2535], [2138, 1682, 2418], [-771, 2246, 199], [-838, 242, 1366], [-436, 1080, -2342], [732, -2651, -347], [-241, 1314, 3417], [-1592, 877, 1793], [-674, 1070, -2918], [-3781, 1964, 1767], [-1723, -231, -1112], [189, 1281, -2736], [3406, -2054, -1402], [936, -1930, -948], [-2012, -1762, -296], [-1098, 268, -1948], [3662, -1806, -2062], [-660, 1087, -2833], [-2003, -2009, -70], [663, -649, 2692], [1860, -3895, -1595], [-3608, 2248, 1442], [1790, -740, 1300], [-920, -1610, -1360], [-286, 1684, -3268], [-3273, 1963, 1292], [-77, 612, -2837], [1916, -3887, -2095], [-108, -539, -4675], [-1281, 1947, 1800], [1092, -1901, -697], [-2026, -1657, -199], [1447, -2701, 3808], [-70, 713, -3897], [-336, 2466, 224], [56, -4220, 962], [982, -1872, -1048], [-1967, -1861, -110], [-1423, -1891, -352], [-2341, 462, 225], [-738, 2455, -31], [342, 120, -1196], [-544, 971, 423], [-2144, -1653, -241], [-106, 579, -1383], [1397, -1350, 2199], [-39, -923, 2904], [-1202, 215, 1681], [583, -2049, 672], [1214, -1433, -2355], [3860, -2089, -1729], [-1965, -1869, -224], [257, 654, 2283], [2325, -2180, -955], [-1459, 55, 542], [424, 165, -887], [1746, 798, -1870], [-1260, 1863, -3037], [997, -414, 2055], [-2401, 410, 653], [-175, 778, -1117], [-1849, -1685, -348], [-2019, -1923, -196]]

exec_time (ms): 603452.0354270935 ms
exec_time: 10m 3s 452.03542709350586ms