N: 57
n: 6
number_of_primes (d): 3
exp_register_width (qd): 5
primes: [2, 5, 7]

R: 11287
T: 3
t: 16
delta: 0.00010850933564202967
delta_inv: 9216Percent of combinations (with positive values of result vector) that gives % N = 1: 59.5%
Percent of combinations (with positive values of result vector) that give p and q: 38.6%
Vectors that gives p and q: [[-641, -2725, 1621], [-1432, 913, -1935], [1402, -907, -3053], [1, -1, 1], [-618, -717, 1457], [-1443, -1641, 334], [431, -3071, 409], [1, -1, 1], [-1310, -1375, 1071], [-3125, -421, 487], [-1414, 1939, -2226], [140, 193, -2587], [-2783, -2245, 1544], [-1953, 1719, -1740], [-1974, 1521, -1414], [1, -1, 1], [1, -1, 1], [-1624, -329, 3227], [-993, 759, -630], [-934, -3749, -2462], [1700, 1117, -2770], [-1628, -775, 1681], [-728, -1897, -3562], [-997, -53, -1905], [-896, -1369, 1724], [-830, -1429, 1438], [163, -1813, -4437], [-1837, -1223, -1366], [3141, -2151, 1806], [426, -2103, -1591], [-2349, -555, -896], [491, -3083, 443], [2142, -2421, 2145], [-1698, -993, 2640], [1, -1, 1], [-1877, 881, 293], [3550, -91, -1342], [1, -1, 1], [-1180, -1385, -3520], [-1279, 901, 2786], [450, -2733, -356], [-2878, -545, 721], [-975, -1317, 1669], [-1, 1, -1], [-204, -2265, 1085], [-2463, -639, 910], [1, -1, 1], [1973, -2153, 2003], [-1313, 1313, -2006], [1, -1, 1], [-823, -1799, -2009], [-1657, 1021, -105], [1564, 1253, -3299], [1092, 1437, 1635], [-1, 1, -1], [-1581, 1077, 219], [-238, -2093, -3901], [-1664, 1919, -2071], [710, 4957, 652], [647, 259, -1040], [1, -1, 1], [-1131, -1029, -1626], [-2302, 1597, -1529], [-726, -1923, -880], [1760, -1139, -2518], [20, 325, -2691], [-1407, 879, 2698], [669, 2043, 3673], [2341, 3047, 330], [-1587, -459, 2594], [1, -1, 1], [-248, -2269, -3766], [-1143, -699, -1754], [3597, 2061, 593], [1, -1, 1], [1610, 25, -926], [1, -1, 1], [-1880, 1757, -1924], [-3983, -1951, 1887], [-3119, 11, 594], [86, -2873, 729], [467, -2681, 197], [-2038, 1447, -1218], [3221, 991, -976], [-1631, -487, 1146], [560, -1343, 2642], [3386, 361, -774], [2626, -1165, -2569], [798, 2175, -1787], [-596, -2131, 1435], [-1225, -149, 2199], [141, -2907, 1265], [-733, -3443, 2219], [-1819, 1435, -1572], [-1907, 1625, -1668], [-1242, -723, 1079], [-206, -307, 1009], [124, 2909, 1441], [-527, -943, 828], [581, -953, 1543], [-467, 1763, -86], [-1652, 1145, 153], [1564, -3559, -1783], [-1321, -1067, 1747], [1364, 619, -2667], [1, -1, 1], [-936, -639, 3198], [-3674, -1873, 1446], [511, -2869, 889], [-1555, 1999, -2169], [-1638, 1611, -1914], [3043, 179, -3197], [-260, -1429, -4228], [461, -2993, 457], [-2946, -21, -74], [-2945, -703, 1011], [3929, 1831, -1777], [798, -123, -1491], [-1627, -977, 3016], [1, -1, 1], [1138, -709, 195], [54, -2937, 101], [-1723, -683, -1586], [-1453, 907, -1896], [-3891, 423, 1172], [-81, -1845, -4377], [1629, -3447, -1632], [1591, -1345, -751], [-122, 479, -876], [377, -2951, 506], [-984, -1575, 1208], [451, -367, -2866], [-868, -1397, -3678], [1845, -1227, 1658], [-1462, 1513, -2180], [-2414, 1985, 680], [-999, 807, 2942], [-2676, -5571, -610], [-361, -1703, -4058], [-385, -2183, -3770], [3709, 1649, -1687], [1, -1, 1], [1, -1, 1], [1074, -3627, -2270], [-2977, 199, -630], [1, -1, 1], [661, 581, -1121], [-1568, -709, 742], [-307, -2063, -3989], [-1849, 1783, 469], [-4089, -1431, 1589], [1, -1, 1], [2927, -29, 194], [-1553, 1781, -1993], [-963, 4179, 886], [-3002, -475, 531], [-1138, 2161, 1165], [-2395, -251, 122], [-1288, -647, -1819], [-642, -3639, -2714], [-1735, 1813, -2051], [-41, -3007, 707], [-887, -1213, -3501], [161, 2383, -638], [1, -1, 1], [1, -1, 1], [987, -603, -1570], [-2947, -743, 989], [109, -1549, 172], [2828, -59, 916], [738, 909, -1098], [-1900, -3791, 670], [-2824, 457, -463], [-91, -2861, 1349], [2102, -1775, 1872], [2365, -439, 805], [-2558, 179, -324], [1, -1, 1], [-1472, -1171, -1825], [-1150, -371, 545], [-1792, 1159, -1778], [-1168, -1265, 2275], [1377, 831, -3470], [708, 573, -629], [395, -2207, -1625], [-2015, -649, 1525], [-2436, -627, 1001], [1, -1, 1], [1010, 325, 2223], [2163, -363, -159], [-4773, -843, -390], [1, -1, 1], [-82, -1637, -1858], [2602, -2089, -848], [-4932, 1209, 1402], [-1248, -1467, -1274], [-1748, 1901, -1532], [1, -1, 1], [-1475, -1501, -1693], [-1362, 1377, -2143], [-1542, 1707, -1883], [-796, -1139, -1885], [-1763, -379, 1147], [-1357, 877, 2455], [1474, 1385, -2730], [-957, -849, -1871], [-2243, 689, -664], [1, -1, 1], [-744, 1035, 2581], [2449, 605, -847], [3561, 33, -1217], [-1309, 1327, 602], [4030, 1943, -1515], [-1802, -433, -1560], [1, -1, 1], [1, -1, 1], [-1687, 421, 729], [-970, -1043, 1206], [-1537, 307, 105], [-1111, 1681, -2319], [-2513, 581, -814], [1677, -4017, -1833], [-1255, -1205, 1693], [-2258, 4247, -578], [-1347, -1785, -663], [-1005, -1437, 1898], [1, -1, 1], [-1689, -1017, -1100], [-2711, 983, -1127], [1658, -1283, -752], [-1269, -1599, 2998], [-1094, 983, -270], [-1454, 1661, -2078], [-1977, 1791, -1715], [1, -1, 1], [1, -1, 1], [1, -1, 1], [495, 465, -1561], [-2069, 1343, 2819], [606, -1797, -1618], [1, -1, 1], [-90, -1947, -4084], [14, -1415, -1836], [-2661, 861, -879], [603, 1323, 1248], [1, -1, 1], [-1260, 1017, -2139], [-1932, -1443, 3303], [1, -1, 1], [1931, 3067, 1026], [-1162, -1055, 2731], [-1386, -1443, -1537], [372, -2643, -3985], [1208, -653, -482], [-168, -2709, 55], [327, 2589, -1083], [-2729, -295, 91], [1, -1, 1], [1, -1, 1], [471, -777, 957], [-1634, 1901, -2115], [-735, -1557, -3980], [1, -1, 1], [691, 1847, -1319], [-194, -1903, -4115], [1, -1, 1], [-1838, 701, -672], [-2332, -695, 2338], [-1364, 983, 1566], [-792, 837, 153], [1364, -989, -1466], [1, -1, 1], [1, -1, 1], [915, -609, -2328], [267, 231, -2696], [-3368, -2077, 1450], [-254, -2077, -3641], [834, 1371, -1674], [-357, -1911, -3801], [1, -1, 1], [-1789, 919, 3153], [4432, 737, 1088], [1355, 895, -2377], [-1504, -1451, -1577], [-162, 2343, 1279], [1477, -391, -1083], [297, -1677, -2059], [-1471, -1613, 2793], [-1590, 1593, -2138], [1477, -1477, 1897], [-1868, -961, -897], [1511, 1729, 1283], [-1730, 2045, -2144], [304, 83, -2777], [-1894, 1423, -1526], [2731, 827, -535], [-1985, 1745, -1393], [-234, -525, 380], [2748, 2577, 728], [-961, -2045, -1360], [1746, -4017, -1948], [-3596, -1609, 1512], [-881, -529, 1376], [951, -477, -2167], [1, -1, 1], [2945, 217, -411], [1589, -1439, 1840], [-1096, -899, 1215], [-751, -1397, 1731], [-329, -2575, 1181], [3105, 87, -508], [1, -1, 1], [1, -1, 1], [-1384, 1717, -2236], [1553, -3473, -2222], [-525, 837, -2479], [-2794, -395, -23], [1974, -3975, -2272], [1, -1, 1], [-1326, 1107, -775], [1, -1, 1], [978, 1731, 1890], [-1681, 1423, -1938], [2052, -1617, -707], [-1914, 951, -861], [-1241, -1921, 2643], [1, -1, 1], [41, -2627, 1174], [144, 2775, -1190], [2025, 663, -757], [1, -1, 1], [-1351, 1003, -714], [-2399, -895, 118], [-1, 1, -1], [-662, -1795, -3404], [-694, 1213, -2240], [1236, 1917, -2561], [235, 401, -2697], [-1154, -1375, -1127], [-1545, 1935, -2138], [-1134, -837, 1161], [-1, 1, -1], [-111, -2265, -675], [437, 925, -897], [-1454, 1421, -2326], [-2857, -131, -109], [-240, -1527, -4294], [-1, 1, -1], [1146, -1377, -695], [-1157, 941, 2773], [2096, -4133, -2321], [-1626, 177, 729], [-1283, 503, -352], [126, -3651, 1156], [3320, 1027, -1081], [-1456, 1453, -1874], [1, -1, 1], [-167, -2311, -1347], [1268, 2011, 303], [-2115, 339, -1456], [-218, -1951, -3656], [-1396, 1495, -2047], [-1587, 1611, -1891], [-1616, 1691, -2143], [-1224, 549, -141], [-3015, -351, 615], [301, 899, -1318], [-2055, 453, -1509], [2012, 1345, 674], [-2437, -2963, -640], [3398, -11, -690], [1, -1, 1], [-3156, -2217, -1491], [-1200, 3267, 1667], [604, -895, 1206], [991, -1135, 2734], [1, -1, 1], [-1924, -1121, -1139], [-1488, 1425, -1929], [1, -1, 1], [1, -1, 1], [582, 2037, 3660], [-4160, -1705, 1571], [2180, -557, 141], [-796, -1985, -3229], [40, -2863, 554]]

exec_time (ms): 572903.6295413971 ms
exec_time: 9m 32s 903.6295413970947ms