N: 33
n: 6
number_of_primes (d): 2
exp_register_width (qd): 5
primes: [2, 5]

R: 5431
T: 5
t: 14
delta: 0.00018412815319462345
delta_inv: 5431Percent of combinations (with positive values of result vector) that gives % N = 1: 74.3%
Percent of combinations (with positive values of result vector) that give p and q: 48.5%
Vectors that gives p and q: [[699, -271], [-871, -981], [-471, 299], [-793, -603], [-1336, 1439], [193, 1023], [-506, -681], [-231, 1829], [-824, 651], [-575, 815], [290, -875], [1258, -387], [143, -1497], [-1636, -931], [415, -1985], [465, -2275], [137, -423], [-221, -471], [1516, 11], [1083, -2037], [-1131, 119], [1016, -389], [-314, 2261], [454, -1321], [147, 1067], [-1070, 45], [295, -625], [-1402, -977], [969, -2021], [-149, -679], [-15, -1195], [-469, 951], [551, -69], [-728, 707], [-1792, 293], [346, -1819], [120, 1515], [-904, -499], [-1835, -405], [1216, 2531], [308, -1137], [1251, -2119], [-783, 127], [5, -655], [-26, -1081], [-586, 169], [177, -693], [2002, -2113], [1213, 633], [-398, -1523], [598, -447], [889, -2111], [695, -795], [-1121, -51], [-384, -749], [-974, 1061], [41, -899], [117, 1077], [-40, 1335], [-269, 1271], [-1042, -167], [-523, -1173], [-1404, -399], [842, -2003], [127, -1233], [106, -1199], [-908, -1683], [1491, 651], [-1349, -2799], [-219, -579], [-1468, 217], [2284, 229], [-1499, -29], [-1148, 1127], [-305, 1425], [568, -1917], [-1755, 85], [-369, -999], [-603, -1413], [14, -711], [144, -801], [148, -1287], [1029, -601], [-1512, -497], [-681, 1199], [-1841, 189], [729, -471], [-805, 965], [-1919, 1121], [-1417, 803], [-79, -1259], [2048, -1127], [328, -437], [-644, -699], [1062, 967], [-964, -519], [714, -261], [902, 467], [-364, -2009], [-1075, 445], [-1161, 99], [1146, -1559], [-2440, -605], [1879, -591], [-1614, -479], [-2, 3], [815, 745], [-61, -601], [369, -1711], [448, -1307], [-1711, 159], [-1049, 131], [830, -1225], [154, -1931], [-1530, 345], [467, -1013], [-1479, 61], [-820, -15], [5, -625], [-417, -1197], [-2001, -1501], [57, 1017], [948, 453], [1037, -63], [350, -655], [2418, 753], [649, 879], [-289, 1681], [-1080, 95], [-471, -181], [482, -873], [-502, -1057], [-1276, -401], [-1169, 21], [678, -1367], [962, -613], [-1898, -1573], [-1271, 949], [1097, -133], [362, 2087], [-1952, -487], [-830, 435], [-728, 477], [-1297, -947], [-827, 993], [-653, 507], [-1413, 1197], [-47, 1213], [1341, -289], [-12, -1087], [-693, 1257], [-1344, -309], [193, 1113], [-806, -1161], [-1225, 755], [-1822, 83], [-2, 3], [-357, 73], [-1680, 75], [624, 959], [1879, 109], [-1033, -1603], [37, -603], [-395, 1405], [-640, 275], [397, -493], [1709, 979], [283, -637], [778, -937], [654, -1051], [-466, -1851], [359, -961], [16, 381], [-203, 1227], [470, -495], [-125, -1675], [-894, -379], [49, -551], [-863, 107], [261, -539], [205, -1285], [354, -541], [-726, 689], [-547, 133], [457, 127], [-684, 211], [196, -659], [-402, -887], [-897, -527], [572, 1337], [-295, 2165], [-1796, -2061], [-615, 35], [-425, -215], [-1316, 189], [-549, -779], [605, -685], [616, 31], [-1686, -431], [1300, -145], [612, 1227], [-464, -469], [1373, 1473], [884, -1101], [-86, 1249], [-2, 3], [69, -1911], [691, -1689], [176, -1919], [450, -1045], [-983, -523], [-1048, 717], [1027, 67], [233, -617], [-559, -1199], [-500, -865], [184, -1271], [-542, -2077], [-1814, -329], [-1375, -1085], [-1070, 675], [-346, -1521], [-63, 997], [2056, -999], [81, -1099], [979, 339], [-1444, -1309], [1299, -1161], [93, -927], [-1479, 121], [975, -1405], [66, -1909], [441, -859], [605, -1715], [-827, -527], [-527, -2397], [1000, -1785], [-1688, -493], [1446, -289], [1217, -693], [-1427, 2203], [-150, -2195], [-657, -597], [-1357, 303], [-988, -1203], [-571, -781], [982, 2767], [1184, -171], [-917, -167], [886, -2079], [-722, 663], [-1219, 1421], [-1156, -1071], [1928, 23], [2330, -295], [-2334, -899], [-22, 1693], [220, -805], [-2059, 1291], [-609, 611], [-347, 903], [-57, 1003], [1234, -1261], [1216, 1351], [-662, -627], [-526, -1271], [-631, -621], [649, 709], [1457, -933], [-990, -65], [347, -1313], [1089, -1341], [-1245, -885], [90, -1025], [931, 1321], [-170, 1755], [-440, -195], [390, -1475], [-1578, -13], [-1696, 679], [-185, -1315], [-207, -557], [-680, 205], [-1164, -529], [-1035, 105], [-762, -527], [809, -1311], [-1074, 621], [-150, -495], [-954, 691], [61, -739], [226, -1329], [-1303, 1277], [-2162, 1283], [196, 1671], [-377, 103], [-1194, 111], [-223, 1387], [-27, -1057], [383, -547], [885, -105], [-470, -1295], [2198, -647], [180, -525], [276, -1289], [713, -217], [-926, -401], [366, -1679], [-165, -2495], [41, -709], [-352, -1597], [-674, 851], [-726, -441], [1020, -1075], [2323, 1433], [1779, -81], [-579, 341], [680, 1275], [144, -511], [-87, -1517], [-1222, -627], [-3440, -405], [404, -701], [1460, -425], [-593, 1567], [994, -631], [382, -3563], [1041, -849], [1624, -161], [-68, -703], [370, -645], [669, -661], [6, 1281], [419, 549], [-578, 37], [829, -1381], [1573, 1143], [684, 669], [-737, -407], [528, 1473], [1026, -949], [-2206, 179], [-1738, -533], [287, -553], [549, 49], [2107, -3], [-1963, -403], [-627, 713], [-616, -1391], [-2155, -455], [1044, 1519], [-1909, -529], [-603, -1903], [670, -595], [-1154, 731], [168, 1383], [-796, 659], [-1364, -2899], [-804, 1391], [1895, 2165], [1122, 507], [329, -1601], [2015, 945], [-1233, 747], [-604, 1811], [487, 967], [1506, 701], [79, -751], [-394, 1641], [128, -617], [-79, -1579], [53, 1683], [-972, 793], [663, -1027], [-1652, -1017], [304, -1271], [-1663, -393], [-191, 1189], [-1086, 79], [-272, -417], [437, -513], [-540, -1285], [-1859, 841], [-805, -605], [193, 913], [320, -1715], [-35, -1095], [-293, -1453], [-1320, 85], [-174, -1449], [-2063, -173], [492, 327], [-1310, -1185], [-580, -25], [-42, -1257], [1627, 1377], [256, -549], [381, -649], [-1503, -703], [1143, -1327], [-1259, 1001], [-842, -1077], [1373, -247], [-1626, 219], [2002, 137], [90, -1645], [-1184, 401], [789, 1529], [-1976, -371], [174, -1221], [-1063, -93], [-660, -1155], [-236, 2299], [-1112, 193], [378, -577], [509, -381], [700, -655], [1146, -1819], [-1080, 105], [-45, 925], [-1472, -1557], [1776, -359], [-165, -585], [-1559, -289], [-922, 633], [789, -1511], [316, -1149], [444, -2311], [-988, 837], [-464, 1191], [2278, 1373], [39, -801], [514, -1801], [959, 419], [939, 1739], [391, -1529], [235, -435], [-573, 167], [878, -2007], [1167, -1543], [-1993, 347], [83, -557], [267, -1343], [-726, 9], [-1230, 1055], [-1277, -627], [-865, -445], [-1541, -1611], [-79, -569], [-1791, 59], [-2125, 55], [-1198, -1543], [-1844, 561], [-643, -633], [548, -867], [626, -1889], [1855, 645], [965, -175], [2524, -71], [-422, -237], [-502, 1683], [-181, -1621], [1001, -1749], [25, -605], [-2088, 157], [51, 1101], [-521, 789], [567, -843], [-2312, -427], [-454, -299], [-835, 915], [-59, 1241], [-123, 1587], [130, -675], [327, -423], [-74, -1639], [-593, -1353], [-509, -1119], [-716, -1871], [-874, 561], [653, 83], [951, -1119], [-857, 1543], [-1766, -931], [176, -609]]

exec_time (ms): 270916.2845611572 ms
exec_time: 4m 30s 916.2845611572266ms