N: 35
n: 6
number_of_primes (d): 2
exp_register_width (qd): 5
primes: [2, 3]

R: 5431
T: 5
t: 14
delta: 0.00018412815319462345
delta_inv: 5431Percent of combinations (with positive values of result vector) that gives % N = 1: 63.3%
Percent of combinations (with positive values of result vector) that give p and q: 40.9%
Vectors that gives p and q: [[-168, -1146], [-1937, 979], [-158, -2612], [-1362, -264], [730, -1856], [-703, 221], [-153, -2289], [228, -474], [868, -770], [-509, -509], [709, -1367], [-497, -509], [-597, -417], [761, 1601], [1392, -798], [1503, -789], [-462, -528], [-446, -560], [653, -175], [-461, -497], [-279, 597], [267, -921], [-1857, 303], [117, -291], [197, 2321], [-467, -527], [-486, -492], [703, -1025], [310, 2284], [1877, 1433], [-900, 222], [-1956, 342], [-804, 198], [793, -215], [726, -1812], [-243, -1467], [950, -2008], [1153, 337], [611, -1753], [753, -1827], [1920, -750], [2492, -454], [-652, 230], [1524, 990], [-1868, 430], [-743, -1115], [-678, 168], [-722, 244], [1167, 327], [-54, -1668], [-546, -504], [-288, 1230], [-451, -547], [-275, 1201], [-547, -475], [288, -918], [-444, -630], [815, -1873], [-899, 1345], [1455, -1533], [-655, 209], [-2089, 1031], [-381, 1167], [633, -1383], [854, -1372], [-482, -512], [-452, -554], [-405, -2241], [-772, 218], [-485, -509], [1664, 110], [-748, 1838], [-546, -444], [1285, -227], [188, 2366], [-1619, 85], [-1611, -1515], [-519, -495], [-523, -367], [667, -77], [384, 834], [-492, -474], [-608, -1646], [27, -1641], [421, -1379], [-1536, -834], [1949, -1051], [-1556, -86], [246, 1104], [-743, 217], [-531, -483], [1181, -919], [-1437, 1563], [-392, 2554], [1235, 947], [-513, 2355], [943, 1231], [1109, 461], [241, 2281], [-518, -452], [171, -1881], [-1135, -403], [1790, -124], [185, 1061], [-645, 243], [291, -1197], [-629, 739], [1309, -923], [2014, 1276], [-707, 265], [1266, -216], [-2430, 324], [913, -1883], [-1465, 803], [200, -622], [363, -645], [-479, -503], [1197, 837], [-687, 189], [1425, 909], [-1079, -323], [273, 1569], [-512, -446], [-520, -478], [-733, 179], [278, -1252], [460, -1358], [1475, -1429], [1451, -1489], [-1141, 359], [-1617, -2577], [-436, -562], [-468, -594], [-448, -514], [1470, 960], [-539, -431], [1346, -904], [-471, -531], [1657, -107], [-489, -501], [-357, -645], [-608, 1318], [-883, -1735], [-476, -530], [-497, -473], [79, -1697], [-462, -588], [-1332, 606], [-540, -630], [-513, -489], [455, 1427], [-542, -296], [207, -609], [2, -1552], [-718, 752], [-526, -568], [-486, -492], [-495, -495], [-1911, 945], [1047, -849], [211, -617], [-184, -1558], [703, -1397], [1934, -352], [-506, -464], [-1579, 197], [-518, -488], [307, -1097], [-485, -545], [-517, -397], [96, 1182], [-2534, 364], [232, -1190], [570, -192], [-1210, -328], [1478, -904], [-472, -574], [-551, 157], [-2505, 351], [-612, -426], [1444, -770], [758, -1240], [-1449, -213], [635, -1477], [-1791, 261], [-490, -472], [242, -652], [-438, -552], [-478, -544], [-1955, 973], [-521, -329], [-156, -1158], [-597, 135], [-505, -421], [-502, -532], [561, -1263], [-1235, 793], [-897, 1395], [-791, 709], [1139, 491], [-1889, 835], [665, -727], [-1703, 277], [-660, 150], [1262, -700], [-538, -484], [951, -1461], [1759, -953], [-440, -506], [-505, -517], [1317, 1557], [-951, 1245], [-495, -507], [-424, -538], [-454, -556], [-240, 714], [-475, -451], [-418, -592], [-412, -526], [-1165, -313], [-828, -378], [-469, -445], [-1414, -880], [716, -142], [-720, 102], [-462, -540], [-529, -409], [329, -1291], [-466, -508], [-353, -617], [-1427, 2893], [206, -688], [721, -755], [745, -839], [2095, -1193], [-260, 1210], [-889, 323], [-525, -525], [1877, -1075], [-1242, 300], [-575, 181], [-784, 302], [-488, -470], [-1018, -1108], [-944, 1294], [-468, -510], [-731, 361], [1054, -212], [688, -194], [-527, -407], [727, -269], [189, -903], [103, -2453], [-881, -2117], [-785, 139], [-200, 574], [-853, -1981], [-1842, 432], [269, -571], [-461, -557], [540, -1206], [1722, -288], [104, -2374], [-1324, 830], [-1386, 660], [-1944, 942], [-770, 808], [-469, -493], [-736, 1838], [287, -2545], [-924, 1782], [-457, -457], [-455, -479], [-987, 249], [-620, 238], [1515, -1449], [85, 2401], [228, 1674], [-892, 230], [-312, 1122], [-375, -1107], [-475, -499], [-791, 1165], [-474, -528], [-969, 639], [483, -2457], [-1561, 839], [-1451, 37], [-697, 239], [-1454, 88], [667, 127], [-481, -493], [-449, -509], [-1753, 227], [795, -141], [790, -1400], [1344, -918], [976, -842], [-471, -447], [608, -178], [983, -1945], [549, 1185], [-756, -2034], [1656, -114], [1008, 606], [277, 637], [-458, -584], [-453, -573], [2256, 474], [-198, -1464], [-470, -548], [-575, -407], [-490, -484], [-420, -522], [-904, -1306], [-1682, -668], [679, -1349], [-1281, -909], [2259, 519], [-922, 200], [-719, 1381], [1494, 936], [-2225, -269], [-503, -503], [-533, -377], [-62, 1624], [-679, 1265], [-1739, 229], [-492, -498], [-1185, 543], [-283, 941], [-573, 219], [-560, 178], [771, -1281], [540, 450], [964, 358], [345, -2559], [-1036, -850], [-507, -519], [554, -1228], [-517, -505], [-982, 2024], [195, -873], [-907, 425], [-307, 101], [-1775, 145], [298, -1808], [1583, -2125], [435, -177], [-468, -510], [-434, -512], [1916, -730], [2254, -1016], [-1064, 214], [-536, 1234], [603, 1179], [2345, 149], [313, -755], [1016, 854], [-355, 1169], [-169, 539], [975, -1341], [326, 1496], [-803, 157], [-612, 210], [991, -2021], [164, -550], [-392, -794], [-170, -1484], [-824, 1270], [-477, -537], [-864, 330], [-874, 344], [-552, -486], [376, -1154], [-557, -485], [-733, -1345], [975, -1257], [-492, 738], [-1124, 1318], [-797, 163], [-563, -431], [-408, -534], [288, 930], [1452, -930], [-240, -2370], [233, -631], [1042, 628], [667, 79], [-459, -579], [-1160, -134], [-497, -569], [2361, 165], [-513, -513], [-736, 158], [-254, 640], [770, -64], [-835, 1265], [-519, -411], [642, 1344], [1125, 825], [-663, 1281], [-396, 1050], [-633, 219], [-283, 857], [-431, -575], [-1337, -2657], [-523, -523], [-1245, 2103]]

exec_time (ms): 248474.51090812683 ms
exec_time: 4m 8s 474.51090812683105ms