N: 55
n: 6
number_of_primes (d): 2
exp_register_width (qd): 5
primes: [2, 3]

R: 5431
T: 5
t: 14
delta: 0.00018412815319462345
delta_inv: 5431Percent of combinations (with positive values of result vector) that gives % N = 1: 47.4%
Percent of combinations (with positive values of result vector) that give p and q: 27.7%
Vectors that gives p and q: [[1541, 493], [613, 909], [1844, 522], [-667, 309], [781, -427], [502, -1704], [-119, 1193], [-846, -508], [1590, -1780], [-620, -1030], [441, -807], [-700, 310], [-1534, -492], [503, -781], [-1522, -516], [1511, 503], [642, -1764], [463, -1441], [-2618, 356], [250, 640], [-597, 1759], [805, -895], [-353, 1271], [-682, 144], [-1375, 1405], [481, -1507], [430, -1440], [1155, -165], [382, -1444], [580, -1690], [348, -1346], [-799, -907], [411, -1497], [745, 1085], [-377, 1339], [-902, -616], [-964, -1302], [-738, -624], [-1357, -401], [1775, -25], [877, 2121], [-1981, -413], [1942, -844], [-1566, -508], [-831, -983], [427, -1429], [-387, 109], [-1434, 1708], [1001, -1307], [-683, 301], [678, -176], [-1497, 1319], [-450, 1460], [-723, 921], [-1266, 132], [-1187, 189], [-439, 1373], [808, 694], [804, -1758], [-348, -1154], [-658, 196], [-1237, 119], [-1505, -525], [-495, -315], [428, 774], [434, -1448], [-623, 141], [833, -1771], [-2034, 1008], [-1086, 252], [1163, -701], [815, -225], [-1014, -332], [-1536, -458], [310, -860], [453, -1471], [358, -1356], [-1528, -474], [-1247, 109], [-1270, 740], [-513, 191], [-2346, 172], [-432, 1734], [-1553, -449], [1502, 516], [-1065, 255], [-1762, 224], [773, -1011], [-1999, 973], [133, -791], [630, -1680], [273, -1311], [-560, -750], [-343, -1179], [612, -1614], [1151, -177], [44, 1662], [-156, 1862], [-1347, -691], [792, -514], [569, 737], [2063, -881], [2443, -581], [251, -637], [111, -597], [-1103, -1239], [648, 2094], [421, -1447], [1525, 485], [1136, 558], [-200, 990], [-349, 623], [-1172, 194], [-328, -1074], [-494, 1548], [-285, -1345], [-373, 1391], [-1504, -622], [-34, -1612], [543, -1541], [474, -1528], [1302, -1344], [855, 2275], [-692, -86], [-788, 66], [-1553, -489], [-377, -961], [-1493, -429], [1008, -866], [337, -659], [-559, -1187], [-398, 876], [28, 1654], [-241, 1287], [1360, -230], [1471, 703], [191, -697], [554, -1588], [424, -758], [209, -683], [-455, 1505], [989, 437], [1211, -17], [-1912, 154], [715, 455], [240, -650], [315, -1345], [-3, 1], [-185, -1185], [-494, 1488], [2323, 39], [-619, -127], [-1438, -564], [-589, 183], [-765, 1575], [761, -747], [-1459, -587], [-437, 1399], [-83, -1139], [-1373, 731], [-2166, -328], [1177, -239], [-1744, 258], [-484, -862], [-1239, 713], [-2142, -216], [-2214, 1328], [-552, -1206], [-1545, -485], [1499, -1053], [-352, 1414], [-1503, -539], [1831, -357], [-3, 1], [-715, 505], [-1341, 827], [261, -767], [164, 1542], [-827, -851], [-158, -544], [-1207, -1071], [-1569, -417], [-1707, -451], [-720, 130], [-108, -654], [366, -772], [918, 764], [468, -1526], [-5, -1045], [500, 1950], [1586, -252], [463, -741], [176, 838], [484, -1558], [-685, 995], [-771, 377], [-754, 268], [-197, -1181], [-545, -885], [-934, -612], [1822, -244], [473, -1491], [-540, -1210], [-1019, 1273], [450, -300], [323, -1441], [637, 641], [389, -763], [-638, -304], [522, -884], [-1537, -461], [-486, 392], [527, -1449], [-1857, 479], [-1772, 354], [234, -1308], [-464, 1498], [-242, 1264], [831, 603], [-346, -448], [587, -849], [513, -251], [36, -1222], [1200, -70], [195, -725], [1519, 527], [-1758, 156], [-253, -889], [95, -1205], [-1222, -1276], [404, -1398], [-1772, 274], [362, -684], [-1608, 906], [2124, 1102], [-700, -790], [-630, 200], [1186, -292], [-629, 83], [-874, -572], [-336, -418], [1762, 336], [-753, 91], [-1960, -130], [324, -718], [1326, 628], [383, -1401], [334, 1272], [1011, -697], [34, 672], [776, 1038], [62, 776], [-1461, 1307], [406, -1472], [-935, 1685], [-512, 254], [-623, 161], [1716, 178], [-1231, 97], [1425, 1185], [306, -712], [453, -1451], [1281, -407], [255, -725], [424, -1498], [-1446, 212], [425, -715], [300, -90], [254, 692], [-1007, -411], [-499, 633], [-236, 742], [-1202, 64], [117, -1039], [154, -928], [368, -1366], [209, 877]]

exec_time (ms): 261267.38691329956 ms
exec_time: 4m 21s 267.38691329956055ms