N: 69
n: 7
number_of_primes (d): 2
exp_register_width (qd): 6
primes: [2, 5]

R: 7315
T: 6
t: 15
delta: 0.0001367053998632946
delta_inv: 7315Percent of combinations (with positive values of result vector) that gives % N = 1: 47.5%
Percent of combinations (with positive values of result vector) that give p and q: 32.8%
Vectors that gives p and q: [[-1, 2], [-1997, 947], [-1, 2], [-301, -2874], [1255, -629], [-575, -885], [-563, -711], [-1, 2], [-1, 2], [-1, 2], [-1005, 492], [579, 1075], [1509, -1379], [779, 1577], [-1, 2], [-1423, -597], [407, -2948], [-1, 2], [-619, -489], [-1, 2], [-1, 2], [-123, -821], [-931, 839], [-1719, 28], [973, 1288], [-1, 2], [-1, 2], [-1, 2], [433, -1372], [711, 712], [-347, 1090], [-671, 154], [-1051, 529], [-1, 2], [-1, 2], [-419, 112], [-493, -686], [-835, 372], [-1497, 1410], [-767, 313], [-1, 2], [-1, 2], [-1, 2], [-955, 436], [-931, -701], [-1, 2], [-1845, -1051], [-1, 2], [-1, 2], [-1997, 958], [-1, 2], [1263, 488], [-1579, -230], [-1, 2], [351, -856], [-1, 2], [-1, 2], [987, 215], [-1, 2], [673, 975], [-1, 2], [-1009, 489], [-505, 3034], [-1, 2], [-1, 2], [-1, 2], [-1, 2], [-669, -928], [-1025, 510], [-967, -772], [-1, 2], [-385, 759], [-1, 2], [-1, 2], [-1, 2], [-787, -1242], [-2527, -1623], [2157, 460], [-1339, -743], [-697, 1746], [-971, 446], [-1, 2], [-1, 2], [495, 132], [-1, 2], [-1, 2], [1473, 1355], [-1497, -1956], [-2051, 1022], [-965, 401], [-813, -1157], [-1653, -2018], [-1, 2], [-1, 2], [-1, 2], [123, 502], [-1, 2], [-1989, 865], [-421, -489], [-1, 2], [1141, 1073], [-497, -326], [-1, 2], [-1, 2], [-1, 2], [-1, 2], [-1, 2], [-1393, -2120], [-1, 2], [-281, -450], [433, 718], [-1, 2], [-1, 2], [-47, -1072], [-1, 2], [31, 664], [-1031, 522], [1279, -237], [-3645, -311], [-2015, 983], [-1, 2], [-1, 2], [-1, 2], [-1, 2], [-1, 2], [-1237, 681], [-1013, 486], [-1, 2], [-1, 2], [-1, 2], [-1, 2], [-1, 2], [-843, -701], [-1, 2], [145, -2875], [237, -749], [1381, 2287], [-1429, -2147], [-1011, 493], [105, -2575], [-1, 2], [-1, 2], [-497, -799], [-1, 2], [363, -990], [-1, 2], [-1, 2], [-565, -2544], [-1017, 461], [1799, 472], [-1787, 241], [-1005, 492], [1123, -1311], [-1, 2], [-1, 2], [-1, 2], [-1, 2], [-1, 2], [-1, 2], [-1431, -2220], [-1829, 886], [-1029, 507], [-313, -782], [-1973, 866], [-1, 2], [-1, 2], [697, 443], [-943, 423], [-661, 2202], [535, -1356], [-249, 1697], [-1, 2], [-1, 2], [-2063, 1035], [-1, 2], [-1, 2], [-997, 487], [-1, 2], [-1023, 506], [-1007, 496], [-565, -2489], [1237, 2531], [-15, 624], [461, 970], [-983, 448], [693, -1430], [-1, 2], [-1, 2], [-1595, -2024], [-253, -319], [-1, 2], [-1, 2], [-1, 2], [2307, 2129], [-1, 2], [-63, -919], [1641, 524], [-1, 2], [-1, 2], [-1, 2], [297, -528], [-1383, -2173], [-9, -1511], [-1, 2], [-1, 2], [-585, -260], [-995, 450], [-1, 2], [-1, 2], [659, 1586], [-1, 2], [1987, -905], [-1, 2], [-1735, -1326], [-1, 2], [-1529, 143], [-397, 1817], [-1, 2], [-1011, 449], [-1, 2], [321, 458], [1525, 2098], [-1, 2], [-1, 2], [-379, -419], [-1015, 468], [81, 1026], [333, -2954], [-1211, -768], [-1, 2], [-1, 2], [-1003, 433], [-1, -702], [-489, -2674], [-1, 2], [-1, 2], [-1267, 1324], [-1, 2], [-1, 2], [-1, 2], [-975, 520], [-1, 2], [-1, 2], [-983, 1944], [-1, 2], [-1, 2], [-1661, -176], [1783, -1564], [-1, 2], [-345, 745], [-1, 2], [-707, -698], [-1399, -1426], [-951, 417], [-1, 2], [-1, 2], [-763, 2241], [-263, -1476], [-1, 2], [-959, 2083], [-1, 2], [1295, 457], [-951, -1200], [-809, -615], [2489, -512], [1721, 265], [-1, 2], [-1, 2], [769, -955], [2003, 845], [-629, -2482], [-1, 2], [-943, 434], [1375, 660], [-1, 2], [-1, 2], [-1459, 267], [449, 829], [-331, -394], [-591, -611], [-1005, 503], [-1, 2], [-1, 2], [-3003, -2519], [819, -351], [-1, 2], [-1001, 484], [-1, 2], [1477, 2106], [-1, 2], [-1, 2], [467, 694], [-1, 2], [573, 2572], [-1035, 519], [-1, 2], [247, -2782], [-1499, -1380], [-1, 2], [-1023, 473], [-1, 2], [327, -1798], [-973, 450], [1445, 2137], [-1, 2], [-381, -327], [-1, 2], [-993, 468], [-913, 363], [-1, 2], [393, -1094], [-1, 2], [-1, 2], [-1, 2], [-1, 2], [-1, 2], [-1, 2], [-1, 2], [-501, -857], [-1, 2], [-1, 2], [639, -277], [-911, 414], [-1, 2], [-1, 2], [-1021, 513], [-1, 2], [1467, 2181]]

exec_time (ms): 285300.5657196045 ms
exec_time: 4m 45s 300.5657196044922ms