N: 91
n: 7
number_of_primes (d): 2
exp_register_width (qd): 6
primes: [2, 3]

R: 7315
T: 6
t: 15
delta: 0.0001367053998632946
delta_inv: 7315Percent of combinations (with positive values of result vector) that gives % N = 1: 31.0%
Percent of combinations (with positive values of result vector) that give p and q: 16.9%
Vectors that gives p and q: [[372, -1527], [486, -804], [-606, 1260], [6, -624], [-1134, 882], [-1452, -27], [1506, 24], [486, 498], [-2418, 138], [-1074, 1530], [720, -3291], [1428, -1827], [288, 723], [102, -726], [618, 372], [312, -1125], [-48, -3027], [1116, -897], [-330, -1332], [726, 144], [810, 942], [-2340, 687], [-18, -696], [-1296, 633], [-1530, -18], [1536, 1239], [1950, 1500], [-276, 987], [-204, 1059], [1530, 24], [336, -1815], [0, -3207], [354, -1992], [492, -1749], [-42, -2856], [630, -684], [1542, 0], [-1662, 72], [1566, -1254], [306, 2250], [630, -636], [-888, 189], [-1260, 1437], [1224, 369], [-744, 153], [-1860, 1137], [-474, -2838], [750, -72], [288, -681], [360, -1347], [402, 324], [-360, 1833], [-468, -669], [-474, -1188], [216, -741], [-1530, 0], [762, 0], [-1344, 1179], [-732, 75], [-228, -1443], [-654, -168], [-1200, 639], [-768, -9], [-6, -3096], [396, 1239], [-1260, -165], [-696, 2991], [0, -831], [-918, 396], [30, -3138], [-786, 126], [-276, 813], [240, 1269], [1644, -87], [1380, 1827], [162, 1284], [1308, 777], [-1536, 1905], [-1392, -63], [-186, -528], [-1662, 30], [-144, 819], [-816, -861], [786, -804], [828, -2889], [-1536, -9], [-558, -804], [1050, -1062], [-1530, -6], [-1554, 6], [120, 2997], [-1380, 621], [-1308, -1869], [-486, -834], [1254, 240], [930, -882], [-684, 183], [-60, -1455], [-612, -933], [234, -666], [528, 969], [720, -645], [2568, -279], [-846, 132], [-1530, 24], [222, 1746], [2070, 822], [-1554, 54], [48, -771], [-702, -252], [1476, -9], [-594, 1794], [936, 2049], [-756, 513], [822, -234], [-294, 1242], [-924, 1461], [-30, -3048], [1434, -1530], [270, 1824], [-636, 579], [-1230, -960], [-858, -738], [-1524, -3], [-732, 87], [114, 630], [1680, -1497], [-126, -1800], [-1518, -12], [438, -1572], [90, -3018], [396, -783], [-714, -684], [-1494, -36], [1644, -21], [-744, 39], [1524, -39], [150, -702], [-1290, -768], [654, -1032], [372, -1197], [510, -888], [-6, -3084], [-546, 1224], [-48, -2931], [-18, -654], [-348, -1611], [-2508, 183], [-1548, -3], [-318, 1584], [-330, -2334], [1272, 171], [978, -780], [126, 786], [2292, 1263], [1374, 1212], [1098, 768], [-816, -1263], [300, -1785], [-1548, 27], [1518, -30], [-1524, -15], [-1530, 66], [-666, 420], [96, 3045], [1176, 147], [1506, 30], [1512, 21], [-750, 264]]

exec_time (ms): 281873.8875389099 ms
exec_time: 4m 41s 873.8875389099121ms