N: 95
n: 7
number_of_primes (d): 2
exp_register_width (qd): 6
primes: [2, 3]

R: 7315
T: 6
t: 15
delta: 0.0001367053998632946
delta_inv: 7315Percent of combinations (with positive values of result vector) that gives % N = 1: 28.6%
Percent of combinations (with positive values of result vector) that give p and q: 15.7%
Vectors that gives p and q: [[-1450, 1060], [1567, 785], [294, -1140], [716, 622], [-544, -242], [-1241, 749], [1619, -1595], [1392, -1410], [-1445, 1349], [116, -1766], [-542, -1768], [1594, 272], [-767, -625], [-646, 472], [-2618, -16], [-436, -854], [1549, -1501], [-2867, 287], [-719, -529], [1291, -307], [1926, 1152], [-196, -1526], [1481, -1493], [-1570, 1576], [-625, 397], [174, -1164], [1325, -1445], [-1032, 546], [-1612, 1582], [2494, 344], [678, 1248], [-1477, 1465], [-520, -2534], [-469, 2005], [974, -860], [1509, -1437], [-868, -2330], [-1443, -1185], [-1482, 1464], [-1586, 1544], [1567, -1555], [-1416, 462], [-1536, 1518], [-1355, 1475], [-1285, -1103], [-2216, 86], [-613, -1271], [-1450, 1420], [678, 1464], [-170, 1820], [1716, -1662], [-521, 2081], [-758, 320], [-1574, 1532], [1020, -2514], [-483, 2031], [306, -1044], [28, -1114], [-766, -704], [548, 2554], [966, -588], [468, -198], [1421, -1469], [-543, -1293], [-551, -2533], [2378, -464], [-489, 813], [-191, -1381], [-1528, 1462], [-1524, -78], [202, 548], [-1620, -90], [-745, 1885], [-579, -2373], [-1647, -81], [-745, -635], [-2129, -991], [-250, 976], [1597, -1585], [-551, -2533], [-84, 1326], [-1056, 534], [-104, -1090], [-633, 1353], [-158, -1072], [116, -1190], [-728, 182], [-2045, 1085], [468, 2538], [-1515, 1479], [699, 1281], [-3503, 419], [-1289, -535], [-499, -2537], [476, 2554], [745, -265], [607, 809], [764, -1190], [1381, -1441], [446, 2764], [-69, 1833], [-2218, -764], [-242, 1136], [-572, -154], [2272, 782], [-1740, -1194], [1215, -387], [-2063, -985], [890, 340], [1520, -1550], [-146, 1400], [714, -1236], [653, 1351], [-925, 337], [-1130, 116], [888, -150], [-1653, 1617], [-2624, -442], [3299, 73], [577, -1249], [-782, 380], [2040, 966], [1545, -1509], [-794, -472], [-1412, 1406], [-547, -2489], [1244, -158], [279, -1719], [615, 2517], [1081, -1357], [-1651, 1567], [-1359, 27], [1436, -1430], [542, 1300], [1510, 248], [1616, -1574], [612, -774], [-505, -2603], [-2029, -1007], [-875, -409], [1406, -1436], [-1571, 323], [-696, 354], [-2870, 20], [1564, -454], [1267, 1265], [-1919, 347], [43, -679], [1727, 97], [-1520, 470], [129, 1491], [-674, -772], [1189, 2423], [-796, 622], [-1130, -172], [-1536, -30], [513, 2547]]

exec_time (ms): 282323.1375217438 ms
exec_time: 4m 42s 323.1375217437744ms