N: 33
n: 6
number_of_primes (d): 3
exp_register_width (qd): 5
primes: [2, 5, 7]

R: 11287
T: 3
t: 16
delta: 0.00010850933564202967
delta_inv: 9216Percent of combinations (with positive values of result vector) that gives % N = 1: 77.9%
Percent of combinations (with positive values of result vector) that give p and q: 53.6%
Vectors that gives p and q: [[1, 1, 0], [1, 1, 0], [0, 2, 1], [1, 1, 0], [-1, -1, 0], [-2, 0, 1], [0, 2, 1], [-1, -1, 0], [1, 1, 0], [0, -1, 2], [1, 1, 0], [-1, 0, 3], [0, 2, 1], [3, -1, -2], [1, 0, -3], [4, -1, 0], [-1, -1, 0], [-1, 0, 3], [-2, 0, 1], [0, 2, 1], [-2, 0, 1], [0, 2, 1], [-1, -1, 0], [0, 2, 1], [0, -1, 2], [1, 1, 0], [-1, -1, 0], [1, 1, 0], [-2, 0, 1], [2, 0, -1], [1, 1, 0], [2, 0, -1], [-2, 0, 1], [1, 1, 0], [-1, -1, 0], [0, -1, 2], [-2, 0, 1], [0, -1, 2], [1, 1, 0], [0, -1, 2], [0, -1, 2], [1, 1, 0], [0, 1, -2], [0, -1, 2], [0, -1, 2], [1, 1, 0], [-2, 3, 0], [-2, 0, 1], [0, 3, 4], [0, 2, 1], [1, 1, 0], [0, 2, 1], [0, 2, 1], [1, 1, 0], [-1, -1, 0], [1, 1, 0], [1, 1, 0], [1, 1, 0], [-1, -1, 0], [0, 2, 1], [1, -1, 4], [0, -1, 2], [-1, -1, 0], [-1, -1, 0], [-3, 1, 2], [1, 1, 0], [-1, -1, 0], [-2, 3, 0], [0, 2, 1], [0, -1, 2], [1, 1, 0], [0, -1, 2], [1, 1, 0], [-2, 3, 0], [0, 4, -3], [0, -1, 2], [2, 0, -1], [1, 1, 0], [2, 0, -1], [1, 1, 0], [-2, 0, 1], [0, 2, 1], [0, -1, 2], [0, -1, 2], [0, -1, 2], [-2, 3, 0], [0, -1, 2], [1, -2, 1], [-1, -1, 0], [2, 0, -1], [-1, 2, -1], [-1, -1, 0], [2, 1, 2], [-2, 0, 1], [0, 2, 1], [1, 1, 0], [-2, 0, 1], [-1, -1, 0], [-1, 2, -1], [0, 2, 1], [-2, 0, 1], [-1, -1, 0], [-1, 0, 3], [0, 2, 1], [0, 2, 1], [0, -1, 2], [1, -2, 1], [0, -1, 2], [0, -1, 2], [1, 1, 0], [0, 2, 1], [-1, -3, 4], [1, 1, 0], [-1, -1, 0], [-1, -1, 0], [1, 1, 0], [-1, -1, 0], [1, 1, 0], [0, 2, 1], [-1, -1, 0], [0, -1, 2], [0, -1, 2], [-1, -1, 0], [1, 1, 0], [-2, 3, 0], [1, 1, 0], [1, -2, 1], [-1, -1, 0], [-1, -1, 0], [0, 2, 1], [-1, -1, 0], [0, 2, 1], [-1, -1, 0], [1, 1, 0], [1, 1, 0], [0, -2, -1], [-1, -1, 0], [0, 2, 1], [-1, -1, 0], [1, 1, 0], [-1, -1, 0], [1, 1, 0], [-2, 3, 0], [-2, 0, 1], [1, 1, 0], [0, 1, -2], [0, 2, 1], [-1, -1, 0], [0, -1, 2], [-1, -1, 0], [1, 1, 0], [1, 1, 0], [1, 1, 0], [1, 1, 0], [0, 2, 1], [1, 1, 0], [0, -1, 2], [-1, -1, 0], [1, 1, 0], [1, 1, 0], [-1, -1, 0], [2, 0, -1], [1, 1, 0], [0, -1, 2], [-1, -4, 1], [-1, -1, 0], [-2, 0, 1], [0, -1, 2], [-2, 3, 0], [1, 1, 0], [-1, -1, 0], [2, 1, 2], [-1, -1, 0], [0, 1, -2], [1, 1, 0], [1, -2, 1], [2, 1, 2], [0, -1, 2], [-1, 2, -1], [-1, -1, 0], [1, 1, 0], [0, 2, 1], [-1, 0, 3], [1, 1, 0], [2, 0, -1], [0, 2, 1], [0, -1, 2], [-1, 0, 3], [0, -1, 2], [-2, 0, 1], [2, 1, 2], [3, 3, 0], [-1, -1, 0], [1, -2, 1], [0, -1, 2], [-1, -1, 0], [-1, 0, 3], [0, 2, 1], [-1, -1, 0], [1, 1, 0], [1, 1, 0], [-1, -1, 0], [0, -1, 2], [-2, 3, 0], [1, 1, 0], [0, 2, 1], [-1, 0, 3], [1, 1, 0], [1, 4, -1], [-1, -1, 0], [1, 1, 0], [0, 2, 1], [0, -1, 2], [-2, 3, 0], [1, 1, 0], [-1, -1, 0], [1, 1, 0], [-2, 0, 1], [2, 0, -1], [-1, -1, 0], [3, 0, 1], [0, 4, -3], [1, 1, 0], [0, 2, 1], [-1, -1, 0], [0, 2, 1], [-2, 0, 1], [0, -1, 2], [0, 2, 1], [2, -2, 3], [-2, 3, 0], [1, 1, 0], [2, 0, -1], [-1, 0, 3], [0, 4, -3], [0, 2, 1], [1, 1, 0], [-2, 0, 1], [1, 1, 0], [1, -2, 1], [-1, 0, 3], [1, -2, 1], [-1, -1, 0], [0, 2, 1], [-1, 0, 3], [1, 1, 0], [-1, -1, 0], [1, 1, 0], [0, 1, -2], [0, -1, 2], [-1, -1, 0], [1, 1, 0], [-2, 0, 1], [-1, -1, 0], [1, 1, 0], [-1, -1, 0], [0, 2, 1], [0, 2, 1], [-1, -1, 0], [-1, -1, 0], [1, 2, 3], [-1, -1, 0], [1, 1, 0], [1, 1, 0], [0, 2, 1], [0, -1, 2], [1, 1, 0], [-2, 3, 0], [-1, -1, 0], [2, 1, 2], [1, 1, 0], [0, -1, 2], [-1, -1, 0], [1, 1, 0], [-1, -1, 0], [0, -1, 2], [1, 1, 0], [0, -1, 2], [0, -1, 2], [-2, 0, 1], [1, 1, 0], [0, 2, 1], [1, 1, 0], [1, 1, 0], [-1, -1, 0], [0, 2, 1], [-2, 0, 1], [0, 2, 1], [1, 1, 0], [1, -1, 4], [1, 1, 0], [-1, 2, -1], [-1, -1, 0], [0, 2, 1], [0, -1, 2], [0, 2, 1], [0, -1, 2], [0, -1, 2], [0, -1, 2], [0, 2, 1], [4, -1, 0], [-1, -1, 0], [-2, 0, 1], [0, 2, 1], [0, -1, 2], [0, 2, 1], [-1, -1, 0], [1, 1, 0], [0, -1, 2], [0, -1, 2], [0, 2, 1], [1, 1, 0], [-1, 2, -1], [1, 1, 0], [0, -1, 2], [-1, -1, 0], [1, 1, 0], [0, -2, -1], [-1, -1, 0], [-1, 0, 3], [1, 1, 0], [1, 1, 0], [1, 1, 0], [1, 1, 0], [-1, -1, 0], [1, 1, 0], [-1, -1, 0], [2, 0, -1], [-1, -3, 4], [1, 1, 0], [-1, -1, 0], [-1, -1, 0], [1, 1, 0], [0, -1, 2], [1, 4, -1], [-1, 0, 3], [-2, 0, 1], [2, 0, -1], [-1, -1, 0], [1, 1, 0], [-1, -1, 0], [0, 2, 1], [1, 1, 0], [-1, -1, 0], [1, 1, 0], [0, 2, 1], [-1, -1, 0], [-1, -1, 0], [0, 2, 1], [0, 1, -2], [0, 4, -3], [0, 2, 1], [1, 1, 0], [1, 1, 0], [0, 2, 1], [1, 1, 0], [0, -1, 2], [-1, 0, 3], [0, 2, 1], [-1, -1, 0], [1, 1, 0], [-1, 2, -1], [1, 1, 0], [-2, 0, 1], [1, 1, 0], [-1, -1, 0], [-1, -1, 0], [-1, -1, 0], [1, 1, 0], [3, 3, 0], [1, 1, 0], [1, 1, 0], [1, 1, 0], [0, -1, 2], [-1, -1, 0], [-1, -1, 0], [0, 2, 1], [-1, -1, 0], [1, 1, 0], [0, -1, 2], [0, 2, 1], [-1, 0, 3], [1, 1, 0], [0, -1, 2], [1, 1, 0], [0, 2, 1], [1, 1, 0], [2, -3, 0], [-1, -1, 0], [-1, 0, 3], [2, 1, 2], [0, -1, 2], [1, 1, 0], [1, 1, 0], [-1, -1, 0], [-2, 0, 1], [0, -1, 2], [1, 1, 0], [-1, -1, 0], [-1, -1, 0], [2, 0, -1], [-1, -1, 0], [-1, 3, 2], [0, -1, 2], [1, 1, 0], [-1, -1, 0], [-1, -1, 0], [1, 1, 0], [-2, 0, 1], [1, 1, 0], [-1, -1, 0], [-1, 0, 3], [0, -1, 2], [0, 2, 1], [-1, -1, 0], [-1, -1, 0], [1, 1, 0], [1, 1, 0], [-2, 0, 1], [0, 2, 1], [1, -2, 1], [1, 1, 0], [-1, 0, 3], [1, 1, 0], [1, 1, 0], [-1, -1, 0], [3, 0, 1], [1, 1, 0], [0, 2, 1], [2, 0, -1], [-1, -1, 0], [-1, 2, -1], [1, 1, 0], [-1, -1, 0], [1, 1, 0], [1, 1, 0], [1, 1, 0], [-2, 0, 1], [0, -1, 2], [1, 1, 0], [0, -1, 2], [-1, 0, 3], [-2, 3, 0], [0, -1, 2], [1, -2, 1], [1, -2, 1], [0, -1, 2], [0, 2, 1], [-1, -1, 0], [1, 1, 0], [-1, -1, 0], [0, -1, 2], [-2, 0, 1], [0, 2, 1], [1, 1, 0], [1, 1, 0], [-1, 0, 3], [0, 2, 1], [1, 1, 0], [0, 4, -3], [0, -1, 2], [0, -1, 2], [0, 3, 4], [0, 4, -3], [-2, 0, 1], [1, 1, 0], [1, 1, 0], [1, -2, 1], [-2, 0, 1], [-2, 0, 1], [0, 2, 1], [0, 3, 4], [1, 1, 0], [1, 1, 0], [-2, 0, 1], [1, 1, 0], [0, -1, 2], [1, 1, 0], [-1, 0, 3], [1, 1, 0], [-1, -1, 0], [0, -1, 2], [1, 1, 0], [0, 2, 1], [-1, 0, 3], [-1, 0, 3], [0, -1, 2], [0, 1, -2], [-1, 0, 3], [0, 2, 1], [1, 1, 0], [-1, -1, 0], [0, 2, 1], [-1, -1, 0], [0, -1, 2], [1, 1, 0], [1, 1, 0], [1, 1, 0], [1, 1, 0], [-1, 0, 3], [-1, -1, 0], [0, -1, 2], [-1, -1, 0], [-1, -1, 0], [1, 1, 0], [0, 2, 1], [1, 1, 0], [-1, -1, 0], [-2, 0, 1], [-2, 0, 1], [-1, 0, 3], [1, 1, 0], [0, -1, 2], [1, 1, 0], [-1, -1, 0], [-1, -1, 0], [1, 1, 0], [1, -2, 1], [0, 2, 1], [0, 2, 1], [0, -2, -1], [-1, -1, 0], [1, 1, 0], [0, 2, 1], [1, 1, 0], [-1, -1, 0], [0, 2, 1], [-1, -1, 0], [-1, -1, 0], [-1, -1, 0], [0, 2, 1], [0, 2, 1], [-1, 2, -1], [1, 1, 0], [1, 1, 0], [1, -2, 1]]

exec_time (ms): 607420.5865859985 ms
exec_time: 10m 7s 420.58658599853516ms