N: 35
n: 6
number_of_primes (d): 2
exp_register_width (qd): 5
primes: [2, 3]

R: 5431
T: 5
t: 14
delta: 0.00018412815319462345
delta_inv: 5431Percent of combinations (with positive values of result vector) that gives % N = 1: 79.7%
Percent of combinations (with positive values of result vector) that give p and q: 63.3%
Vectors that gives p and q: [[3, 3], [1, 1], [3, 3], [3, 3], [3, 3], [1, 1], [3, 3], [1, 1], [1, 1], [3, 3], [1, 1], [1, 1], [1, 1], [3, 3], [1, 1], [3, 3], [5, 5], [1, 1], [1, 1], [3, 3], [3, 3], [3, 3], [3, 3], [1, 1], [3, 3], [1, 1], [3, 3], [3, 3], [3, 3], [1, 1], [1, 1], [3, 3], [3, 3], [3, 3], [3, 3], [3, 3], [1, 1], [3, 3], [3, 3], [3, 3], [3, 3], [1, 1], [1, 1], [3, 3], [1, 1], [3, 3], [1, 1], [3, 3], [3, 3], [3, 3], [1, 1], [3, 3], [3, 3], [1, 1], [-1, -1], [1, 1], [3, 3], [3, 3], [3, 3], [3, 3], [1, 1], [1, 1], [1, 1], [3, 3], [1, 1], [3, 3], [3, 3], [1, 1], [3, 3], [3, 3], [3, 3], [1, 1], [3, 3], [3, 3], [3, 3], [3, 3], [3, 3], [1, 1], [1, 1], [1, 1], [3, 3], [3, 3], [3, 3], [3, 3], [1, 1], [1, 1], [1, 1], [1, 1], [3, 3], [3, 3], [1, 1], [1, 1], [1, 1], [1, 1], [3, 3], [3, 3], [1, 1], [1, 1], [1, 1], [3, 3], [1, 1], [1, 1], [1, 1], [1, 1], [1, 1], [1, 1], [1, 1], [3, 3], [1, 1], [3, 3], [3, 3], [1, 1], [3, 3], [3, 3], [1, 1], [3, 3], [3, 3], [3, 3], [3, 3], [1, 1], [3, 3], [3, 3], [1, 1], [3, 3], [1, 1], [-1, -1], [3, 3], [3, 3], [1, 1], [3, 3], [3, 3], [3, 3], [3, 3], [3, 3], [3, 3], [1, 1], [3, 3], [1, 1], [3, 3], [1, 1], [-1, -1], [3, 3], [3, 3], [3, 3], [3, 3], [8, 2], [3, 3], [1, 1], [3, 3], [1, 1], [1, 1], [3, 3], [3, 3], [3, 3], [1, 1], [3, 3], [1, 1], [1, 1], [3, 3], [3, 3], [1, 1], [3, 3], [3, 3], [3, 3], [1, 1], [3, 3], [3, 3], [1, 1], [1, 1], [1, 1], [1, 1], [3, 3], [1, 1], [3, 3], [3, 3], [1, 1], [1, 1], [1, 1], [3, 3], [1, 1], [3, 3], [3, 3], [3, 3], [3, 3], [1, 1], [3, 3], [3, 3], [1, 1], [3, 3], [3, 3], [1, 1], [3, 3], [3, 3], [3, 3], [3, 3], [3, 3], [1, 1], [3, 3], [1, 1], [3, 3], [3, 3], [1, 1], [3, 3], [3, 3], [3, 3], [3, 3], [1, 1], [3, 3], [3, 3], [3, 3], [3, 3], [1, 1], [1, 1], [3, 3], [1, 1], [3, 3], [8, 2], [8, 2], [1, 1], [3, 3], [1, 1], [3, 3], [1, 1], [3, 3], [3, 3], [3, 3], [3, 3], [1, 1], [1, 1], [3, 3], [1, 1], [1, 1], [1, 1], [1, 1], [1, 1], [1, 1], [1, 1], [1, 1], [3, 3], [3, 3], [1, 1], [3, 3], [3, 3], [1, 1], [3, 3], [1, 1], [3, 3], [3, 3], [3, 3], [3, 3], [3, 3], [1, 1], [1, 1], [3, 3], [1, 1], [3, 3], [3, 3], [3, 3], [3, 3], [1, 1], [3, 3], [1, 1], [1, 1], [3, 3], [1, 1], [1, 1], [3, 3], [1, 1], [3, 3], [1, 1], [3, 3], [1, 1], [3, 3], [3, 3], [3, 3], [1, 1], [3, 3], [1, 1], [3, 3], [3, 3], [1, 1], [1, 1], [3, 3], [3, 3], [1, 1], [1, 1], [3, 3], [3, 3], [1, 1], [3, 3], [3, 3], [1, 1], [1, 1], [1, 1], [3, 3], [3, 3], [3, 3], [1, 1], [1, 1], [3, 3], [3, 3], [3, 3], [1, 1], [3, 3], [1, 1], [1, 1], [1, 1], [3, 3], [1, 1], [1, 1], [3, 3], [1, 1], [3, 3], [1, 1], [3, 3], [3, 3], [3, 3], [1, 1], [1, 1], [3, 3], [1, 1], [3, 3], [1, 1], [1, 1], [3, 3], [3, 3], [1, 1], [3, 3], [3, 3], [3, 3], [3, 3], [1, 1], [3, 3], [1, 1], [3, 3], [1, 1], [1, 1], [1, 1], [3, 3], [3, 3], [3, 3], [3, 3], [3, 3], [3, 3], [3, 3], [3, 3], [3, 3], [3, 3], [1, 1], [1, 1], [3, 3], [1, 1], [3, 3], [3, 3], [1, 1], [1, 1], [1, 1], [1, 1], [3, 3], [3, 3], [3, 3], [1, 1], [1, 1], [3, 3], [1, 1], [3, 3], [1, 1], [3, 3], [3, 3], [1, 1], [1, 1], [3, 3], [3, 3], [3, 3], [3, 3], [3, 3], [1, 1], [1, 1], [1, 1], [3, 3], [1, 1], [3, 3], [1, 1], [3, 3], [1, 1], [1, 1], [3, 3], [3, 3], [3, 3], [3, 3], [3, 3], [3, 3], [3, 3], [3, 3], [1, 1], [3, 3], [3, 3], [3, 3], [3, 3], [1, 1], [3, 3], [1, 1], [1, 1], [1, 1], [3, 3], [3, 3], [3, 3], [3, 3], [1, 1], [-1, -1], [1, 1], [8, 2], [1, 1], [3, 3], [3, 3], [1, 1], [3, 3], [3, 3], [3, 3], [3, 3], [3, 3], [3, 3], [3, 3], [3, 3], [3, 3], [3, 3], [1, 1], [3, 3], [3, 3], [3, 3], [3, 3], [3, 3], [3, 3], [3, 3], [1, 1], [1, 1], [3, 3], [1, 1], [3, 3], [3, 3], [1, 1], [3, 3], [3, 3], [1, 1], [3, 3], [3, 3], [1, 1], [3, 3], [1, 1], [-1, -1], [3, 3], [3, 3], [3, 3], [3, 3], [3, 3], [3, 3], [1, 1], [3, 3], [1, 1], [3, 3], [3, 3], [1, 1], [3, 3], [1, 1], [1, 1], [3, 3], [3, 3], [1, 1], [3, 3], [3, 3], [1, 1], [1, 1], [1, 1], [3, 3], [3, 3], [3, 3], [1, 1], [1, 1], [1, 1], [3, 3], [3, 3], [8, 2], [3, 3], [3, 3], [3, 3], [1, 1], [3, 3], [3, 3], [5, 5], [1, 1], [3, 3], [1, 1], [1, 1], [3, 3], [1, 1], [3, 3], [3, 3], [3, 3], [1, 1], [3, 3], [3, 3], [3, 3], [1, 1], [3, 3], [1, 1], [1, 1], [3, 3], [3, 3], [1, 1], [3, 3], [3, 3], [3, 3], [1, 1], [3, 3], [3, 3], [1, 1], [3, 3], [3, 3], [1, 1], [-1, -1], [3, 3], [1, 1], [1, 1], [1, 1], [1, 1], [3, 3], [1, 1], [1, 1], [3, 3], [3, 3], [1, 1], [1, 1], [3, 3], [1, 1], [3, 3], [3, 3], [3, 3], [1, 1], [1, 1], [3, 3], [1, 1], [3, 3], [1, 1], [3, 3], [1, 1], [3, 3], [1, 1], [3, 3], [3, 3], [1, 1], [1, 1], [3, 3], [3, 3], [1, 1], [3, 3], [1, 1], [1, 1], [3, 3], [1, 1], [3, 3], [3, 3], [3, 3], [3, 3], [8, 2], [3, 3], [1, 1], [3, 3], [3, 3], [3, 3], [1, 1], [3, 3], [1, 1], [3, 3], [1, 1], [5, 5], [1, 1], [3, 3], [1, 1], [3, 3], [1, 1], [1, 1], [1, 1], [3, 3], [1, 1], [3, 3], [3, 3], [1, 1], [1, 1], [3, 3], [1, 1], [1, 1], [3, 3], [3, 3], [3, 3], [1, 1], [3, 3], [3, 3], [3, 3], [3, 3], [3, 3], [1, 1], [1, 1], [3, 3], [3, 3], [3, 3], [3, 3], [3, 3], [3, 3], [3, 3], [3, 3], [1, 1], [1, 1], [3, 3], [1, 1], [3, 3], [3, 3], [1, 1], [1, 1], [3, 3], [3, 3], [3, 3], [3, 3], [3, 3], [7, -5], [3, 3], [3, 3], [1, 1], [1, 1], [1, 1], [3, 3], [3, 3], [3, 3], [1, 1]]

exec_time (ms): 252859.89665985107 ms
exec_time: 4m 12s 859.8966598510742ms