N: 39
n: 6
number_of_primes (d): 2
exp_register_width (qd): 5
primes: [2, 5]

R: 5431
T: 5
t: 14
delta: 0.00018412815319462345
delta_inv: 5431Percent of combinations (with positive values of result vector) that gives % N = 1: 81.2%
Percent of combinations (with positive values of result vector) that give p and q: 66.3%
Vectors that gives p and q: [[0, 6], [0, 6], [-3, 5], [0, 6], [0, 6], [0, 6], [0, 6], [0, 6], [-3, 5], [0, 6], [0, 6], [0, 6], [0, 6], [0, 6], [0, 6], [0, 6], [-3, 5], [0, 6], [-3, 5], [0, 6], [0, 6], [0, 6], [0, 6], [-3, 5], [0, 6], [0, 6], [0, 6], [0, 6], [0, 6], [0, 6], [-3, 5], [-3, 5], [0, 6], [0, 6], [0, 6], [0, 6], [0, 6], [0, 6], [0, 6], [0, 6], [0, 6], [0, 6], [0, 6], [0, 6], [0, 6], [0, 6], [0, 6], [0, 6], [0, 6], [0, 6], [0, 6], [0, 6], [0, 6], [0, 6], [0, 6], [0, 6], [0, 6], [0, 6], [0, 6], [0, 6], [0, 6], [-3, 5], [0, 6], [-3, 5], [0, 6], [0, 6], [0, 6], [0, 6], [0, 6], [0, 6], [0, 6], [0, 6], [0, 6], [0, 6], [0, 6], [0, 6], [0, 6], [0, 6], [0, 6], [0, 6], [0, 6], [-3, 5], [0, 6], [0, 6], [0, 6], [0, 6], [-3, 5], [-3, 5], [0, 6], [0, 6], [0, 6], [0, 6], [0, 6], [0, 6], [0, 6], [0, 6], [0, 6], [0, 6], [0, 6], [0, 6], [0, 6], [0, 6], [0, 6], [0, 6], [0, 6], [0, 6], [0, 6], [0, 6], [0, 6], [0, 6], [0, 6], [0, 6], [0, 6], [0, 6], [0, 6], [0, 6], [6, 0], [0, 6], [0, 6], [0, 6], [0, 6], [0, 6], [0, 6], [0, 6], [-3, 5], [0, 6], [0, 6], [0, 6], [-3, 5], [0, 6], [-3, 5], [-3, 5], [0, 6], [0, 6], [0, 6], [0, 6], [0, 6], [0, 6], [0, 6], [0, 6], [0, 6], [0, 6], [0, 6], [0, 6], [0, 6], [0, 6], [0, 6], [0, 6], [0, 6], [0, 6], [0, 6], [0, 6], [0, 6], [0, 6], [0, 6], [0, 6], [0, 6], [0, 6], [0, 6], [0, 6], [0, 6], [0, 6], [0, 6], [0, 6], [0, 6], [0, 6], [0, 6], [0, 6], [0, 6], [0, 6], [0, 6], [-3, 5], [0, 6], [0, 6], [0, 6], [0, 6], [0, 6], [0, 6], [0, 6], [0, 6], [0, 6], [0, 6], [0, 6], [0, 6], [0, 6], [0, 6], [0, 6], [0, 6], [0, 6], [0, 6], [0, 6], [0, 6], [0, 6], [0, 6], [0, 6], [-3, 5], [0, 6], [0, 6], [0, 6], [0, 6], [0, 6], [-3, 5], [0, 6], [0, 6], [0, 6], [0, 6], [0, 6], [0, 6], [0, 6], [0, 6], [0, 6], [0, 6], [0, 6], [0, 6], [0, 6], [0, 6], [-3, 1], [0, 6], [0, 6], [0, 6], [0, 6], [0, 6], [0, 6], [0, 6], [0, 6], [0, 6], [0, 6], [0, 6], [0, 6], [0, 6], [0, 6], [0, 6], [-3, 5], [0, 6], [0, 6], [0, 6], [0, 6], [0, 6], [0, 6], [0, 6], [-3, 5], [0, 6], [0, 6], [0, 6], [0, 6], [0, 6], [0, 6], [-3, 5], [0, 6], [0, 6], [0, 6], [0, 6], [0, 6], [0, 6], [0, 6], [0, 6], [0, 6], [0, 6], [0, 6], [0, 6], [0, 6], [0, 6], [0, 6], [0, 6], [0, 6], [0, 6], [0, 6], [0, 6], [0, 6], [0, 6], [0, 6], [0, 6], [0, 6], [0, 6], [0, 6], [3, 3], [0, 6], [0, 6], [0, 6], [-3, 5], [0, 6], [-3, 5], [0, 6], [0, 6], [0, 6], [0, 6], [0, 6], [0, 6], [0, 6], [-3, 5], [0, 6], [0, 6], [0, 6], [0, 6], [0, 6], [0, 6], [0, 6], [0, 6], [0, 6], [0, 6], [0, 6], [0, 6], [-3, 5], [0, 6], [0, 6], [0, 6], [0, 6], [0, 6], [0, 6], [0, 6], [0, 6], [0, 6], [0, 6], [6, 0], [0, 6], [0, 6], [-3, 5], [0, 6], [0, 6], [0, 6], [0, 6], [0, 6], [0, 6], [0, 6], [0, 6], [0, 6], [0, 6], [0, 6], [0, 6], [0, 6], [0, 6], [0, 6], [0, 6], [0, 6], [0, 6], [0, 6], [0, 6], [0, 6], [0, 6], [0, 6], [0, 6], [0, 6], [0, 6], [0, 6], [0, 6], [0, 6], [0, 6], [-3, 5], [0, 6], [0, 6], [0, 6], [0, 6], [0, 6], [0, 6], [-3, 5], [0, 6], [0, 6], [-3, 5], [0, 6], [0, 6], [0, 6], [0, 6], [0, 6], [0, 6], [0, 6], [0, 6], [0, 6], [0, 6], [0, 6], [0, 6], [0, 6], [0, 6], [0, 6], [0, 6], [0, 6], [0, 6], [0, 6], [0, 6], [0, 6], [0, 6], [0, 6], [0, 6], [0, 6], [0, 6], [0, 6], [0, 6], [0, 6], [0, 6], [0, 6], [0, 6], [0, 6], [0, 6], [0, 6], [-3, 5], [0, 6], [-3, 5], [0, 6], [0, 6], [-3, 5], [0, 6], [0, 6], [0, 6], [0, 6], [-3, 5], [0, 6], [-3, 5], [0, 6], [0, 6], [0, 6], [0, 6], [0, 6], [0, 6], [0, 6], [0, 6], [0, 6], [0, 6], [-3, 5], [0, 6], [0, 6], [0, 6], [-3, 5], [0, 6], [0, 6], [0, 6], [0, 6], [-3, 5], [0, 6], [0, 6], [0, 6], [0, 6], [0, 6], [0, 6], [0, 6], [0, 6], [0, 6], [0, 6], [0, 6], [0, 6], [0, 6], [0, 6], [0, 6], [0, 6], [0, 6], [0, 6], [0, 6], [-3, 5], [0, 6], [0, 6], [0, 6], [-3, 5], [0, 6], [0, 6], [0, 6], [0, 6], [0, 6], [0, 6], [0, 6], [0, 6], [0, 6], [0, 6], [0, 6], [-3, 1], [0, 6], [0, 6], [0, 6], [0, 6], [0, 6], [-3, 9], [0, 6], [-3, 5], [0, 6], [0, 6], [0, 6], [0, 6], [0, 6], [0, 6], [0, 6], [0, 6], [0, 6], [0, 6], [0, 6], [0, 6], [-3, 5], [0, 6], [0, 6], [0, 6], [0, 6], [0, 6], [0, 6], [-3, 1], [0, 6], [0, 6], [0, 6], [0, 6], [0, 6], [0, 6], [0, 6], [0, 6], [0, 6], [-3, 5], [-3, 5], [0, 6], [0, 6], [-3, 5], [0, 6], [0, 6], [0, 6], [0, 6], [0, 6], [-3, 5], [0, 6], [0, 6], [0, 6], [0, 6], [0, 6], [-3, 5], [0, 6], [0, 6], [0, 6], [-3, 5], [0, 6], [-3, 5], [0, 6], [0, 6], [0, 6], [0, 6], [0, 6], [-3, 5], [0, 6], [-3, 5], [0, 6], [0, 6], [0, 6], [0, 6], [0, 6], [0, 6], [0, 6], [0, 6], [0, 6], [0, 6], [0, 6], [0, 6], [0, 6], [0, 6], [0, 6], [0, 6], [0, 6], [-3, 5], [0, 6], [-3, 5], [0, 6], [0, 6], [0, 6], [-3, 5], [0, 6], [0, 6], [0, 6], [0, 6], [0, 6], [0, 6], [0, 6], [0, 6], [-3, 5], [0, 6], [0, 6], [-3, 5], [-3, 5], [0, 6], [0, 6], [0, 6], [0, 6], [0, 6], [0, 6], [0, 6], [0, 6], [-3, 5], [0, 6], [0, 6], [0, 6], [0, 6], [0, 6], [0, 6], [0, 6], [0, 6], [0, 6], [0, 6], [0, 6], [0, 6], [0, 6], [0, 6], [0, 6], [0, 6], [0, 6], [0, 6], [0, 6], [0, 6], [0, 6], [0, 6], [0, 6], [0, 6], [0, 6], [0, 6], [0, 6], [0, 6], [0, 6], [0, 6], [0, 6], [0, 6], [0, 6], [0, 6], [0, 6], [0, 6], [0, 6], [0, 6], [0, 6], [0, 6], [-3, 5], [0, 6], [0, 6], [0, 6], [0, 6], [0, 6], [0, 6], [0, 6], [0, 6], [0, 6], [0, 6], [0, 6], [0, 6], [0, 6], [0, 6], [0, 6], [0, 6], [0, 6], [0, 6], [0, 6], [0, 6], [0, 6], [0, 6], [0, 6], [0, 6], [0, 6], [0, 6], [-3, 5], [0, 6], [0, 6], [0, 6], [0, 6], [-3, 5], [0, 6], [0, 6], [0, 6], [0, 6], [0, 6], [0, 6], [0, 6], [0, 6], [0, 6], [0, 6], [0, 6], [0, 6], [0, 6], [0, 6]]

exec_time (ms): 186782.0107936859 ms
exec_time: 3m 6s 782.0107936859131ms