N: 91
n: 7
number_of_primes (d): 2
exp_register_width (qd): 5
primes: [2, 3]

R: 6517
T: 6
t: 15
delta: 0.00015344483658124905
delta_inv: 6517Percent of combinations (with positive values of result vector) that gives % N = 1: 35.2%
Percent of combinations (with positive values of result vector) that give p and q: 35.2%
Vectors that gives p and q: [[0, 3], [0, 3], [0, 3], [0, 3], [0, 3], [0, 3], [0, 3], [0, 3], [0, 3], [0, 3], [0, 3], [0, 3], [0, 3], [0, 3], [0, 3], [0, 3], [0, 3], [0, 3], [0, 3], [0, 3], [0, 3], [0, 3], [0, 3], [0, 3], [0, 3], [0, 3], [0, 3], [0, 3], [0, 3], [0, 3], [0, 3], [0, 3], [0, 3], [0, 3], [0, 3], [0, 3], [0, 3], [0, 3], [0, 3], [0, 3], [0, 3], [0, 3], [0, 3], [0, 3], [0, 3], [0, 3], [0, 3], [0, 3], [0, 3], [0, 3], [0, 3], [0, 3], [0, 3], [0, 3], [0, 3], [0, 3], [0, 3], [0, 3], [0, 3], [0, 3], [0, 3], [0, 3], [0, 3], [0, 3], [0, 3], [0, 3], [0, 3], [0, 3], [0, 3], [0, 3], [0, 3], [0, 3], [0, 3], [0, 3], [0, 3], [0, 3], [0, 3], [0, 3], [0, 3], [0, 3], [0, 3], [0, 3], [0, 3], [0, 3], [0, 3], [0, 3], [0, 3], [0, 3], [0, 3], [0, 3], [0, 3], [0, 3], [0, 3], [0, 3], [0, 3], [0, 3], [0, 3], [0, 3], [0, 3], [0, 3], [0, 3], [0, 3], [0, 3], [0, 3], [0, 3], [0, 3], [0, 3], [0, 3], [0, 3], [0, 3], [0, 3], [0, 3], [0, 3], [0, 3], [0, 3], [0, 3], [0, 3], [0, 3], [0, 3], [0, 3], [0, 3], [0, 3], [0, 3], [0, 3], [0, 3], [0, 3], [0, 3], [0, 3], [0, 3], [0, 3], [0, 3], [0, 3], [0, 3], [0, 3], [0, 3], [0, 3], [0, 3], [0, 3], [0, 3], [0, 3], [0, 3], [0, 3], [0, 3], [0, 3], [0, 3], [0, 3], [0, 3], [0, 3], [0, 3], [0, 3], [0, 3], [0, 3], [0, 3], [0, 3], [0, 3], [0, 3], [0, 3], [0, 3], [0, 3], [0, 3], [0, 3], [0, 3], [0, 3], [0, 3], [0, 3], [0, 3], [0, 3], [0, 3], [0, 3], [0, 3], [0, 3], [0, 3], [0, 3], [0, 3], [0, 3], [0, 3], [0, 3], [0, 3], [0, 3], [0, 3], [0, 3], [0, 3], [0, 3], [0, 3], [0, 3], [0, 3], [0, 3], [0, 3], [0, 3], [0, 3], [0, 3], [0, 3], [0, 3], [0, 3], [0, 3], [0, 3], [0, 3], [0, 3], [0, 3], [0, 3], [0, 3], [0, 3], [0, 3], [0, 3], [0, 3], [0, 3], [0, 3], [0, 3], [0, 3], [0, 3], [0, 3], [0, 3], [0, 3], [0, 3], [0, 3], [0, 3], [0, 3], [0, 3], [0, 3], [0, 3], [0, 3], [0, 3], [0, 3], [0, 3], [0, 3], [0, 3], [0, 3], [0, 3], [0, 3], [0, 3], [0, 3], [0, 3], [0, 3], [0, 3], [0, 3], [0, 3], [0, 3], [0, 3], [0, 3], [0, 3], [0, 3], [0, 3], [0, 3], [0, 3], [0, 3], [0, 3], [0, 3], [0, 3], [0, 3], [0, 3], [0, 3], [0, 3], [0, 3], [0, 3], [0, 3], [0, 3], [0, 3], [0, 3], [0, 3], [0, 3], [0, 3], [0, 3], [0, 3], [0, 3], [0, 3], [0, 3], [0, 3], [0, 3], [0, 3], [0, 3], [0, 3], [0, 3], [0, 3], [0, 3], [0, 3], [0, 3], [0, 3], [0, 3], [0, 3], [0, 3], [0, 3], [0, 3], [0, 3], [0, 3], [0, 3], [0, 3], [0, 3], [0, 3], [0, 3], [0, 3], [0, 3], [0, 3], [0, 3], [0, 3], [0, 3], [0, 3], [0, 3], [0, 3], [0, 3], [0, 3], [0, 3], [0, 3], [0, 3], [0, 3], [0, 3], [0, 3], [0, 3], [0, 3], [0, 3], [0, 3], [0, 3], [0, 3], [0, 3], [0, 3], [0, 3], [0, 3], [0, 3], [0, 3], [0, 3], [0, 3], [0, 3], [0, 3], [0, 3], [0, 3], [0, 3], [0, 3], [0, 3], [0, 3], [0, 3], [0, 3], [0, 3], [0, 3], [0, 3], [0, 3], [0, 3], [0, 3], [0, 3], [0, 3], [0, 3], [0, 3], [0, 3], [0, 3], [0, 3], [0, 3], [0, 3], [0, 3], [0, 3], [0, 3], [0, 3], [0, 3], [0, 3], [0, 3]]

exec_time (ms): 220333.55736732483 ms
exec_time: 3m 40s 333.5573673248291ms