N: 21
n: 5
number_of_primes (d): 3
exp_register_width (qd): 5
primes: [2, 5, 11]

R: 7525
T: 2
t: 15
delta: 0.00016275679354041048
delta_inv: 6145Percent of combinations (with positive values of result vector) that gives % N = 1: 49.0%
Percent of combinations (with positive values of result vector) that give p and q: 31.1%
Vectors that gives p and q: [[0, -1, -1], [0, -1, -1], [1, 1, 2], [1, 2, 0], [1, 2, 0], [-1, 1, 0], [0, -1, -1], [-1, 1, 0], [1, -1, 0], [1, 1, 2], [1, -1, 0], [-1, 1, 0], [0, -1, -1], [-1, 1, 0], [1, 1, 2], [-1, 0, 2], [1, 1, 2], [0, -1, -1], [1, 1, 2], [1, 2, 0], [-1, 1, 0], [-1, 1, 0], [-1, 1, 0], [-1, 1, 0], [1, 1, 2], [-1, 0, 2], [0, 1, 1], [0, -1, -1], [-1, 0, 2], [-1, 1, 0], [1, 2, 0], [-1, 1, 0], [0, -1, -1], [0, -1, -1], [-1, 1, 0], [-1, 1, 0], [-1, 1, 0], [-1, 0, 2], [1, 1, 2], [-1, 0, 2], [1, 2, 0], [1, 1, 2], [1, 2, 0], [0, -1, -1], [-1, 0, 2], [-1, 1, 0], [-1, 1, 0], [-1, 1, 0], [1, -1, 0], [-1, 1, 0], [1, 1, 2], [1, 2, 0], [-1, 1, 0], [-1, 1, 0], [-1, 1, 0], [0, -2, 1], [-1, 1, 0], [1, 1, 2], [-1, 1, 0], [0, -1, -1], [0, -1, -1], [-1, 0, 2], [-1, 1, 0], [1, 2, 0], [-1, 1, 0], [1, 1, 2], [1, 1, 2], [-1, 1, 0], [0, -1, -1], [-1, 1, 0], [-1, 1, 0], [1, 2, 0], [-1, 2, -2], [1, 1, 2], [0, -1, -1], [0, -1, -1], [-1, 0, 2], [1, 1, 2], [1, 1, 2], [-1, 0, 2], [-1, 1, 0], [-1, 1, 0], [1, 1, 2], [-1, 0, 2], [1, 1, 2], [-1, 0, 2], [1, 1, 2], [-1, 1, 0], [0, -1, -1], [-1, 0, 2], [1, 2, 0], [-1, 1, 0], [0, -2, 1], [-1, 1, 0], [-1, 0, 2], [1, 1, 2], [-1, 1, 0], [1, 2, 0], [1, 2, 0], [0, -1, -1], [-1, 1, 0], [0, -1, -1], [-1, 1, 0], [-1, 0, 2], [-1, 0, 2], [-1, 1, 0], [-1, 1, 0], [-1, 1, 0], [-1, 1, 0], [1, 1, 2], [-1, 0, 2], [-1, 0, 2], [0, -1, -1], [1, -1, 0], [1, 1, 2], [0, -1, -1], [-1, 1, 0], [1, -1, 0], [0, -1, -1], [0, -1, -1], [-1, 1, 0], [0, -1, -1], [-1, 1, 0], [-1, 1, 0], [1, 1, 2], [-1, 1, 0], [0, -1, -1], [-1, 1, 0], [-1, 1, 0], [1, 1, 2], [-1, 1, 0], [-1, 0, 2], [-1, 1, 0], [-1, 1, 0], [-1, 0, 2], [-1, 1, 0], [-1, 1, 0], [-1, 1, 0], [-1, 0, 2], [1, 2, 0], [0, -1, -1], [1, 1, 2], [1, 1, 2], [-1, 1, 0], [-1, 1, 0], [-1, 1, 0], [0, 2, -1], [-1, 1, 0], [-1, 1, 0], [0, -2, 1], [0, -1, -1], [1, 2, 0], [1, 2, 0], [-1, 1, 0], [-1, 1, 0], [-1, 1, 0], [-1, 1, 0], [-1, 0, 2], [0, -1, -1], [-1, 1, 0], [-1, 1, 0], [-1, 1, 0], [1, 2, 0], [1, 1, 2], [0, -1, -1], [1, 1, 2], [-1, 1, 0], [0, -1, -1], [-1, 1, 0], [-1, 1, 0], [1, 1, 2], [0, -1, -1], [1, 2, 0], [-1, 0, 2], [-1, 1, 0], [1, 2, 0], [1, 1, 2], [-1, 1, 0], [-1, 1, 0], [-1, 1, 0], [-1, 1, 0], [0, -1, -1], [-1, 0, 2], [-1, 1, 0], [1, -1, 0], [-1, 1, 0], [1, 0, -2], [-1, 1, 0], [0, -1, -1], [-1, 1, 0], [-1, 1, 0], [1, 1, 2], [-1, 1, 0], [-1, 0, 2], [0, -1, -1], [-1, 1, 0], [-1, 1, 0], [1, 1, 2], [0, -1, -1], [1, 1, 2], [1, 1, 2], [-1, 1, 0], [-1, 0, 2], [-1, 1, 0], [-1, 1, 0], [-1, 0, 2], [-1, 1, 0], [-1, 1, 0], [-1, 1, 0], [-1, 1, 0], [-1, 1, 0], [-1, 1, 0], [-1, 1, 0], [1, 1, 2], [1, 1, 2], [-1, 1, 0], [-1, 1, 0], [1, 1, 2], [-1, 1, 0], [1, 1, 2], [-1, 0, 2], [1, 1, 2], [-1, 1, 0], [-1, 1, 0], [0, -1, -1], [-1, 1, 0], [-1, 1, 0], [-1, 0, 2], [-1, 1, 0], [-1, 0, 2], [1, 2, 0], [1, 1, 2], [0, -1, -1], [1, 1, 2], [-1, 0, 2], [-1, 1, 0], [-1, 1, 0], [0, -1, -1], [-1, 1, 0], [0, -1, -1], [-1, 1, 0], [1, 1, 2], [0, -1, -1], [-1, 1, 0], [0, -1, -1], [-1, 1, 0], [1, 1, 2], [-1, 1, 0], [1, 2, 0], [-1, 0, 2], [1, 1, 2], [-1, 0, 2], [-1, 1, 0], [0, -1, -1], [-1, 0, 2], [-1, 1, 0], [1, 1, 2], [0, -1, -1], [2, -1, 1], [-1, 1, 0], [-1, 1, 0], [-1, 0, 2], [1, 1, 2], [1, 1, 2], [0, -1, -1], [-1, 1, 0], [-1, 1, 0], [-1, 1, 0], [-1, 1, 0], [0, -1, -1], [-1, 1, 0], [-1, 1, 0], [1, 2, 0], [-1, 1, 0], [-1, 1, 0], [-1, 1, 0], [0, -1, -1], [-1, 0, 2], [-1, 1, 0], [1, -1, 0], [1, 2, 0], [1, 1, 2], [-1, 0, 2], [0, -1, -1], [-1, 0, 2], [0, -1, -1], [0, -1, -1], [-1, 0, 2], [-1, 1, 0], [1, 1, 2], [-1, 1, 0], [0, -1, -1], [-1, 1, 0], [-1, 1, 0], [0, -1, -1], [1, 1, 2], [-1, 0, 2], [-1, 1, 0], [0, -1, -1], [0, -1, -1], [-1, 1, 0], [-1, 1, 0], [1, 2, 0], [-1, 1, 0], [-1, 1, 0], [1, 1, 2], [-1, 0, 2], [-1, 1, 0], [1, 2, 0], [-1, 1, 0], [-1, 1, 0]]

exec_time (ms): 551298.4175682068 ms
exec_time: 9m 11s 298.4175682067871ms