N: 35
n: 6
number_of_primes (d): 3
exp_register_width (qd): 5
primes: [2, 3, 11]

R: 11287
T: 3
t: 16
delta: 0.00010850933564202967
delta_inv: 9216Percent of combinations (with positive values of result vector) that gives % N = 1: 41.0%
Percent of combinations (with positive values of result vector) that give p and q: 31.6%
Vectors that gives p and q: [[-1, -1, 0], [-1, -1, 0], [1, 1, 0], [1, 1, 0], [-1, -1, 0], [-1, -1, 0], [-2, 0, 1], [-1, -1, 0], [-1, -1, 0], [-1, -1, 0], [-1, -1, 0], [-1, -1, 0], [-1, -1, 0], [-1, -1, 0], [-1, -1, 0], [-1, -1, 0], [1, 1, 0], [-1, -1, 0], [-1, -1, 0], [-1, -1, 0], [-1, -1, 0], [-1, -1, 0], [1, 1, 0], [-1, -1, 0], [-1, -1, 0], [1, 1, 0], [1, 1, 0], [-1, -1, 0], [-1, -1, 0], [-1, -1, 0], [1, 1, 0], [1, 1, 0], [1, 1, 0], [-1, -1, 0], [-1, -1, 0], [1, 1, 0], [-1, -1, 0], [1, 1, 0], [1, 1, 0], [-1, -1, 0], [-1, -1, 0], [-1, -1, 0], [-1, -1, 0], [-1, -1, 0], [-1, -1, 0], [-1, -1, 0], [-1, -1, 0], [1, 1, 0], [-1, -1, 0], [1, 1, 0], [1, 1, 0], [-1, -1, 0], [1, 1, 0], [1, 1, 0], [1, 1, 0], [-1, -1, 0], [-1, -1, 0], [-1, -1, 0], [1, 1, 0], [-1, -1, 0], [1, 1, 0], [-1, -1, 0], [-1, -1, 0], [-1, -1, 0], [-1, -1, 0], [-1, -1, 0], [-1, -1, 0], [-1, -1, 0], [-1, -1, 0], [-1, -1, 0], [-1, -1, 0], [1, 1, 0], [-1, -1, 0], [-1, -1, 0], [1, 1, 0], [-1, -1, 0], [1, 1, 0], [1, 1, 0], [-1, -1, 0], [-1, -1, 0], [1, 1, 0], [-1, -1, 0], [-1, -1, 0], [-1, -1, 0], [1, 1, 0], [-1, -1, 0], [-1, -1, 0], [1, 1, 0], [-1, -1, 0], [-1, -1, 0], [1, 1, 0], [-1, -1, 0], [-1, -1, 0], [-1, -1, 0], [-1, -1, 0], [1, 1, 0], [-1, -1, 0], [-1, -1, 0], [-1, -1, 0], [1, 1, 0], [-1, -1, 0], [1, 1, 0], [-1, -1, 0], [-1, -1, 0], [-1, -1, 0], [1, 1, 0], [1, 1, 0], [-1, -1, 0], [1, 1, 0], [1, 1, 0], [1, 1, 0], [-1, -1, 0], [-1, -1, 0], [1, 1, 0], [-1, -1, 0], [-1, -1, 0], [-1, -1, 0], [-1, -1, 0], [1, 1, 0], [1, 1, 0], [-1, -1, 0], [-1, -1, 0], [-1, -1, 0], [-1, -1, 0], [1, 1, 0], [-1, -1, 0], [-1, -1, 0], [-1, -1, 0], [1, 1, 0], [-1, -1, 0], [-1, -1, 0], [1, 1, 0], [1, 1, 0], [-1, -1, 0], [-1, -1, 0], [-1, -1, 3], [-1, -1, 0], [1, 1, 0], [-1, -1, 0], [-1, -1, 0], [-1, -1, 0], [1, 1, 0], [-1, -1, 0], [-1, -1, 0], [1, 1, 0], [-1, -1, 0], [-1, -1, 0], [1, 1, 0], [-1, -1, 0], [-1, -1, 0], [-1, -1, 0], [-1, -1, 0], [-1, -1, 0], [1, 1, 0], [1, 1, 0], [-1, -1, 0], [-1, -1, 0], [-1, -1, 0], [-1, -1, 0], [1, 1, 0], [-1, -1, 0], [-1, -1, 0], [1, 1, 0], [1, 1, 0], [-1, -1, 0], [-1, -1, 0], [-1, -1, 0], [1, 1, 0], [-1, -1, 0], [-1, -1, 0], [-1, -1, 0], [1, 1, 0], [-1, -1, 0], [-1, -1, 0], [-1, -1, 0], [-1, -1, 0], [-1, -1, 0], [-1, -1, 0], [-1, -1, 0], [-1, -1, 0], [1, 1, 0], [1, 1, 0], [-1, -1, 0], [1, 1, 0], [-1, -1, 0], [-1, -1, 0], [-1, -1, 0], [1, 1, 0], [1, 1, 0], [-1, -1, 0], [-1, -1, 0], [-1, -1, 0], [-1, -1, 0], [-1, -1, 0], [1, 1, 0], [1, 1, 0], [1, 1, 0], [1, 1, 0], [-1, -1, 0], [1, 1, 0], [-1, -1, 0], [1, 1, 0], [-1, -1, 0], [-1, -1, 3], [-1, -1, 0], [1, 1, 0], [-1, -1, 0], [1, 1, 0], [-1, -1, 0], [1, 1, 0], [1, 1, 0], [1, 1, 0], [-1, -1, 0], [1, 1, 0], [-1, -1, 0], [-1, -1, 0], [-1, -1, 0], [-1, -1, 0], [-1, -1, 0], [-1, -1, 0], [-1, -1, 0], [-1, -1, 0], [-1, -1, 0], [-1, -1, 0], [-1, -1, 0], [-1, -1, 0], [1, 1, 0], [-1, -1, 0], [-1, -1, 0], [1, 1, 0], [1, 1, 0], [-1, -1, 0], [-1, -1, 0], [-1, -1, 0], [-1, -1, 0], [-1, -1, 0], [-1, -1, 0], [-1, -1, 0], [-1, -1, 0], [1, 1, 0], [-1, -1, 0], [1, 1, 0], [-1, -1, 0], [-1, -1, 0], [-1, -1, 0], [1, 1, 0], [-1, -1, 0], [1, 1, 0], [1, 1, 0], [-1, -1, 0], [-1, -1, 0], [-1, -1, 0], [1, 1, 0], [-1, -1, 0], [-1, -1, 0], [1, 1, 0], [-1, -1, 0], [1, 1, 0], [1, 1, 0], [-1, -1, 0], [-1, -1, 0], [1, 1, 0], [-1, -1, 0], [1, 1, 0], [-1, -1, 0], [-1, -1, 0], [-1, -1, 0], [-1, -1, 0], [-1, -1, 0], [-1, -1, 0], [1, 1, 0], [-1, -1, 0], [1, 1, 0], [1, 1, 0], [1, 1, 0], [1, 1, 0], [-1, -1, 0], [-1, -1, 0], [-1, -1, 0], [-1, -1, 0], [-1, -1, 0], [-1, -1, 0], [-1, -1, 0], [-1, -1, 0], [1, 1, 0], [-1, -1, 0], [-1, -1, 0], [-1, -1, 0], [-1, -1, 0], [-1, -1, 0], [-1, -1, 0], [-1, -1, 0], [1, 1, 0], [-1, -1, 0], [1, 1, 0], [1, 1, 0], [1, 1, 0], [-1, -1, 0], [1, 1, 0], [1, 1, 0], [-1, -1, 0], [-1, -1, 0], [-1, -1, 0], [-1, -1, 0], [-1, -1, 0], [-1, -1, 0], [-1, -1, 0], [-1, -1, 0], [-1, -1, 0], [-1, -1, 0], [-1, -1, 0], [-1, -1, 0], [-1, -1, 0], [1, 1, 0], [1, 1, 0], [-1, -1, 0]]

exec_time (ms): 488709.5272541046 ms
exec_time: 8m 8s 709.5272541046143ms