N: 33
n: 6
number_of_primes (d): 2
exp_register_width (qd): 5
primes: [2, 5]

R: 5431
T: 5
t: 14
delta: 0.00018412815319462345
delta_inv: 5431Percent of combinations (with positive values of result vector) that gives % N = 1: 70.2%
Percent of combinations (with positive values of result vector) that give p and q: 44.5%
Vectors that gives p and q: [[-741, 869], [287, -783], [198, -637], [-439, -729], [-1919, 291], [112, 1867], [-468, -493], [-603, 177], [771, -569], [246, -629], [-737, 133], [-666, 89], [201, -879], [1551, 1501], [22, 627], [-737, 803], [-2471, -61], [-1270, 185], [-255, 705], [-1365, -655], [-1364, 941], [42, -1273], [-2609, -69], [1647, 257], [-1498, 987], [-160, 745], [78, -2647], [706, -269], [-384, 761], [-75, 1155], [-2207, 643], [150, -665], [-1606, -221], [-630, 145], [-143, -1743], [-481, -541], [-349, -1449], [-1936, 219], [-1304, 931], [2238, 663], [-645, 2175], [-498, 727], [-220, 625], [44, -1701], [774, -301], [-655, 255], [203, -587], [-1323, 77], [162, -663], [-489, -479], [-678, 1257], [-510, -475], [374, -1391], [-557, -427], [1055, 1035], [242, 1187], [-463, -483], [728, -167], [-554, 1321], [704, -191], [-474, 1331], [-658, -63], [1504, -971], [360, 775], [1780, -395], [-2000, 515], [-1422, 323], [1253, -177], [-526, -491], [-725, 465], [-664, 171], [-529, -479], [-164, -1959], [-541, -411], [963, 413], [-9, 2401], [745, -75], [230, 1905], [-510, -455], [-780, -1935], [816, -259], [766, -799], [-268, -2123], [-564, -449], [747, -703], [1476, -999], [984, -1551], [-504, -519], [-1885, -865], [-367, -537], [-2334, -109], [191, 1091], [-843, 937], [362, -203], [442, -1273], [681, -269], [-660, 225], [-95, -1985], [1052, -1533], [639, -741], [476, -1309], [1019, -1441], [-1138, -123], [503, -117], [241, -839], [215, 665], [-470, -485], [1358, -747], [1012, -1503], [574, 139], [-635, -245], [428, -2097], [1000, -1595], [1374, 989], [-1323, -503], [1422, -983], [-1003, 237], [-199, -1199], [867, -1503], [152, -573], [-1839, -269], [-1432, 843], [268, -507], [-1747, -617], [-527, -407], [-637, -2267], [272, 597], [482, -1983], [-1955, 345], [335, -1375], [-315, -1835], [-1509, 1021], [1375, -255], [-586, -331], [320, -1705], [304, -851], [341, -1059], [-1006, 1549], [-1524, 1051], [-475, -525], [-494, -519], [-488, -523], [160, -305], [-515, -485], [-1013, 1527], [10, -2515], [637, 1107], [-1019, 131], [-519, -479], [1471, 251], [-950, -365], [-1390, 985], [-734, 171], [2481, -89], [1749, 559], [130, -1255], [-1032, -1137], [-1100, -745], [-1378, 357], [73, -2677], [1755, -1145], [-456, -511], [-458, -493], [-1780, 1145], [985, -1415], [214, -701], [-946, 849], [-267, -1077], [451, -1839], [-479, -489], [-2274, 641], [1539, -1021], [372, -1963], [-2188, -613], [-964, -1129], [-1468, 967], [-1866, 209], [880, -385], [-452, -517], [-243, 767], [-571, -441], [-503, -513], [-1370, 285], [960, 1075], [75, -165], [1342, -713], [-479, -1819], [-392, -807], [-500, -505], [1993, -447], [-527, -477], [-772, 623], [-501, -521], [-1360, 345], [-555, -445], [-519, -499], [1178, -157], [-476, -501], [1485, -1005], [1943, -197], [-633, -413], [-236, 1429], [919, -1461], [-513, -493], [1865, -415], [-1724, -839], [-509, -489], [-227, 713], [-234, 771], [-685, 165], [742, -123], [-755, 235], [207, -473], [-808, 827], [-1398, 937], [-820, 335], [-577, 313], [-1193, -883], [1667, -1263], [1329, -391], [324, 1179], [-1104, 901], [1445, -975], [1518, -1027], [-537, -407], [-505, -455], [532, 387], [-473, -453], [-1418, -413], [238, -557], [-1606, -391], [1351, -179], [1543, 263], [-557, -397], [759, -521], [244, -651], [1384, -901], [-689, 121], [1522, -1023], [-2017, 1343], [-1533, 1117], [-758, 187], [-740, 425], [-598, -333], [408, -537], [-565, -455], [-970, 1525], [-486, 1919], [-499, -519], [-691, 139], [215, 715], [1382, -933], [-1040, 765], [1470, -1015], [-2123, 497], [-376, 259], [-2218, -743], [-496, -481], [157, -683], [802, -293], [-269, 951], [-525, -485], [-493, -443], [-510, -515], [993, -1567], [-207, 1323], [-396, -861], [1065, 1545], [-517, -487], [164, -741], [272, 1487], [2737, -183], [-525, -465], [-470, -525], [-536, -471], [-481, 1689], [940, -1515], [-478, -463], [-495, -475], [-513, -503], [798, -257], [-1051, 1589], [1197, 297], [1070, -1575], [710, 15], [-496, -431], [-964, 1401], [-802, 813], [-576, -471], [-222, -667], [-495, -445], [1912, -423], [-561, -481], [1394, -971], [955, -245], [-698, 177], [-474, -509], [-471, -521], [-508, -493], [772, -303], [-512, 1313], [-498, -563], [-234, 1341], [-377, -1817], [297, -733], [-163, -1603], [409, -1311], [-547, -487], [1227, -863], [-1067, 1393], [479, -191], [2449, 59], [-494, 751], [-790, 555], [744, -261], [-528, -363], [-500, -495], [-765, -15], [-2152, 513], [-1385, 985], [-905, 1495], [-660, -1845], [-569, 201], [1366, -979], [-279, 761], [1550, -995], [-1424, -879], [-471, -531], [-2157, -867], [-1002, 1543], [-481, -541], [2458, 273], [299, -951], [-1002, -1067], [-1982, -737], [783, -307], [1556, -1039], [-1352, 203], [122, -703], [715, 1045], [734, 29], [-560, -495], [-5, -1255], [-511, -481], [208, -697], [812, -783], [-509, -449], [496, 511], [653, 323], [-1263, -1573], [-351, -1311], [-391, 1779], [258, -727], [464, -661], [312, 1207], [220, -645], [341, -1999], [713, -147], [-466, -451], [687, -353], [-1123, 1587], [-503, -513], [-1484, 941], [-701, 469], [-479, -539], [-1511, 1029], [-585, 2205], [-506, -511], [-1609, 261], [1123, 773], [207, -733], [-767, -1337], [71, -2659], [892, 1407], [959, -1481], [-1357, -377], [1483, -987], [-276, -1531], [413, 823], [-659, 201], [727, -643], [-1397, 263], [502, 1167], [-521, -391], [2430, 85], [-2713, 117], [-1264, 801], [-1441, 869], [553, -687], [-689, 121], [1127, -413], [182, -1433], [-324, -1189], [-1789, 311], [483, -187], [977, -1443], [-663, 217], [488, -567], [-1988, 467], [370, -725], [-421, -551], [-583, -353], [-671, 189], [188, -707], [17, 937], [1562, 227], [-857, 163], [953, -1567], [42, 2537], [-161, 759], [732, -3], [152, -1763], [675, -315], [-491, -511], [755, -175], [-949, 221], [-1027, -1107], [-493, -523], [439, 1319], [-1467, 1003], [-206, -1961], [-1069, 1581], [112, -1173], [862, -743], [-481, -541], [-517, -437], [-583, -473], [-319, -1909], [-471, -471], [-552, -447], [945, -1215], [1540, 695], [560, 1305], [-487, -467], [-576, -471], [-858, 777], [254, -691], [-652, 243], [-434, -539], [568, 193], [-1585, 205], [-561, -401], [-516, -491], [1247, -553], [-476, -531]]

exec_time (ms): 228355.5293083191 ms
exec_time: 3m 48s 355.5293083190918ms