N: 33
n: 6
number_of_primes (d): 2
exp_register_width (qd): 5
primes: [2, 5]

R: 5431
T: 5
t: 14
delta: 0.00018412815319462345
delta_inv: 5431Percent of combinations (with positive values of result vector) that gives % N = 1: 83.4%
Percent of combinations (with positive values of result vector) that give p and q: 64.9%
Vectors that gives p and q: [[1, 1], [1, 1], [6, 1], [0, 5], [1, 1], [0, 5], [1, 1], [1, 1], [2, 7], [2, 7], [1, 1], [1, 1], [1, 1], [0, 5], [0, 5], [1, 1], [1, 1], [4, -1], [1, 1], [1, 1], [4, -1], [1, 1], [-1, -1], [6, 1], [4, -1], [1, 1], [0, 5], [1, 1], [2, 7], [1, 1], [1, 1], [0, 5], [-1, 9], [1, 1], [1, 1], [0, 5], [1, 1], [1, 1], [1, 1], [7, -3], [1, 1], [6, 1], [4, -1], [1, 1], [1, 1], [1, 1], [1, 1], [2, 7], [-1, 9], [1, 1], [1, 1], [4, -1], [0, 5], [2, 7], [2, 7], [1, 1], [1, 1], [1, 1], [-1, 9], [1, 1], [0, 5], [1, 1], [2, 7], [-3, 7], [-1, 9], [1, 1], [0, 5], [1, 1], [1, 1], [1, 1], [1, 1], [2, 7], [6, 1], [2, -3], [1, 1], [1, 1], [2, 7], [1, 1], [0, 5], [0, 5], [-1, -1], [8, -7], [1, 1], [1, 1], [4, -1], [6, 1], [1, 1], [6, 1], [4, -1], [1, 1], [-1, 9], [1, 1], [0, 5], [1, 1], [1, 1], [0, 5], [1, 1], [1, 1], [1, 1], [-3, 7], [2, 7], [6, 1], [1, 1], [6, 1], [6, 1], [1, 1], [0, 5], [6, 1], [1, 1], [9, -1], [2, 7], [1, 1], [1, 1], [1, 1], [1, 1], [1, 1], [2, 7], [4, -1], [6, 1], [4, -1], [6, 1], [0, 5], [0, 5], [6, 1], [1, 1], [0, 5], [1, 1], [8, -7], [1, 1], [2, 7], [1, 1], [1, 1], [1, 1], [-1, -1], [1, 1], [1, 1], [1, 1], [1, 1], [-1, 9], [2, 7], [1, 1], [-6, 9], [1, 1], [9, -1], [1, 1], [1, 1], [0, 5], [4, -1], [-1, -1], [1, 1], [1, 1], [1, 1], [0, 5], [6, 1], [1, 1], [0, 5], [-3, 7], [0, 5], [1, 1], [1, 1], [2, 7], [1, 1], [1, 1], [2, 7], [0, 5], [1, 1], [-1, -1], [2, 7], [1, 1], [-6, 9], [6, 1], [0, 5], [1, 1], [1, 1], [8, 3], [1, 1], [-1, -1], [2, 7], [6, 1], [1, 1], [1, 1], [-3, 7], [1, 1], [4, -1], [-1, -1], [1, 1], [1, 1], [0, 5], [1, 1], [1, 1], [1, 1], [1, 1], [1, 1], [1, 1], [0, 5], [1, 1], [8, -7], [1, 1], [1, 1], [1, 1], [2, 7], [1, 1], [8, 3], [2, 7], [1, 1], [1, 1], [1, 1], [3, 3], [0, 5], [1, 1], [1, 1], [0, 5], [0, 5], [1, 1], [2, -3], [1, 1], [6, 1], [0, 5], [6, 1], [1, 1], [1, 1], [0, 5], [1, 1], [0, 5], [6, 1], [1, 1], [1, 1], [1, 1], [1, 1], [1, 1], [1, 1], [1, 1], [1, 1], [2, 7], [1, 1], [1, 1], [1, 1], [1, 1], [2, -3], [2, 7], [1, 1], [1, 1], [1, 1], [-1, 9], [2, 7], [0, 5], [6, 1], [2, -3], [6, 1], [2, 7], [1, 1], [7, -3], [1, 1], [1, 1], [1, 1], [4, -1], [1, 1], [1, 1], [7, -3], [1, 1], [1, 1], [1, 1], [1, 1], [1, 1], [1, 1], [2, 7], [1, 1], [1, 1], [1, 1], [6, 1], [1, 1], [1, 1], [1, 1], [4, -1], [0, 5], [7, -3], [1, 1], [0, 5], [6, 1], [-1, -1], [2, 7], [6, 1], [1, 1], [1, 1], [1, 1], [1, 1], [2, 7], [1, 1], [1, 1], [1, 1], [1, 1], [1, 1], [6, 1], [1, 1], [6, 1], [6, 1], [-1, -1], [1, 1], [1, 1], [8, -7], [-1, 9], [1, 1], [7, -3], [1, 1], [1, 1], [0, 5], [1, 1], [-3, 7], [1, 1], [1, 1], [0, 5], [1, 1], [-6, 9], [4, -1], [4, -1], [1, 1], [0, 5], [-6, 9], [1, 1], [6, 1], [9, -1], [6, 1], [-1, -1], [3, 3], [1, 1], [1, 1], [1, 1], [3, 3], [4, -1], [-6, 9], [1, 1], [1, 1], [0, 5], [1, 1], [4, -1], [1, 1], [1, 1], [4, 9], [1, 1], [1, 1], [1, 1], [2, 7], [0, 5], [1, 1], [1, 1], [10, -5], [4, -1], [1, 1], [1, 1], [-3, 7], [1, 1], [1, 1], [-1, -1], [1, 1], [2, 7], [6, 1], [0, 5], [1, 1], [1, 1], [1, 1], [0, 5], [1, 1], [1, 1], [1, 1], [4, -1], [1, 1], [0, 5], [6, 1], [1, 1], [1, 1], [1, 1], [1, 1], [1, 1], [0, 5], [1, 1], [1, 1], [1, 1], [1, 1], [1, 1], [1, 1], [1, 1], [1, 1], [1, 1], [4, -1], [-1, -1], [0, 5], [-1, -1], [6, 1], [1, 1], [10, -5], [-1, 9], [7, -3], [1, 1], [1, 1], [0, 5], [6, 1], [1, 1], [1, 1], [1, 1], [5, -5], [0, 5], [1, 1], [1, 1], [0, 5], [1, 1], [6, 1], [0, 5], [0, 5], [-1, -1], [4, -1], [0, 5], [-1, -1], [1, 1], [6, 1], [1, 1], [6, 1], [4, -1], [6, 1], [1, 1], [1, 1], [-6, 9], [0, 5], [1, 1], [0, 5], [0, 5], [1, 1], [1, 1], [0, 5], [1, 1], [2, 7], [1, 1], [1, 1], [1, 1], [0, 5], [0, 5], [1, 1], [1, 1], [1, 1], [2, 7], [1, 1], [1, 1], [5, -5], [1, 1], [1, 1], [1, 1], [1, 1], [1, 1], [1, 1], [-1, 9], [1, 1], [4, -1], [1, 1], [1, 1], [1, 1], [-1, -1], [0, 5], [1, 1], [1, 1], [1, 1], [1, 1], [2, 7], [1, 1], [1, 1], [1, 1], [0, 5], [1, 1], [2, -3], [1, 1], [0, 5], [0, 5], [0, 5], [1, 1], [4, -1], [1, 1], [0, 5], [1, 1], [0, 5], [0, 5], [-1, -1], [1, 1], [4, -1], [1, 1], [1, 1], [1, 1], [1, 1], [1, 1], [1, 1], [2, 7], [5, -5], [1, 1], [1, 1], [1, 1], [-3, 7], [1, 1], [1, 1], [7, -3], [6, 1], [0, 5], [4, -1], [1, 1], [6, 1], [1, 1], [1, 1], [6, 1], [4, -1], [1, 1], [1, 1], [0, 5], [1, 1], [-6, 9], [1, 1], [6, 1], [1, 1], [6, 1], [0, 5], [2, 7], [6, 1], [1, 1], [1, 1], [1, 1], [1, 1], [0, 5], [1, 1], [2, 7], [1, 1], [1, 1], [1, 1], [0, 5], [1, 1], [4, -1], [1, 1], [5, -5], [1, 1], [0, 5], [6, 1], [1, 1], [1, 1], [1, 1], [4, -1], [1, 1], [-1, -1], [1, 1], [1, 1], [1, 1], [1, 1], [2, 7], [4, -1], [-3, 7], [1, 1], [1, 1], [-1, 9], [1, 1], [-1, -1], [1, 1], [-1, -1], [1, 1], [1, 1], [1, 1], [-1, 9], [1, 1], [4, -1], [3, 3], [-3, 7], [6, 1], [1, 1], [1, 1], [-3, 7], [2, 7], [1, 1], [1, 1], [1, 1], [1, 1], [1, 1], [-3, 7], [1, 1], [6, 1], [1, 1], [1, 1], [-6, 9], [-1, -1], [7, -3], [6, 1], [1, 1], [1, 1], [2, 7], [-1, 9], [2, 7], [0, 5], [3, 3], [-1, 9], [0, 5], [1, 1], [-6, 9], [1, 1], [1, 1], [8, -7], [1, 1], [1, 1], [0, 5], [1, 1], [1, 1], [-1, -1], [6, 1], [1, 1], [10, -5], [4, -1], [1, 1], [1, 1], [9, -1], [1, 1], [0, 5], [1, 1], [1, 1], [-3, 7], [8, -7], [6, 1], [1, 1], [1, 1], [6, 1], [1, 1], [0, 5], [2, 7], [0, 5], [1, 1], [1, 1], [0, 5], [1, 1], [1, 1], [1, 1], [1, 1], [2, 7], [-1, 9], [1, 1], [1, 1], [-1, -1], [-6, 9], [1, 1], [1, 1], [1, 1], [1, 1], [6, 1], [0, 5], [1, 1], [7, -3], [1, 1], [-6, 9], [1, 1], [1, 1], [1, 1]]

exec_time (ms): 269230.4730415344 ms
exec_time: 4m 29s 230.47304153442383ms