N: 39
n: 6
number_of_primes (d): 2
exp_register_width (qd): 5
primes: [2, 5]

R: 5431
T: 5
t: 14
delta: 0.00018412815319462345
delta_inv: 5431Percent of combinations (with positive values of result vector) that gives % N = 1: 72.0%
Percent of combinations (with positive values of result vector) that give p and q: 52.3%
Vectors that gives p and q: [[-3, 5], [-3, 1], [0, 10], [3, 3], [3, 3], [-3, 5], [-3, 1], [0, 2], [0, 6], [0, 10], [0, 2], [0, 6], [0, 2], [0, 6], [0, 10], [-3, 1], [6, 0], [0, 2], [9, 9], [6, 0], [3, 7], [0, 2], [6, 0], [0, 10], [9, 9], [0, 6], [-6, -4], [-6, -4], [3, -1], [3, 3], [0, 2], [-3, 5], [0, 10], [3, 7], [0, 10], [6, 0], [-3, 1], [0, 10], [0, 6], [6, 0], [3, 3], [0, 2], [-3, 5], [0, 2], [0, 6], [3, 3], [0, 6], [-3, 9], [3, 7], [0, 2], [9, 9], [0, 6], [0, 6], [0, 6], [0, 2], [0, 10], [0, 6], [-3, 5], [0, 6], [-3, -3], [0, 6], [-6, 8], [-6, 4], [0, 6], [0, 6], [0, 6], [9, -3], [0, 6], [3, 3], [-3, -3], [9, -7], [0, 6], [0, 10], [0, 10], [6, 0], [6, 0], [0, 2], [6, 0], [3, 3], [0, 2], [9, 9], [6, 0], [-3, 5], [6, 0], [0, 6], [-3, 1], [0, 6], [0, 10], [-6, 4], [0, 6], [0, 6], [0, 6], [3, 3], [3, 3], [0, 2], [0, 10], [3, 3], [6, 0], [6, 0], [0, 6], [0, 6], [0, 6], [-3, 1], [3, 7], [3, 3], [0, 6], [0, 6], [3, 3], [0, 6], [0, 6], [3, 3], [0, 10], [0, 6], [0, 10], [-3, 5], [0, 6], [0, 2], [0, 6], [6, 0], [9, 9], [0, 6], [-6, 0], [0, 6], [-3, 5], [3, 7], [0, 2], [6, 0], [0, 10], [9, 9], [9, 9], [0, 2], [0, 10], [3, 3], [0, 2], [3, 3], [0, 6], [6, 0], [-3, 9], [0, 6], [0, 6], [0, 10], [3, 7], [0, 2], [0, 6], [0, 6], [0, 6], [0, 6], [-3, 1], [0, 2], [0, 10], [6, 0], [0, 2], [3, -1], [6, 0], [0, 2], [0, 2], [-6, 4], [-3, 5], [-6, 4], [-3, 1], [-3, 1], [0, 2], [0, 6], [0, 2], [9, -3], [0, -2], [0, 6], [-6, 4], [0, 6], [-3, 1], [0, 2], [-6, 0], [3, 3], [6, 0], [0, 2], [3, 3], [0, 6], [0, 10], [3, 3], [0, 2], [0, 2], [3, 3], [3, 3], [6, 0], [0, 6], [-3, 5], [0, 10], [9, 9], [3, 3], [3, 3], [0, 2], [-6, 4], [-3, 1], [0, 10], [6, 0], [0, 6], [0, 10], [0, 10], [0, 6], [3, 3], [0, 10], [6, 0], [0, 6], [0, 6], [0, 6], [3, 3], [3, 3], [-6, -4], [-3, 1], [6, 0], [0, 6], [3, 3], [-6, 0], [0, 10], [0, 10], [-6, 4], [6, 0], [6, 0], [0, 6], [0, 6], [0, 6], [0, 2], [0, 2], [0, 6], [0, 2], [0, 6], [3, 3], [3, 3], [0, 6], [-3, 9], [-3, 5], [0, 2], [0, 6], [0, 6], [0, 6], [-3, -3], [0, 2], [0, 6], [6, 0], [0, 6], [0, 6], [0, 2], [0, 6], [0, 10], [0, 6], [6, 0], [3, 3], [0, 10], [3, 3], [0, 10], [-3, 5], [0, 6], [-6, 0], [0, 2], [-3, 1], [-3, 1], [-6, 4], [0, 2], [0, 6], [0, 6], [0, 2], [6, 0], [0, 6], [0, 10], [0, 2], [3, 3], [0, 2], [0, 6], [3, 3], [6, 0], [-6, 0], [0, 2], [6, 0], [0, 6], [-6, 0], [3, 3], [6, 0], [0, 6], [6, 0], [0, 6], [0, 6], [6, 0], [0, 6], [6, 0], [3, -1], [-3, 1], [6, 0], [0, 6], [0, 6], [3, 3], [0, 2], [0, 6], [0, 6], [0, 6], [0, 2], [-3, 5], [6, 0], [0, 2], [-6, 4], [-3, 5], [-3, 9], [0, 6], [0, 10], [0, 6], [0, 6], [-6, 0], [3, 3], [0, 2], [0, 6], [0, 10], [0, 6], [-6, 0], [-6, 0], [-6, 4], [-6, 4], [9, 5], [3, 3], [9, 9], [6, 0], [6, 0], [0, 10], [0, 6], [-3, 5], [6, 0], [3, 3], [0, 10], [6, 0], [0, 6], [0, 6], [0, 6], [0, 10], [0, 6], [6, 0], [-6, 0], [0, 2], [0, 6], [0, 10], [0, 2], [3, 3], [0, 10], [0, 2], [0, 6], [-3, -3], [-3, 1], [0, 6], [0, 2], [0, 6], [-6, 0], [0, 2], [-6, 4], [6, 0], [0, 6], [0, 6], [6, 0], [0, 2], [-6, 4], [6, 0], [0, 10], [0, 2], [0, 6], [6, 0], [-3, 1], [0, 6], [0, 6], [3, -1], [0, 2], [0, 6], [0, 6], [3, 3], [0, 2], [0, 10], [0, 2], [-6, 0], [0, 6], [0, 10], [6, 0], [-6, 4], [3, 3], [6, 0], [0, 10], [0, 6], [0, 10], [9, -3], [3, 3], [-6, -4], [6, 0], [0, 10], [0, 6], [0, 6], [0, 2], [0, 2], [0, 10], [0, 6], [0, 6], [0, 6], [0, 6], [3, 3], [0, 6], [-6, 4], [3, 7], [0, 10], [0, 6], [0, 6], [0, 10], [3, 3], [0, 10], [3, 3], [0, 10], [0, 6], [-3, 5], [0, 6], [0, 10], [3, 3], [-6, 0], [-3, 5], [-6, 4], [-3, 5], [6, 0], [0, 2], [-3, 5], [-6, 4], [-6, 0], [6, 0], [0, 6], [0, 6], [0, 10], [6, 0], [3, 3], [0, 6], [-3, 9], [-3, 5], [0, 6], [6, 0], [-3, 1], [6, 0], [-3, 9], [0, 6], [0, 6], [0, 6], [0, 10], [-6, 4], [-3, 5], [-3, 5], [6, 0], [6, 0], [0, 6], [0, 6], [0, 2], [0, 6], [0, 6], [-6, 0], [-3, 1], [0, 6], [0, 6], [6, 0], [3, 3], [3, 3], [6, 0], [0, 6], [0, 10], [6, 0], [0, 2], [0, 10], [0, 6], [3, 3], [0, 2], [-6, 0], [0, 2], [0, 6], [0, 6], [0, 2], [0, 10], [0, 2], [0, 10], [6, 0], [3, 3], [0, 2], [0, 6], [-6, 0], [-3, 1], [0, 6], [0, 10], [0, 6], [0, 6], [3, 7], [0, 10], [-3, 1], [3, 3], [0, 2], [0, 10], [-3, 9], [0, 6], [0, 6], [0, 10], [0, 6], [0, 10], [0, 6], [0, 2], [0, 10], [0, 6], [-6, 4], [3, 3], [0, 6], [3, -1], [6, 0], [6, 0], [0, 10], [0, 6], [-6, 0], [3, 3], [6, 0], [0, 6], [3, 3], [0, 10], [0, 6], [3, 7], [0, 6], [-6, 4], [0, 10], [0, 6], [6, 0], [-3, 5], [-6, 4]]

exec_time (ms): 273815.7992362976 ms
exec_time: 4m 33s 815.7992362976074ms