N: 35
n: 6
number_of_primes (d): 3
exp_register_width (qd): 5
primes: [2, 3, 11]

R: 11287
T: 3
t: 16
delta: 0.00010850933564202967
delta_inv: 9216Percent of combinations (with positive values of result vector) that gives % N = 1: 37.4%
Percent of combinations (with positive values of result vector) that give p and q: 30.7%
Vectors that gives p and q: [[-1, -1, 0], [-1, -1, 0], [1, 1, 0], [-1, -1, 0], [-1, -1, 0], [-1, -1, 0], [-1, -1, 0], [-1, -1, 0], [1, 1, 0], [-1, -1, 0], [1, 1, 0], [-1, -1, 0], [1, 1, 0], [-1, -1, 0], [-1, -1, 0], [-1, -1, 0], [1, 1, 0], [-1, -1, 0], [-1, -1, 0], [1, 1, 0], [1, 1, 0], [1, 1, 0], [-1, -1, 0], [-1, -1, 0], [-1, -1, 0], [1, 1, 0], [-1, -1, 0], [-1, -1, 0], [-1, -1, 0], [1, 1, 0], [1, 1, 0], [-1, -1, 0], [-1, -1, 0], [1, 1, 0], [1, 1, 0], [1, 1, 0], [-1, -1, 0], [1, 1, 0], [-1, -1, 0], [1, 1, 0], [1, 1, 0], [-1, -1, 0], [-1, -1, 0], [-1, -1, 0], [1, 1, 0], [-1, -1, 0], [1, 1, 0], [-1, -1, 0], [-1, -1, 0], [1, 1, 0], [-1, -1, 0], [-1, -1, 0], [-1, -1, 0], [1, 1, 0], [-1, -1, 0], [-1, -1, 0], [1, 1, 0], [-1, -1, 0], [1, 1, 0], [1, 1, 0], [-1, -1, 0], [-1, -1, 0], [-1, -1, 0], [-1, -1, 0], [1, 1, 0], [-1, -1, 0], [-1, -1, 0], [-1, -1, 0], [-1, -1, 0], [1, 1, 0], [1, 1, 0], [1, 1, 0], [-1, -1, 0], [1, 1, 0], [1, 1, 0], [1, 1, 0], [1, 1, 0], [-1, -1, 0], [1, 1, 0], [1, 1, 0], [-1, -1, 0], [1, 1, 0], [-1, -1, 0], [1, 1, 0], [1, 1, 0], [-1, -1, 0], [1, 1, 0], [-1, -1, 0], [1, 1, 0], [-1, -1, 0], [-1, -1, 0], [-1, -1, 0], [1, 1, 0], [1, 1, 0], [-1, -1, 0], [-1, -1, 0], [-1, -1, 0], [-1, -1, 0], [1, 1, 0], [-1, -1, 0], [1, 1, 0], [1, 1, 0], [-1, -1, 0], [-1, -1, 0], [-1, -1, 0], [-1, -1, 0], [-1, -1, 0], [1, 1, 0], [-1, -1, 0], [1, 1, 0], [-1, -1, 0], [-1, -1, 0], [-1, -1, 0], [-1, -1, 0], [-1, -1, 0], [-1, -1, 0], [-1, -1, 0], [-1, -1, 0], [-1, -1, 0], [-1, -1, 0], [-1, -1, 0], [-1, -1, 0], [-1, -1, 0], [-1, -1, 0], [-1, -1, 0], [-1, -1, 0], [1, 1, 0], [-1, -1, 0], [1, 1, 0], [1, 1, 0], [1, 1, 0], [1, 1, 0], [-1, -1, 0], [-1, -1, 0], [1, 1, 0], [-1, -1, 0], [-1, -1, 0], [-1, -1, 0], [-1, -1, 0], [-1, -1, 0], [-1, -1, 0], [1, 1, 0], [-1, -1, 0], [-1, -1, 0], [1, 1, 0], [1, 1, 0], [-1, -1, 0], [1, 1, 0], [1, 1, 0], [-1, -1, 0], [-1, -1, 0], [-1, -1, 0], [-1, -1, 0], [1, 1, 0], [1, 1, 0], [-1, -1, 0], [-1, -1, 0], [1, 1, 0], [-1, -1, 0], [-1, -1, 0], [-1, -1, 0], [1, 1, 0], [-1, -1, 0], [-1, -1, 0], [-1, -1, 0], [-1, -1, 0], [-1, -1, 0], [-1, -1, 0], [-1, -1, 0], [-1, -1, 0], [1, 1, 0], [1, 1, 0], [1, 1, 0], [-1, -1, 0], [-1, -1, 0], [-1, -1, 0], [-1, -1, 0], [1, 1, 0], [-1, -1, 0], [-1, -1, 0], [1, 1, 0], [1, 1, 0], [-1, -1, 0], [1, 1, 0], [-1, -1, 0], [-1, -1, 0], [1, 1, 0], [1, 1, 0], [1, 1, 0], [-1, -1, 0], [1, 1, 0], [1, 1, 0], [1, 1, 0], [1, 1, 0], [1, 1, 0], [1, 1, 0], [-1, -1, 0], [1, 1, 0], [1, 1, 0], [-1, -1, 3], [-1, -1, 0], [1, 1, 0], [1, 1, 0], [1, 1, 0], [-1, -1, 0], [1, 1, 0], [-1, -1, 0], [-1, -1, 0], [-1, -1, 0], [1, 1, 0], [1, 1, 0], [1, 1, 0], [-1, -1, 0], [1, 1, 0], [-1, -1, 0], [-1, -1, 0], [-1, -1, 0], [1, 1, 0], [1, 1, 0], [1, 1, 0], [-1, -1, 0], [1, 1, 0], [1, 1, 0], [1, 1, 0], [1, 1, 0], [-1, -1, 0], [1, 1, 0], [1, 1, 0], [-1, -1, 0], [-1, -1, 0], [1, 1, 0], [-1, -1, 0], [1, 1, 0], [-1, -1, 0], [-1, -1, 0], [-1, -1, 0], [1, 1, 0], [-1, -1, 0], [1, 1, 0], [1, 1, 0], [-1, -1, 0], [1, 1, 0], [1, 1, 0], [1, 1, 0], [1, 1, 0], [1, 1, 0], [1, 1, 0], [-1, -1, 0], [1, 1, 0], [-1, -1, 0], [1, 1, 0], [-1, -1, 0], [1, 1, 0], [-1, -1, 0], [-1, -1, 0], [-1, -1, 0], [-1, -1, 0], [-1, -1, 0], [-1, -1, 0], [1, 1, 0], [-1, -1, 0], [-1, -1, 0], [-1, -1, 0], [-1, -1, 0], [1, 1, 0], [-1, -1, 0], [-1, -1, 0], [1, 1, 0], [-1, -1, 0], [-1, -1, 0], [-1, -1, 0], [-1, -1, 0], [-1, -1, 0], [-1, -1, 0], [-1, -1, 0], [-1, -1, 0], [1, 1, 0], [1, 1, 0], [-1, -1, 0], [-1, -1, 0], [1, 1, 0], [-1, -1, 0], [1, 1, 0], [-1, -1, 0], [-1, -1, 0], [-1, -1, 0], [-1, -1, 0], [1, 1, 0], [-1, -1, 0], [1, 1, 0], [-1, -1, 0], [1, 1, 0], [-1, -1, 0], [-1, -1, 0], [-1, -1, 0], [-1, -1, 0], [-1, -1, 0], [1, 1, 0], [1, 1, 0], [-1, -1, 0], [1, 1, 0], [-1, -1, 0], [1, 1, 0], [-1, -1, 0], [1, 1, 0], [-1, -1, 0], [-1, -1, 0]]

exec_time (ms): 541352.5640964508 ms
exec_time: 9m 1s 352.56409645080566ms