N: 21
n: 5
number_of_primes (d): 2
exp_register_width (qd): 4
primes: [2, 5]

R: 3871
T: 4
t: 14
delta: 0.0002583311805734952
delta_inv: 3871Percent of combinations (with positive values of result vector) that gives % N = 1: 99.8%
Percent of combinations (with positive values of result vector) that give p and q: 99.7%
Vectors that gives p and q: [[-1, 1], [-1, 1], [-1, 1], [-1, 1], [-1, 1], [-1, 1], [-1, 1], [-1, 1], [-1, 1], [-1, 1], [-1, 1], [-1, 1], [-1, 1], [-1, 1], [-1, 1], [-1, 1], [-1, 1], [-1, 1], [-1, 1], [-1, 1], [-1, 1], [-1, 1], [-1, 1], [-1, 1], [-1, 1], [-1, 1], [-1, 1], [-1, 1], [-1, 1], [-1, 1], [-1, 1], [-1, 1], [-1, 1], [-1, 1], [-1, 1], [-1, 1], [-1, 1], [-1, 1], [-1, 1], [-1, 1], [-1, 1], [-1, 1], [-1, 1], [-1, 1], [-1, 1], [-1, 1], [-1, 1], [-1, 1], [-1, 1], [-1, 1], [-1, 1], [-1, 1], [-1, 1], [-1, 1], [-1, 1], [-1, 1], [-1, 1], [-1, 1], [-1, 1], [-1, 1], [-1, 1], [-1, 1], [-1, 1], [-1, 1], [-1, 1], [-1, 1], [-1, 1], [-1, 1], [-1, 1], [-1, 1], [-1, 1], [-1, 1], [-1, 1], [-1, 1], [-1, 1], [-1, 1], [-1, 1], [-1, 1], [-1, 1], [-1, 1], [-1, 1], [-1, 1], [-1, 1], [-1, 1], [-1, 1], [-1, 1], [-1, 1], [-1, 1], [-1, 1], [-1, 1], [-1, 1], [-1, 1], [-1, 1], [-1, 1], [-1, 1], [-1, 1], [-1, 1], [-1, 1], [-1, 1], [-1, 1], [-1, 1], [-1, 1], [-1, 1], [-1, 1], [-1, 1], [-1, 1], [-1, 1], [-1, 1], [-1, 1], [-1, 1], [-1, 1], [-1, 1], [-1, 1], [-1, 1], [-1, 1], [-1, 1], [-1, 1], [-1, 1], [-1, 1], [-1, 1], [-1, 1], [-1, 1], [-1, 1], [-1, 1], [-1, 1], [-1, 1], [-1, 1], [-1, 1], [-1, 1], [-1, 1], [-1, 1], [-1, 1], [-1, 1], [-1, 1], [-1, 1], [-1, 1], [-1, 1], [-1, 1], [-1, 1], [-1, 1], [-1, 1], [-1, 1], [-1, 1], [-1, 1], [-1, 1], [-1, 1], [-1, 1], [-1, 1], [-1, 1], [-1, 1], [-1, 1], [-1, 1], [-1, 1], [-1, 1], [-1, 1], [-1, 1], [-1, 1], [-1, 1], [-1, 1], [-1, 1], [-1, 1], [-1, 1], [-1, 1], [-1, 1], [-1, 1], [-1, 1], [-1, 1], [-1, 1], [-1, 1], [-1, 1], [-1, 1], [-1, 1], [-1, 1], [-1, 1], [-1, 1], [-1, 1], [-1, 1], [-1, 1], [-1, 1], [-1, 1], [-1, 1], [-1, 1], [-1, 1], [-1, 1], [-1, 1], [-1, 1], [-1, 1], [-1, 1], [-1, 1], [-1, 1], [-1, 1], [-1, 1], [-1, 1], [-1, 1], [-1, 1], [-1, 1], [-1, 1], [-1, 1], [-1, 1], [-1, 1], [-1, 1], [-1, 1], [-1, 1], [-1, 1], [-1, 1], [-1, 1], [-1, 1], [-1, 1], [-1, 1], [-1, 1], [-1, 1], [-1, 1], [-1, 1], [-1, 1], [-1, 1], [-1, 1], [-1, 1], [-1, 1], [-1, 1], [-1, 1], [-1, 1], [-1, 1], [-1, 1], [-1, 1], [-1, 1], [-1, 1], [-1, 1], [-1, 1], [-1, 1], [-1, 1], [-1, 1], [-1, 1], [-1, 1], [-1, 1], [-1, 1], [-1, 1], [-1, 1], [-1, 1], [-1, 1], [-1, 1], [-1, 1], [-1, 1], [-1, 1], [-1, 1], [-1, 1], [-1, 1], [-1, 1], [-1, 1], [-1, 1], [-1, 1], [-1, 1], [-1, 1], [-1, 1], [-1, 1], [-1, 1], [-1, 1], [-1, 1], [-1, 1], [-1, 1], [-1, 1], [-1, 1], [-1, 1], [-1, 1], [-1, 1], [-1, 1], [-1, 1], [-1, 1], [-1, 1], [-1, 1], [-1, 1], [-1, 1], [-1, 1], [-1, 1], [-1, 1], [-1, 1], [-1, 1], [-1, 1], [-1, 1], [-1, 1], [-1, 1], [-1, 1], [-1, 1], [-1, 1], [-1, 1], [-1, 1], [-1, 1], [-1, 1], [-1, 1], [-1, 1], [-1, 1], [-1, 1], [-1, 1], [-1, 1], [-1, 1], [-1, 1], [-1, 1], [-1, 1], [-1, 1], [-1, 1], [-1, 1], [-1, 1], [-1, 1], [-1, 1], [-1, 1], [-1, 1], [-1, 1], [-1, 1], [-1, 1], [-1, 1], [-1, 1], [-1, 1], [-1, 1], [-1, 1], [-1, 1], [-1, 1], [-1, 1], [-1, 1], [-1, 1], [-1, 1], [-1, 1], [-1, 1], [-1, 1], [-1, 1], [-1, 1], [-1, 1], [-1, 1], [-1, 1], [-1, 1], [-1, 1], [-1, 1], [-1, 1], [-1, 1], [-1, 1], [-1, 1], [-1, 1], [-1, 1], [-1, 1], [-1, 1], [-1, 1], [-1, 1], [-1, 1], [-1, 1], [-1, 1], [-1, 1], [-1, 1], [-1, 1], [-1, 1], [-1, 1], [-1, 1], [-1, 1], [-1, 1], [-1, 1], [-1, 1], [-1, 1], [-1, 1], [-1, 1], [-1, 1], [-1, 1], [-1, 1], [-1, 1], [-1, 1], [-1, 1], [-1, 1], [-1, 1], [-1, 1], [-1, 1], [-1, 1], [-1, 1], [-1, 1], [-1, 1], [-1, 1], [-1, 1], [-1, 1], [-1, 1], [-1, 1], [-1, 1], [-1, 1], [-1, 1], [-1, 1], [-1, 1], [-1, 1], [-1, 1], [-1, 1], [-1, 1], [-1, 1], [-1, 1], [-1, 1], [-1, 1], [-1, 1], [-1, 1], [-1, 1], [-1, 1], [-1, 1], [-1, 1], [-1, 1], [-1, 1], [-1, 1], [-1, 1], [-1, 1], [-1, 1], [-1, 1], [-1, 1], [-1, 1], [-1, 1], [-1, 1], [-1, 1], [-1, 1], [-1, 1], [-1, 1], [-1, 1], [-1, 1], [-1, 1], [-1, 1], [-1, 1], [-1, 1], [-1, 1], [-1, 1], [-1, 1], [-1, 1], [-1, 1], [-1, 1], [-1, 1], [-1, 1], [-1, 1], [-1, 1], [-1, 1], [-1, 1], [-1, 1], [-1, 1], [-1, 1], [-1, 1], [-1, 1], [-1, 1], [-1, 1], [-1, 1], [-1, 1], [-1, 1], [-1, 1], [-1, 1], [-1, 1], [-1, 1], [-1, 1], [-1, 1], [-1, 1], [-1, 1], [-1, 1], [-1, 1], [-1, 1], [-1, 1], [-1, 1], [-1, 1], [-1, 1], [-1, 1], [-1, 1], [-1, 1], [-1, 1], [-1, 1], [-1, 1], [-1, 1], [-1, 1], [-1, 1], [-1, 1], [-1, 1], [-1, 1], [-1, 1], [-1, 1], [-1, 1], [-1, 1], [-1, 1], [-1, 1], [-1, 1], [-1, 1], [-1, 1], [-1, 1], [-1, 1], [-1, 1], [-1, 1], [-1, 1], [-1, 1], [-1, 1], [-1, 1], [-1, 1], [-1, 1], [-1, 1], [-1, 1], [-1, 1], [-1, 1], [-1, 1], [-1, 1], [-1, 1], [-1, 1], [-1, 1], [-1, 1], [-1, 1], [-1, 1], [-1, 1], [-1, 1], [-1, 1], [-1, 1], [-1, 1], [-1, 1], [-1, 1], [-1, 1], [-1, 1], [-1, 1], [-1, 1], [-1, 1], [-1, 1], [-1, 1], [-1, 1], [-1, 1], [-1, 1], [-1, 1], [-1, 1], [-1, 1], [-1, 1], [-1, 1], [-1, 1], [-1, 1], [-1, 1], [-1, 1], [-1, 1], [-1, 1], [-1, 1], [-1, 1], [-1, 1], [-1, 1], [-1, 1], [-1, 1], [-1, 1], [-1, 1], [-1, 1], [-1, 1], [-1, 1], [-1, 1], [-1, 1], [-1, 1], [-1, 1], [-1, 1], [-1, 1], [-1, 1], [-1, 1], [-1, 1], [-1, 1], [-1, 1], [-1, 1], [-1, 1], [-1, 1], [-1, 1], [-1, 1], [-1, 1], [-1, 1], [-1, 1], [-1, 1], [-1, 1], [-1, 1], [-1, 1], [-1, 1], [-1, 1], [-1, 1], [-1, 1], [-1, 1], [-1, 1], [-1, 1], [-1, 1], [-1, 1], [-1, 1], [-1, 1], [-1, 1], [-1, 1], [-1, 1], [-1, 1], [-1, 1], [-1, 1], [-1, 1], [-1, 1], [-1, 1], [-1, 1], [-1, 1], [-1, 1], [-1, 1], [-1, 1], [-1, 1], [-1, 1], [-1, 1], [-1, 1], [-1, 1], [-1, 1], [-1, 1], [-1, 1], [-1, 1], [-1, 1], [-1, 1], [-1, 1], [-1, 1], [-1, 1], [-1, 1], [-1, 1], [-1, 1], [-1, 1], [-1, 1], [-1, 1], [-1, 1], [-1, 1], [-1, 1], [-1, 1], [-1, 1], [-1, 1], [-1, 1], [-1, 1], [-1, 1], [-1, 1], [-1, 1], [-1, 1], [-1, 1], [-1, 1], [-1, 1], [-1, 1], [-1, 1], [-1, 1], [-1, 1], [-1, 1], [-1, 1], [-1, 1], [-1, 1], [-1, 1], [-1, 1], [-1, 1], [-1, 1], [-1, 1], [-1, 1], [-1, 1], [-1, 1], [-1, 1], [-1, 1], [-1, 1], [-1, 1], [-1, 1], [-1, 1], [-1, 1], [-1, 1], [-1, 1], [-1, 1], [-1, 1], [-1, 1], [-1, 1], [-1, 1], [-1, 1], [-1, 1], [-1, 1], [-1, 1], [-1, 1], [-1, 1], [-1, 1], [-1, 1], [-1, 1], [-1, 1], [-1, 1], [-1, 1], [-1, 1], [-1, 1], [-1, 1], [-1, 1], [-1, 1], [-1, 1], [-1, 1], [-1, 1], [-1, 1], [-1, 1], [-1, 1], [-1, 1], [-1, 1], [-1, 1], [-1, 1], [-1, 1], [-1, 1], [-1, 1], [-1, 1], [-1, 1], [-1, 1], [-1, 1], [-1, 1], [-1, 1], [-1, 1], [-1, 1], [-1, 1], [-1, 1], [-1, 1], [-1, 1], [-1, 1], [-1, 1], [-1, 1], [-1, 1], [-1, 1], [-1, 1], [-1, 1], [-1, 1], [-1, 1], [-1, 1], [-1, 1], [-1, 1], [-1, 1], [-1, 1], [-1, 1], [-1, 1], [-1, 1], [-1, 1], [-1, 1], [-1, 1], [-1, 1], [-1, 1], [-1, 1], [-1, 1], [-1, 1], [-1, 1], [-1, 1], [-1, 1], [-1, 1], [-1, 1], [-1, 1], [-1, 1], [-1, 1], [-1, 1], [-1, 1], [-1, 1], [-1, 1], [-1, 1], [-1, 1], [-1, 1], [-1, 1], [-1, 1], [-1, 1], [-1, 1], [-1, 1], [-1, 1], [-1, 1], [-1, 1], [-1, 1], [-1, 1], [-1, 1], [-1, 1], [-1, 1], [-1, 1], [-1, 1], [-1, 1], [-1, 1], [-1, 1], [-1, 1], [-1, 1], [-1, 1], [-1, 1], [-1, 1], [-1, 1], [-1, 1], [-1, 1], [-1, 1], [-1, 1], [-1, 1], [-1, 1], [-1, 1], [-1, 1], [-1, 1], [-1, 1], [-1, 1], [-1, 1], [-1, 1], [-1, 1], [-1, 1], [-1, 1], [-1, 1], [-1, 1], [-1, 1], [-1, 1], [-1, 1], [-1, 1], [-1, 1], [-1, 1], [-1, 1], [-1, 1], [-1, 1], [-1, 1], [-1, 1], [-1, 1], [-1, 1], [-1, 1], [-1, 1], [-1, 1], [-1, 1], [-1, 1], [-1, 1], [-1, 1], [-1, 1], [-1, 1], [-1, 1], [-1, 1], [-1, 1], [-1, 1], [-1, 1], [-1, 1], [-1, 1], [-1, 1], [-1, 1], [-1, 1], [-1, 1], [-1, 1], [-1, 1], [-1, 1], [-1, 1], [-1, 1], [-1, 1], [-1, 1], [-1, 1], [-1, 1], [-1, 1], [-1, 1], [-1, 1], [-1, 1], [-1, 1], [-1, 1], [-1, 1], [-1, 1], [-1, 1], [-1, 1], [-1, 1], [-1, 1], [-1, 1], [-1, 1], [-1, 1], [-1, 1], [-1, 1], [-1, 1], [-1, 1], [-1, 1], [-1, 1], [-1, 1], [-1, 1], [-1, 1], [-1, 1], [-1, 1], [-1, 1], [-1, 1], [-1, 1], [-1, 1], [-1, 1], [-1, 1], [-1, 1], [-1, 1], [-1, 1], [-1, 1], [-1, 1], [-1, 1], [-1, 1], [-1, 1], [-1, 1], [-1, 1], [-1, 1], [-1, 1], [-1, 1], [-1, 1], [-1, 1], [-1, 1], [-1, 1], [-1, 1], [-1, 1], [-1, 1], [-1, 1], [-1, 1], [-1, 1], [-1, 1], [-1, 1], [-1, 1], [-1, 1], [-1, 1], [-1, 1], [-1, 1], [-1, 1], [-1, 1], [-1, 1], [-1, 1], [-1, 1], [-1, 1], [-1, 1], [-1, 1], [-1, 1], [-1, 1], [-1, 1], [-1, 1], [-1, 1], [-1, 1], [-1, 1], [-1, 1], [-1, 1], [-1, 1], [-1, 1], [-1, 1], [-1, 1], [-1, 1], [-1, 1], [-1, 1], [-1, 1], [-1, 1], [-1, 1], [-1, 1], [-1, 1], [-1, 1], [-1, 1], [-1, 1], [-1, 1], [-1, 1], [-1, 1], [-1, 1], [-1, 1], [-1, 1], [-1, 1], [-1, 1], [-1, 1], [-1, 1], [-1, 1], [-1, 1], [-1, 1], [-1, 1], [-1, 1], [-1, 1], [-1, 1], [-1, 1], [-1, 1], [-1, 1], [-1, 1], [-1, 1], [-1, 1], [-1, 1], [-1, 1], [-1, 1], [-1, 1], [-1, 1], [-1, 1], [-1, 1], [-1, 1], [-1, 1], [-1, 1], [-1, 1], [-1, 1], [-1, 1], [-1, 1], [-1, 1], [-1, 1], [-1, 1], [-1, 1], [-1, 1], [-1, 1], [-1, 1], [-1, 1], [-1, 1], [-1, 1], [-1, 1], [-1, 1], [-1, 1], [-1, 1], [-1, 1], [-1, 1], [-1, 1], [-1, 1], [-1, 1], [-1, 1], [-1, 1], [-1, 1], [-1, 1], [-1, 1], [-1, 1], [-1, 1], [-1, 1], [-1, 1], [-1, 1], [-1, 1], [-1, 1], [-1, 1], [-1, 1], [-1, 1], [-1, 1], [-1, 1], [-1, 1], [-1, 1], [-1, 1], [-1, 1], [-1, 1], [-1, 1], [-1, 1], [-1, 1], [-1, 1], [-1, 1], [-1, 1], [-1, 1], [-1, 1], [-1, 1], [-1, 1], [-1, 1], [-1, 1]]

exec_time (ms): 110627.08735466003 ms
exec_time: 1m 50s 627.0873546600342ms