N: 35
n: 6
number_of_primes (d): 2
exp_register_width (qd): 5
primes: [2, 3]

R: 5431
T: 5
t: 14
delta: 0.00018412815319462345
delta_inv: 5431Percent of combinations (with positive values of result vector) that gives % N = 1: 58.9%
Percent of combinations (with positive values of result vector) that give p and q: 34.7%
Vectors that gives p and q: [[1600, 1426], [-541, -481], [-328, 818], [-510, -552], [818, -256], [385, -491], [-157, -1225], [-510, -504], [169, -623], [-1755, 945], [-575, 169], [844, -1910], [1431, -1473], [2165, 365], [-676, 230], [-512, -506], [-1077, -1017], [952, -266], [-292, 98], [-522, -528], [-545, -521], [931, -641], [579, 471], [795, -1293], [-87, 897], [1658, 1292], [-534, -504], [-331, -1843], [1458, -1428], [451, -989], [405, -747], [-636, -486], [-842, 1384], [-571, -547], [-528, -486], [-505, -529], [186, -720], [626, -2668], [791, -757], [-494, -524], [-250, 1352], [-651, 1209], [-611, -503], [134, -220], [-454, -592], [-1004, 1978], [1272, -282], [-510, -516], [-493, -517], [-1066, -988], [-884, -86], [-979, -1123], [-208, -1126], [-469, -553], [-500, -506], [440, 1178], [998, 1004], [976, 262], [69, 1617], [760, -686], [1438, -1412], [-504, -534], [-751, 221], [1545, 9], [-823, 209], [-515, -503], [-134, -1316], [-1002, 768], [-332, -1118], [2393, 185], [-504, -510], [-736, 578], [-485, -521], [-659, 733], [131, -181], [-583, 1481], [-1244, 238], [505, -239], [610, 208], [702, 1092], [-714, 696], [732, -570], [75, -717], [-519, -507], [-717, -453], [-506, -548], [401, 893], [1064, -1138], [1552, 898], [1457, -1435], [-765, 159], [-1558, 1484], [1374, -1440], [-317, 283], [-754, 776], [1219, -485], [1491, -1449], [760, -146], [-516, -498], [-479, 241], [-1587, 1581], [-714, 696], [221, -535], [761, -1075], [-534, -1728], [-509, -509], [-378, -540], [-502, -508], [-331, 1373], [-1211, 1393], [-505, -505], [-513, -501], [633, -423], [1495, -1493], [747, -1221], [813, 225], [-516, -486], [2002, -956], [1193, 725], [1548, -1470], [-440, 1246], [-146, -824], [262, 976], [-355, 425], [1562, -1516], [-237, 831], [2021, -1027], [-567, 213], [-467, -551], [-518, -500], [-512, -566], [-1047, -939], [-573, 759], [418, 1180], [-507, -507], [-1053, -993], [570, 528], [-510, -504], [-529, -505], [-507, -507], [-70, -1108], [1212, -114], [-548, -542], [-602, -464], [962, -1972], [510, -876], [-1281, -681], [-1493, 1495], [-523, -535], [-296, 526], [-619, 2681], [-207, 585], [-1523, 1513], [-801, 411], [-1411, 1073], [-168, 702], [-477, -573], [-808, -334], [106, -260], [-1074, -372], [-1281, 1347], [13, 757], [-278, -1028], [-1591, -1483], [734, -304], [279, 1179], [-1084, 278], [-233, 343], [-483, -543], [-1532, 1486], [281, -619], [769, -1451], [-1755, 417], [-1221, 819], [-490, -532], [-1195, 1457], [443, -997], [2066, -1072], [1039, 1015], [191, -733], [-961, 1979], [1005, -1287], [-506, -512], [-1028, 214], [-298, 1100], [1710, -300], [-502, -604], [-1071, 213], [-500, -494], [937, 1045], [-554, -512], [-1543, 1577], [1288, -518], [-1360, 842], [800, -1870], [-504, -522], [-565, -529], [-502, -520], [-487, -571], [-1493, 1495], [-747, 1221], [-540, 1422], [315, -129], [-657, -1245], [-496, -538], [835, -1373], [-638, 172], [-1031, -287], [-1346, 88], [-85, -85], [113, -619], [359, -1069], [-180, -1314], [1498, -1496], [-1892, 490], [-414, -732], [1307, 899], [1432, -1454], [196, -758], [1542, -204], [-467, 913], [-507, -507], [1377, 201], [360, 1326], [-711, 765], [-1022, -1052], [-516, -510], [1076, -850], [878, -1852], [-530, -500], [-538, 140], [-538, -532], [-925, 239], [-738, 612], [687, -261], [-486, -540], [-676, 1010], [-1289, 271], [-893, -245], [-327, 1761], [-1035, 2001], [-989, 787], [886, -1304], [-503, -527], [-1397, -665], [219, -681], [494, -364], [1417, -779], [1739, 1235], [-1153, 1391], [-534, -480], [-86, -1160], [-512, -506], [254, -640], [-1334, 568], [-523, -487], [-535, -499], [-488, -494], [-1169, 1027], [1091, -2065], [-808, 1034], [-491, -515], [308, -262], [-521, -509], [-12, -1494], [-1669, 587], [-1280, -62], [-1681, 887], [-580, -502], [-624, 726], [-889, 683], [-505, -505], [244, -1274], [175, 1159], [-2003, -479], [210, 996], [-407, 625], [774, -1176], [-535, 221], [-39, 1101], [-1466, 1480], [107, -649], [-999, -1047], [-1281, 819], [1029, -1995], [-487, -523], [-439, -607], [236, -1282], [1284, -426], [-1024, -1042], [-526, -496], [-445, 731], [-1012, -1054], [-453, -465], [-812, 382], [-1424, 1438], [-507, -507], [710, -1060], [-361, -757], [-484, -586], [-563, -503], [-480, -510], [729, -111], [1720, -290], [-282, -1140], [-1138, 248], [-1277, 979], [-372, -702], [-491, -515], [-472, -538], [888, -1974], [233, -535], [-497, -581], [1334, -1204], [151, -821], [1949, -907], [528, 558], [-518, -500], [-663, 717], [893, -211], [-1046, -992], [-214, 80], [-523, -547], [252, -774], [262, 1420], [701, 1193], [-936, -1098], [-544, -526], [-1467, 1449], [732, -570], [-501, -501], [736, -578], [-493, -565], [-1306, 980], [908, 1490], [-701, 199], [-527, -467], [-637, 1715], [-1429, 1451], [-1506, 1476], [-516, -522], [1900, -422], [256, -950], [-415, 737], [226, 748], [-1254, 204], [340, -674]]

exec_time (ms): 207563.20476531982 ms
exec_time: 3m 27s 563.2047653198242ms