N: 57
n: 6
number_of_primes (d): 2
exp_register_width (qd): 5
primes: [2, 5]

R: 5431
T: 5
t: 14
delta: 0.00018412815319462345
delta_inv: 5431Percent of combinations (with positive values of result vector) that gives % N = 1: 42.6%
Percent of combinations (with positive values of result vector) that give p and q: 24.1%
Vectors that gives p and q: [[-1004, 479], [848, -413], [199, -1777], [169, 647], [887, -227], [-1341, 387], [-1115, -661], [-330, 1293], [464, -191], [-643, 241], [-722, 179], [1993, -385], [-1369, -311], [-2044, 517], [-908, 221], [1480, -1429], [496, 1013], [-501, -399], [676, -103], [166, 605], [-278, -463], [556, -991], [-1988, 473], [690, -843], [-859, 223], [-485, -1021], [-14, -1573], [506, 1027], [-65, 701], [-113, -601], [-151, 1189], [2046, -489], [1065, -777], [-1173, -303], [-674, 923], [2033, -491], [570, 1005], [480, -1281], [-573, -993], [-436, -1361], [593, 1687], [-647, 257], [-781, 289], [-521, -985], [-1223, 239], [-63, 909], [-659, 341], [-819, 531], [-1488, 1443], [-786, 219], [1958, -443], [-551, -1027], [-1988, 383], [866, -323], [502, 1025], [2297, 667], [-1220, -1591], [206, -455], [1973, -449], [567, 1035], [-517, -1055], [-1030, -1937], [-95, 1181], [-1163, 251], [-633, 2199], [-2689, 721], [-291, -483], [-535, -983], [-1171, 319], [-505, -1031], [-1207, -491], [-521, -1003], [848, 2089], [-703, -275], [-542, -1009], [-546, 231], [-2029, 421], [-404, -409], [-646, 55], [1958, -461], [-924, 429], [-1850, -673], [1348, -379], [-2026, 445], [-604, -5], [-722, -685], [-603, 279], [-571, -353], [221, 1303], [-485, -1075], [1685, 1495], [448, 1835], [1362, 627], [-528, -1011], [-1408, 1339], [-87, 915], [-746, 419], [-728, 671], [-566, -985], [581, 169], [-1203, 609], [-1198, 967], [-1252, -437], [-592, -935], [-696, 435], [-1484, 1445], [-705, 435], [-611, -13], [2016, -459], [45, 603], [-550, -1013], [-531, -1035], [-737, -13], [-294, 1239], [-82, 733], [-490, 1951], [-946, 157], [-873, 297], [-875, -163], [-350, -1111], [321, 1101], [-1378, -1013], [-2049, 501], [501, 1029], [-424, 715], [-1688, -133], [-2028, 471], [504, 1035], [-332, -1453], [-811, 355], [-778, 133], [-518, -1015], [-1566, -189], [861, 471], [387, -585], [485, 1057], [-1507, 889], [1183, -385], [493, 1061], [-1199, -793], [1320, 1083], [-1632, -195], [501, 1029], [-1111, 853], [-1950, 429], [755, -1121], [-1391, 1361], [770, -767], [-254, 593], [-205, 1783], [-938, -2161], [-1098, 99], [-1403, 1229], [-943, 1], [-497, -1009], [216, -747], [462, -669], [-524, -1009], [-1234, -311], [33, -681], [609, -1617], [-394, -1313], [-2137, 943], [-479, -1045], [352, -625], [-2056, 493], [667, -1453], [1266, -177], [-457, -269], [-298, -617], [-909, 729], [-427, -407], [-509, -1033], [-1017, 63], [-1105, -521], [-737, -1579], [-943, 397], [1563, -1437], [-455, -331], [556, 233], [1399, -1447], [95, -1379], [-272, -505], [-1119, 453], [-268, -449], [677, -143], [818, -347], [234, -1125], [-681, 375], [-126, -1251], [-1061, 887], [-798, 2373], [-641, -793], [-885, 489], [286, -667], [-785, 881], [-737, 365], [-999, 243], [-1079, -1255], [1702, -1471], [-451, -941], [-1026, 243], [1040, -1109], [627, 489], [-1615, -209], [-1085, -277], [-6, 951], [629, -761], [182, 523], [1233, -81], [999, 387], [-490, -1019], [-668, -379], [537, 1029], [479, 1081], [394, 935], [-739, 121], [-488, -1009], [-524, -1009], [-523, -1013], [735, 309], [800, 2137], [-806, -205], [-526, -1055], [1322, 679], [-546, -1065], [2022, -483], [-1990, 517], [620, 967], [-1964, 323], [555, 2199], [-525, -1095], [-72, -2331], [-501, -1029], [1972, -427], [2027, -485], [1163, 793], [-516, -303], [-23, 767], [-1287, 1989], [-2019, 507]]

exec_time (ms): 244641.57819747925 ms
exec_time: 4m 4s 641.578197479248ms