N: 69
n: 7
number_of_primes (d): 2
exp_register_width (qd): 5
primes: [2, 5]

R: 6517
T: 6
t: 15
delta: 0.00015344483658124905
delta_inv: 6517Percent of combinations (with positive values of result vector) that gives % N = 1: 46.7%
Percent of combinations (with positive values of result vector) that give p and q: 31.0%
Vectors that gives p and q: [[1653, 1468], [1349, 1493], [-1, 2], [-1, 2], [-1, 2], [-1969, 968], [-1885, 899], [-999, -1819], [743, 406], [-1565, -2403], [-1785, -412], [-1319, -3577], [-233, -2196], [-1829, 930], [337, -509], [995, -505], [-2615, -644], [-527, -2059], [-1, 2], [-437, 60], [-1939, 853], [-1155, -583], [-1775, -212], [-1, 2], [901, 2257], [-1929, -2423], [1737, -31], [-1, 2], [-1229, -4516], [-413, -1946], [683, -453], [-1, 2], [-1, 2], [345, -1559], [-1, 2], [-1, 2], [-1, 2], [-1, 2], [-1, 2], [-1, 2], [-1, 2], [981, 1811], [-1155, -2706], [-1, 2], [-709, -1948], [-1237, -265], [105, -2333], [-1, 2], [-1, 2], [-1, 2], [-1909, -1605], [-1, 2], [-2353, 119], [1231, 1729], [-205, 1037], [-1, 2], [179, -1348], [-2035, 935], [-557, 135], [-1, 2], [-1897, -1343], [-1737, 812], [-1035, -1560], [-1, 2], [-819, 1649], [1, -2], [303, -1288], [-1, 2], [-1807, 699], [-1, 2], [1747, -766], [-1, 2], [-1859, 803], [-1, 2], [-1097, -2734], [-1, 2], [-1859, 836], [-555, -2102], [-1279, -1380], [-677, 903], [-251, 1294], [-1, 2], [81, -1020], [-1, 2], [-2027, 974], [1751, 205], [-1, 2], [653, -1064], [233, -950], [-725, -1047], [-249, 762], [-1897, 846], [-201, 1315], [-1, 2], [-135, -1127], [-1, 2], [-805, 1203], [-843, -536], [-883, -2040], [-451, -2035], [-1, 2], [-1, 2], [-1853, 626], [1969, -957], [-465, 2536], [-1, 2], [-1657, -3506], [-1877, 872], [-1735, -391], [-2701, 144], [-499, -1829], [-781, -605], [-293, 2654], [-883, -687], [-1, 2], [35, -1214], [-1, 2], [191, -2483], [-611, -120], [-151, -919], [-1, 2], [-1, 2], [-1975, 1024], [1187, 1344], [-1, 2], [-1779, 907], [-829, -1818], [331, -684], [-1, 2], [-1531, -568], [-1159, -256], [67, -794], [1595, 1991], [-1, 2], [-1963, 967], [-1163, -3570], [-599, -672], [875, -1277], [-1485, 440], [-1, 2], [-291, 1495], [-1127, -2289], [-1855, 850], [2511, 2227], [-1, 2], [-1181, -1015], [-1, 2], [-1, 2], [1241, 1269], [-553, -907], [-1457, -2190], [177, -1399], [-1, 2], [-1, 2], [2653, -576], [-527, -739], [-1, 2], [-1, 2], [-1727, -1485], [-2071, 1018], [-1, 2], [997, -674], [-1, 2], [-705, -1835], [-753, -1882], [-1437, -349], [107, 2283], [-1601, 661], [-1197, -1797], [249, 1097], [1, -2], [-1943, 916], [-1, 2], [-1189, -339], [-1, 2], [869, 1991], [1, -2], [1953, 230], [-1, 2], [655, -870], [-1927, 928], [-1, 2], [-1391, 384], [-1, 2], [-1859, -1683], [-1, 2], [-1943, 1092], [-1, 2], [-1, 2], [927, -2514], [-2491, -3279], [-1935, 988], [519, -1082], [-1, 2], [-1643, -894], [-1387, 222], [-1559, 313], [1785, -1986], [-393, -50], [1515, 1403], [-1, 2], [-1, 2], [-1895, 875], [2593, 182], [-1823, -1502], [-1773, 851], [-1885, 910], [-705, -1835], [-1, 2], [87, -1208], [-2001, 922], [45, 2231], [-1643, -3215], [-1, 2], [1529, -231], [-1941, 934], [-1973, 723], [-747, 427], [511, -593], [239, -599], [-1, 2], [827, -1500], [-1, 2], [-1397, -1496], [-1643, 459], [-1, 2], [-1, 2], [-2083, -4601], [-1, 2], [359, 525], [-1747, -1412], [-1, 2], [-1, 2], [-1359, -2672], [-349, 874], [113, -1227], [-1, 2], [-1, 2], [-1881, -2442], [-1755, 727], [-845, -1401], [-1, 2], [2089, 2191], [-1, 2], [345, 1004], [-1905, 862], [-1, 2], [-1209, -310], [-927, -390], [-1, 2], [-1, 2], [-659, -1575], [-1, 2], [-1, 2], [-355, -1677], [-1, 2], [841, 914], [-1929, 899], [-2241, -1909], [-1061, -1849], [-1, 2], [-1, 2], [1295, 2591], [-1, 2], [-1943, 938], [-1, 2], [-1469, -1561], [-1759, 746], [-1, 2], [-1851, 842], [-601, -2505], [1637, 1874], [-895, -795], [-1455, -1446], [-1115, -58], [-1, 2], [349, -1369], [-1, 2], [-1, 2], [-421, -2238], [-1, 2], [-1, 2], [-789, -655], [537, 1280], [815, -1289], [-1, 2], [265, 1010], [-1, 2], [-1, 2], [-1, 2], [-1653, 1403], [-1543, -1061], [-1205, -439], [-961, -3875], [-1, 2], [-1, 2], [-1631, -1897], [-837, -2902], [197, -1527], [637, -449], [-1237, -3796], [2473, 994], [-1433, -1017], [-1069, -337], [-1, 2], [-525, 775], [1827, 1318], [-1, 2], [-1, 2], [-1607, -3045]]

exec_time (ms): 190451.85136795044 ms
exec_time: 3m 10s 451.85136795043945ms