N: 77
n: 7
number_of_primes (d): 2
exp_register_width (qd): 5
primes: [2, 3]

R: 6517
T: 6
t: 15
delta: 0.00015344483658124905
delta_inv: 6517Percent of combinations (with positive values of result vector) that gives % N = 1: 41.0%
Percent of combinations (with positive values of result vector) that give p and q: 27.3%
Vectors that gives p and q: [[-1694, 733], [-899, -512], [-1, 2], [-1, 2], [-1, 2], [-1, 2], [-1, 2], [-1, 2], [-1, 2], [-1940, 1105], [-251, -1148], [221, -1522], [-1791, -318], [664, -1583], [-1, 2], [-1, 2], [-1056, -93], [1772, 2291], [-2817, -1476], [-1, 2], [-580, -1075], [-1, 2], [-1850, 865], [-175, -1510], [-1, 2], [-1, 2], [2325, -1140], [-750, -1575], [-1, 2], [-1, 2], [-1759, -1462], [335, 2120], [-1, 2], [-1122, -411], [-1, 2], [-1, 2], [-1136, -593], [-2203, 56], [-1, 2], [-1, 2], [673, 904], [471, -1962], [-1, 2], [-1, 2], [585, 2340], [-1, 2], [-855, -420], [-1, 2], [-1, 2], [695, -1150], [-1, 2], [-1, 2], [-203, -1154], [2348, 1739], [159, -1548], [-1753, -2854], [-502, 2009], [-1498, 2081], [-1, 2], [-1898, 871], [-936, -2133], [-324, 1533], [-1, 2], [-1, 2], [-1, 2], [-1, 2], [1359, 1812], [-1, 2], [-1, 2], [-1, 2], [1450, 475], [-977, 2914], [1681, 718], [-2505, 1170], [-1, 2], [139, -1238], [-1, 2], [577, -2414], [-1, 2], [-1938, 921], [-1741, -118], [-1, 2], [-1, 2], [293, -1756], [366, -1677], [-385, -2560], [-1, 2], [-1, 2], [-1, 2], [-1, 2], [-1, 2], [-1, 2], [803, -1606], [-1, 2], [-952, -541], [-1829, 718], [-450, -1575], [-726, -783], [-1, 2], [-1, 2], [-1, 2], [-1, 2], [-1, 2], [-1281, -108], [-1, 2], [-1, 2], [-1, 2], [-2031, -3198], [-1, 2], [-1771, 872], [-1, 2], [-1, 2], [-1, 2], [-1850, -2885], [515, 1490], [589, -938], [-1, 2], [-1, 2], [-1428, -279], [-1590, 195], [-1, 2], [-1, 2], [-1, 2], [-1, 2], [380, -1225], [-1, 2], [-1687, 974], [-1, 2], [-2707, -1216], [-1, 2], [-1, 2], [-1, 2], [-1, 2], [1, -2], [-1, 2], [-1520, -1985], [-1, 2], [-1580, 565], [-1486, 377], [-1833, 726], [-1705, -2680], [-1, 2], [-1838, 871], [-1421, -1148], [-1, 2], [619, 1582], [-229, -1342], [1036, -617], [-1, 2], [-1, 2], [-1010, -1595], [465, 1260], [-1329, -1512], [-1565, 760], [-2141, -1508], [-377, 1384], [-1965, 900], [-1, 2], [-1774, -2077], [1186, -1457], [356, -1327], [-1997, 934], [-1, 2], [823, 1444], [-1, 2], [-423, -1074], [-1, 2], [-484, 1313], [-1999, 1028], [-419, -1112], [-1, 2], [-1, 2], [-1, 2], [-29, -1532], [328, -2231], [-2440, 1145], [396, 993], [-1, 2], [1, -2], [266, -1507], [-1, 2], [-1505, -1070], [-1, 2], [-1, 2], [-1949, -2762], [-1, 2], [-1, 2], [-867, 1554], [-1, 2], [-1, 2], [-1, 2], [-1, 2], [-1708, 911], [278, -541], [-3076, -763], [-1, 2], [-953, 496], [-1, 2], [-1, 2], [-183, -2184], [-469, -1282], [-824, -2597], [-1, 2], [-1, 2], [313, -1406], [951, -1872], [-1, 2], [-1, 2], [-1, 2], [813, 2694], [-1577, -1526], [-741, 1182], [1837, 1366], [-1, 2], [-186, -1203], [-1905, 930], [826, -1367], [-856, -2593], [-1, 2], [79, -1358], [1, -2], [-403, -154], [-1, 2], [-1909, 938], [-1916, 907], [-1, 2], [812, -1129], [-1, 2], [-1578, -819], [-1, 2], [-1, 2], [-1, 2], [201, 1428], [-823, -604], [-1561, -1288], [-35, 1690], [-1, 2], [-1898, 841], [166, -467], [-1885, -700], [-1793, 826], [-2449, 1208], [-1799, 808], [-1, 2], [-1, 2], [-1, 2], [-1962, 909], [-1, 2], [-1, 2], [-1, 2], [-1120, -85], [-1, 2], [1, -2], [-1, 2], [-1, 2], [-1, 2], [1932, 501], [-1368, -939], [-1, 2], [-1, 2], [-1, 2], [-1, 2], [-1, 2], [1286, 233], [-1722, 669], [-1760, 775], [-1, 2], [-1162, -1471], [-1139, -1262], [-1025, -500], [-1, 2], [-1, 2], [-1, 2]]

exec_time (ms): 209350.2221107483 ms
exec_time: 3m 29s 350.222110748291ms