N: 91
n: 7
number_of_primes (d): 2
exp_register_width (qd): 5
primes: [2, 3]

R: 6517
T: 6
t: 15
delta: 0.00015344483658124905
delta_inv: 6517Percent of combinations (with positive values of result vector) that gives % N = 1: 29.5%
Percent of combinations (with positive values of result vector) that give p and q: 16.2%
Vectors that gives p and q: [[-300, -1989], [162, 1374], [186, -588], [-960, 717], [114, -372], [-1476, -2247], [-1524, -315], [510, 858], [-1596, -2361], [-1512, 387], [-12, 1137], [0, -1071], [126, 3708], [-750, -984], [1566, -1602], [-1464, -231], [-66, -1968], [-2364, -837], [378, -2388], [-2886, -174], [-138, -1680], [-612, 213], [1086, -912], [0, -1497], [-60, -1833], [144, -1431], [-108, -1833], [12, -1875], [-1716, -183], [-1224, -639], [630, -1470], [144, 3399], [-912, -2955], [918, -1356], [-114, -1926], [-3036, -69], [1410, -978], [-768, 669], [-1200, -1437], [-600, 159], [924, 1209], [1518, -2256], [270, -876], [-924, 81], [-846, -1368], [858, -804], [1404, -1425], [-1632, -1281], [-1998, -438], [-1500, 1797], [-984, 393], [1410, 1392], [-1080, 201], [-348, 2589], [216, -1341], [-1554, 480], [-2946, -96], [408, 2877], [-222, 1962], [240, -1323], [-1068, 615], [1326, 546], [-576, 1689], [180, 2229], [-318, -3018], [-816, -609], [-1038, -1914], [936, -135], [-1158, 912], [-2580, 69], [90, 2154], [-2136, 657], [78, -1692], [1044, -1797], [1500, -3561], [-636, -2259], [396, -1845], [-1290, -2034], [-2016, 555], [-390, -1422], [-1578, -144], [-2994, -120], [366, -1764], [-984, 1767], [1560, 63], [-270, 2316], [948, -135], [936, -1413], [-2844, -111], [-888, 1311], [-72, -2331], [1626, 90], [12, 1347], [-30, 600], [-996, -189], [-1674, -816], [1122, -1140], [2916, 237], [-1674, 726], [-186, -2196], [-2670, -144], [114, -1764], [-66, -2532], [-480, 45], [90, -1794], [-1506, 1308], [192, -1905], [-1344, -561], [60, 1293], [-534, -1560], [-1374, -312], [828, -2991], [-1710, 258], [192, -2337], [288, -1431], [-1458, 246], [-582, 372], [624, -1161], [-96, 1587], [-1608, 921], [-2886, -138], [252, -1611], [-2880, -57], [-1152, 207], [-2910, -102], [378, -882], [72, -729], [-1812, 123], [-474, -1530], [66, -1272], [732, 1377], [-228, -1671], [-1704, -1137], [-210, 1266], [1104, 2463], [1584, -123], [-1470, -1278], [-1470, -1338], [2814, 96], [-36, -3585], [-2952, -27], [2202, 1656], [-354, -2364], [-2520, -123], [480, 1995], [-378, -3498], [174, -1668], [-126, -726], [684, -1641], [480, -2013], [-2370, -3390], [-162, -2352], [534, 3156], [-210, -1638], [-1584, -309], [60, -4161], [-1602, -174], [816, 1299], [306, -936], [1182, -1986], [894, -1914], [402, -2556]]

exec_time (ms): 211582.1967124939 ms
exec_time: 3m 31s 582.1967124938965ms