N: 21
n: 5
number_of_primes (d): 2
exp_register_width (qd): 5
primes: [2, 5]

R: 4345
T: 4
t: 14
delta: 0.00023014959723820482
delta_inv: 4345Percent of combinations (with positive values of result vector) that gives % N = 1: 77.1%
Percent of combinations (with positive values of result vector) that give p and q: 73.2%
Vectors that gives p and q: [[-1, 1], [-1, 1], [-1, 1], [-1, 1], [1, 2], [1, -1], [1, -1], [-1, 1], [-1, -2], [-1, 1], [-5, 2], [-1, 1], [-1, 1], [1, -1], [1, -1], [-1, 1], [-1, 1], [-1, 1], [-1, 1], [1, 2], [1, -1], [1, -1], [1, 2], [-5, 2], [-1, 1], [-1, 1], [1, -1], [1, -1], [-1, 1], [-1, 1], [1, -1], [1, -1], [-1, 1], [1, -1], [1, 2], [-1, 1], [-1, -2], [-1, 1], [-1, 1], [-1, 1], [-5, 2], [-1, -2], [-1, 1], [1, -1], [1, 2], [-5, 2], [-1, 1], [-1, 1], [-1, 1], [1, -1], [-1, 1], [1, -1], [1, 2], [-1, 1], [-1, 1], [1, 2], [-1, 1], [-1, 1], [1, -1], [-1, 1], [-1, 1], [-1, 1], [-1, 1], [-1, 1], [1, 2], [-1, 1], [-1, 1], [-1, 1], [-1, 1], [1, 2], [1, -1], [-1, 1], [-1, 1], [-1, 1], [1, -1], [1, -1], [-1, 1], [-1, 4], [-1, 1], [-1, 4], [1, -1], [-1, 1], [1, -1], [1, 2], [-1, -2], [1, -1], [-1, 1], [-1, 1], [1, 2], [1, -1], [1, -1], [-1, 1], [-1, 1], [-1, 1], [1, 2], [-1, 1], [-1, 1], [1, -1], [1, -1], [-1, 1], [1, -1], [1, 2], [1, 2], [-1, 1], [1, 2], [-1, 1], [1, 2], [-1, 1], [-1, 4], [-1, 1], [1, 2], [-1, 1], [-1, 1], [-1, 1], [1, -1], [1, -1], [1, 2], [1, -1], [-1, -2], [1, -1], [-1, 1], [-1, 1], [1, -1], [1, 2], [-1, 1], [-1, 1], [1, -1], [-1, 1], [1, -1], [1, -1], [-1, 1], [1, -1], [-1, 1], [1, -1], [1, -1], [-1, 1], [-1, 1], [-1, 1], [-1, 1], [1, 2], [-1, 1], [-1, 1], [-1, 1], [1, -1], [-1, 1], [1, 2], [-1, 1], [1, -1], [-1, 1], [-1, 1], [1, -1], [-1, 1], [1, 2], [1, -1], [1, 2], [1, 2], [-1, 1], [1, 2], [-1, 1], [1, -1], [1, 2], [1, 2], [1, 2], [1, -1], [-1, 1], [1, 2], [1, 2], [-1, 1], [1, 2], [1, 5], [1, 2], [-1, 1], [-1, 1], [1, -1], [-1, 1], [1, -1], [-1, 1], [-1, 1], [1, -1], [1, -1], [-1, 1], [1, -1], [1, -1], [1, 2], [-1, 1], [-1, 1], [-1, 1], [1, 2], [-1, 1], [1, 2], [-1, 1], [-1, 1], [-1, 1], [-1, 1], [1, -1], [1, -1], [-1, 1], [-1, 1], [1, -1], [1, -1], [-1, 1], [-1, 1], [1, -1], [-1, 4], [-1, 1], [-1, 1], [-1, 1], [-1, 1], [1, -1], [-1, 1], [-1, 1], [-1, 1], [1, 2], [-1, 1], [-1, 1], [-1, 1], [1, -1], [-1, 1], [-1, 1], [1, 2], [1, -1], [-1, 1], [-1, 1], [-1, 1], [1, -1], [1, -1], [-1, 1], [1, -1], [-1, 1], [-1, 1], [1, -1], [1, 2], [-1, 1], [1, 2], [1, 2], [-1, 1], [1, -1], [-1, 1], [-1, 1], [1, -1], [1, 2], [-1, 4], [-1, 1], [-1, 1], [-1, 1], [1, 2], [-1, 1], [-1, 1], [-1, 1], [1, -1], [1, -1], [-1, 1], [-1, 1], [1, -1], [1, 2], [1, -1], [-1, 1], [-1, 1], [-1, 1], [-1, -2], [1, -1], [-1, 1], [1, -1], [1, -1], [1, 2], [-1, 1], [1, 2], [1, 2], [-1, 1], [1, -1], [1, 2], [-1, 1], [1, -1], [1, -1], [1, 2], [-1, 1], [-1, 1], [-1, 1], [-1, 1], [1, -1], [-1, 1], [-1, 1], [-1, 1], [-1, 1], [-1, 1], [-1, 1], [-1, 1], [-1, 1], [1, 2], [1, -1], [-1, 1], [1, 2], [1, 2], [1, -1], [-1, 1], [1, 2], [-1, 1], [1, 2], [1, 2], [-1, 1], [1, -1], [1, -1], [1, 2], [1, 2], [-1, 1], [-1, -2], [-1, 1], [-1, 1], [1, -1], [-1, 1], [-1, 1], [-1, -2], [1, 2], [1, 2], [-1, -2], [-1, 1], [-1, 1], [-1, 1], [1, -1], [-5, 2], [-1, 1], [-5, 2], [-1, 1], [1, -1], [1, -1], [1, 5], [1, 2], [1, -1], [1, 2], [-1, 1], [-1, 1], [1, -1], [1, 2], [-1, 1], [-1, 1], [-5, 2], [-1, 1], [1, -1], [-1, 1], [-1, 1], [-1, 1], [1, 2], [1, 2], [1, -1], [-1, 1], [1, -1], [-1, 1], [-1, 1], [1, -1], [1, -1], [1, -1], [-1, 1], [-1, 1], [-1, 1], [-1, 1], [-1, 1], [-1, 1], [-1, 1], [-1, 1], [1, -1], [1, -1], [-5, 2], [1, 2], [-1, 1], [-1, 1], [-1, 4], [-1, 1], [-1, 1], [1, -1], [-1, -2], [-1, 1], [-1, 1], [-1, 1], [1, 2], [-1, 1], [-1, 1], [1, 2], [-1, 1], [1, -1], [-1, 1], [-1, 1], [-1, 1], [-1, 1], [1, -1], [1, -1], [1, -1], [1, -1], [1, 2], [1, -1], [-1, 1], [1, 2], [-1, 1], [-1, 1], [-1, 1], [-1, 1], [1, 2], [1, 2], [-1, 1], [1, -1], [1, -1], [-1, 1], [-1, 1], [1, -1], [-1, 1], [-1, 1], [1, -1], [-1, 1], [1, -1], [1, -1], [1, -1], [-1, 1], [-1, 1], [-1, 1], [1, 2], [1, -1], [-1, 1], [1, 2], [-1, 1], [1, -1], [-1, 1], [1, 2], [1, -1], [-1, 1], [1, 2], [-1, 1], [1, -1], [-1, 1], [-1, 1], [-1, 1], [-1, 1], [1, 2], [-1, 1], [1, -1], [-1, 1], [-5, 2], [1, 2], [-1, 1], [1, -1], [-1, 1], [-1, 1], [1, -1], [1, 2], [-1, 1], [-1, 1], [-1, 1], [-1, 1], [1, 2], [-1, 1], [1, -1], [-1, 1], [1, -1], [1, 2], [-1, 1], [-1, -2], [-1, 1], [1, -1], [1, -1], [-1, 1], [1, -1], [1, -1], [-1, 1], [-5, 2], [-1, 1], [-1, 1], [-1, 1], [-1, 1], [-1, 1], [-1, 1], [-1, 1], [-1, 1], [-1, 1], [-1, 1], [1, 2], [-1, 1], [-1, -2], [-1, 1], [-1, 1], [1, -1], [1, -1], [-1, 1], [-1, 4], [-1, 1], [-1, 1], [-1, 1], [-1, 1], [-1, 1], [-1, 1], [1, 2], [-1, 1], [1, 2], [1, -1], [-5, 2], [-1, 1], [-1, 1], [-1, 1], [1, 2], [-1, 1], [1, -1], [1, 2], [-1, 1], [1, -1], [1, -1], [-1, 1], [-1, 1], [-1, 1], [-1, 1], [1, -1], [-1, 1], [1, -1], [-5, 2], [-1, 1], [-1, 4], [1, -1], [-1, 1], [-1, 1], [-1, 1], [1, 2], [1, -1], [1, 2], [-1, 1], [1, -1], [-5, 2], [-1, 1], [-1, 1], [-1, 1], [1, 5], [-1, 1], [1, 2], [1, -1], [1, -1], [-1, 1], [-1, 1], [-1, 1], [1, 2], [-1, 1], [1, -1], [-1, 1], [-1, 1], [1, 2], [1, -1], [1, 2], [-1, 1], [1, 2], [1, 2], [-5, 2], [-1, 1], [1, -1], [-1, -2], [-1, 1], [-1, 1], [-1, 1], [-1, -2], [-1, 1], [-5, 2], [-1, 1], [1, -1], [1, 2], [-5, 2], [-1, 1], [1, -1], [1, 2], [-1, 1], [-1, 1], [-1, 1], [-1, 1], [-1, 1], [1, -1], [-5, 2], [-5, 2], [-1, 1], [-1, 1], [1, -1], [1, 5], [1, -1], [1, -1], [-1, -2], [-1, -2], [-1, 1], [1, 2], [-1, 1], [1, 2], [-5, 2], [1, 2], [-1, 1], [-1, 1], [-1, -2], [-1, 1], [1, -1], [1, -1], [1, -1], [1, -1], [1, -1], [-1, 1], [-1, 4], [1, -1], [-1, 1], [-1, 1], [1, -1], [-1, 1], [-1, 1], [1, 2], [-1, 1], [-1, 1], [1, 2], [-1, 1], [-1, 1], [-5, 2], [-1, 1], [-1, 1], [-1, 1], [-1, 1], [-1, 1], [-5, 2], [1, 2], [-1, 1], [-1, 1], [-1, 1], [1, -1], [-1, 1], [-1, 1], [-1, 1], [1, -1], [1, -1], [1, -1], [1, -1], [1, -1], [-1, 1], [1, -1], [-1, 1], [1, -1], [1, 2], [1, -1], [-1, 1], [-1, 1], [1, -1], [-5, 2], [-1, 1], [1, 2], [1, 2], [-1, 1], [1, -1], [-1, 1], [-1, 1], [-1, 1], [1, 2], [-1, 1], [-1, 1], [1, 2], [-1, 1], [-1, 1], [1, 2], [1, 2], [-1, 1], [1, 2], [1, 2], [-1, 1], [-1, 1], [1, -1], [1, -1], [1, -1], [1, -1], [-1, 1], [-1, 1], [-1, 1], [-1, 1], [-1, -2], [-1, 1], [-1, 1], [-1, 1], [-1, 1], [1, 2], [1, 2], [-1, 1], [-1, 1], [1, -1], [-5, 2], [1, -1], [1, -1], [-1, 1], [-1, 1], [-1, 1], [-5, 2], [-1, 1], [-1, 1], [1, -1], [1, -1], [-1, 1], [-1, 1], [-1, 1], [-1, 1], [-1, 1], [1, -1], [-1, 1], [-1, 1], [1, 2], [1, -1], [1, -1], [-1, 1], [-1, 1], [-1, 1], [1, 2], [1, 2], [-1, 1], [1, -1], [1, -1], [-1, 1], [-5, 2], [-1, 1], [1, 2], [-1, 1], [-1, 1], [1, 2], [1, 2], [-5, 2], [1, 2], [-1, 1], [1, 2], [-5, 2], [1, -1], [-1, 1], [1, -1], [1, 2], [-1, 1], [1, 2], [1, 2], [-1, 1], [1, -1], [-1, 1], [-1, 1], [1, -1], [-1, 1], [1, -1]]

exec_time (ms): 127713.8819694519 ms
exec_time: 2m 7s 713.8819694519043ms