N: 35
n: 6
number_of_primes (d): 2
exp_register_width (qd): 5
primes: [2, 3]

R: 5431
T: 5
t: 14
delta: 0.00018412815319462345
delta_inv: 5431Percent of combinations (with positive values of result vector) that gives % N = 1: 84.3%
Percent of combinations (with positive values of result vector) that give p and q: 67.3%
Vectors that gives p and q: [[1, 1], [3, 3], [1, 1], [1, 1], [1, 1], [3, 3], [3, 3], [1, 1], [1, 1], [3, 3], [1, 1], [1, 1], [3, 3], [3, 3], [3, 3], [3, 3], [3, 3], [-1, -1], [1, 1], [3, 3], [3, 3], [1, 1], [3, 3], [-1, -1], [3, 3], [-1, -1], [3, 3], [1, 1], [1, 1], [3, 3], [1, 1], [3, 3], [3, 3], [2, 8], [3, 3], [1, 1], [3, 3], [3, 3], [1, 1], [1, 1], [3, 3], [-1, -1], [1, 1], [1, 1], [3, 3], [3, 3], [1, 1], [1, 1], [3, 3], [1, 1], [1, 1], [3, 3], [3, 3], [1, 1], [1, 1], [1, 1], [1, 1], [3, 3], [1, 1], [1, 1], [3, 3], [3, 3], [1, 1], [-1, -1], [1, 1], [3, 3], [1, 1], [3, 3], [3, 3], [1, 1], [1, 1], [3, 3], [1, 1], [3, 3], [1, 1], [3, 3], [3, 3], [1, 1], [3, 3], [3, 3], [1, 1], [1, 1], [1, 1], [3, 3], [-1, -1], [1, 1], [3, 3], [1, 1], [1, 1], [1, 1], [3, 3], [1, 1], [1, 1], [3, 3], [3, 3], [1, 1], [1, 1], [1, 1], [1, 1], [3, 3], [3, 3], [1, 1], [1, 1], [1, 1], [1, 1], [-1, -1], [1, 1], [3, 3], [3, 3], [1, 1], [3, 3], [3, 3], [1, 1], [1, 1], [3, 3], [1, 1], [3, 3], [1, 1], [3, 3], [3, 3], [1, 1], [1, 1], [1, 1], [3, 3], [1, 1], [-1, -1], [1, 1], [1, 1], [3, 3], [1, 1], [1, 1], [3, 3], [1, 1], [1, 1], [1, 1], [3, 3], [3, 3], [3, 3], [3, 3], [3, 3], [1, 1], [-1, -1], [3, 3], [3, 3], [3, 3], [1, 1], [6, 0], [1, 1], [3, 3], [1, 1], [3, 3], [3, 3], [-1, -1], [3, 3], [1, 1], [6, 0], [1, 1], [1, 1], [3, 3], [3, 3], [3, 3], [3, 3], [3, 3], [3, 3], [3, 3], [1, 1], [3, 3], [3, 3], [1, 1], [1, 1], [3, 3], [-1, -1], [3, 3], [3, 3], [1, 1], [0, 6], [3, 3], [1, 1], [3, 3], [5, 5], [3, 3], [1, 1], [3, 3], [1, 1], [5, 5], [3, 3], [1, 1], [3, 3], [3, 3], [3, 3], [1, 1], [-1, -1], [3, 3], [3, 3], [1, 1], [1, 1], [3, 3], [1, 1], [1, 1], [1, 1], [3, 3], [3, 3], [3, 3], [-1, -1], [-1, -1], [3, 3], [1, 1], [3, 3], [1, 1], [-1, -1], [3, 3], [1, 1], [-1, -1], [6, 0], [3, 3], [3, 3], [1, 1], [1, 1], [3, 3], [3, 3], [1, 1], [3, 3], [1, 1], [1, 1], [3, 3], [1, 1], [3, 3], [1, 1], [3, 3], [1, 1], [3, 3], [3, 3], [1, 1], [-1, -1], [3, 3], [0, 6], [3, 3], [-1, -1], [-1, -1], [1, 1], [3, 3], [1, 1], [1, 1], [1, 1], [3, 3], [1, 1], [3, 3], [-1, -1], [1, 1], [1, 1], [2, 8], [1, 1], [3, 3], [3, 3], [3, 3], [1, 1], [3, 3], [0, 6], [1, 1], [3, 3], [1, 1], [1, 1], [3, 3], [0, 6], [3, 3], [1, 1], [3, 3], [3, 3], [1, 1], [1, 1], [1, 1], [-1, -1], [3, 3], [3, 3], [1, 1], [3, 3], [3, 3], [1, 1], [1, 1], [1, 1], [3, 3], [1, 1], [3, 3], [1, 1], [-1, -1], [1, 1], [3, 3], [1, 1], [1, 1], [1, 1], [-1, -1], [3, 3], [3, 3], [1, 1], [3, 3], [1, 1], [1, 1], [1, 1], [3, 3], [-1, -1], [1, 1], [3, 3], [-1, -1], [3, 3], [1, 1], [3, 3], [1, 1], [1, 1], [-1, -1], [3, 3], [1, 1], [3, 3], [3, 3], [3, 3], [1, 1], [3, 3], [3, 3], [3, 3], [3, 3], [5, 5], [3, 3], [3, 3], [3, 3], [3, 3], [3, 3], [-1, -1], [3, 3], [1, 1], [1, 1], [3, 3], [1, 1], [3, 3], [3, 3], [3, 3], [1, 1], [1, 1], [3, 3], [0, 6], [3, 3], [1, 1], [1, 1], [1, 1], [3, 3], [1, 1], [3, 3], [1, 1], [3, 3], [-1, -1], [1, 1], [3, 3], [1, 1], [1, 1], [1, 1], [1, 1], [3, 3], [3, 3], [0, 6], [1, 1], [3, 3], [3, 3], [1, 1], [0, 6], [3, 3], [3, 3], [1, 1], [3, 3], [1, 1], [1, 1], [3, 3], [2, 8], [-1, -1], [1, 1], [1, 1], [3, 3], [1, 1], [1, 1], [2, 8], [1, 1], [3, 3], [1, 1], [3, 3], [3, 3], [3, 3], [3, 3], [1, 1], [1, 1], [-1, -1], [1, 1], [3, 3], [1, 1], [3, 3], [3, 3], [1, 1], [1, 1], [-1, -1], [1, 1], [0, 6], [3, 3], [1, 1], [1, 1], [1, 1], [1, 1], [-1, -1], [3, 3], [3, 3], [3, 3], [1, 1], [3, 3], [3, 3], [1, 1], [1, 1], [1, 1], [1, 1], [1, 1], [1, 1], [3, 3], [3, 3], [3, 3], [-1, -1], [3, 3], [3, 3], [1, 1], [3, 3], [1, 1], [1, 1], [3, 3], [3, 3], [1, 1], [3, 3], [3, 3], [3, 3], [-1, -1], [3, 3], [3, 3], [-1, -1], [1, 1], [3, 3], [3, 3], [3, 3], [-1, -1], [3, 3], [3, 3], [-1, -1], [3, 3], [3, 3], [3, 3], [1, 1], [3, 3], [3, 3], [1, 1], [3, 3], [1, 1], [3, 3], [-1, -1], [1, 1], [1, 1], [1, 1], [-1, -1], [3, 3], [1, 1], [3, 3], [-1, -1], [3, 3], [1, 1], [3, 3], [3, 3], [1, 1], [1, 1], [3, 3], [3, 3], [3, 3], [1, 1], [1, 1], [1, 1], [1, 1], [3, 3], [3, 3], [1, 1], [3, 3], [1, 1], [3, 3], [1, 1], [1, 1], [1, 1], [3, 3], [1, 1], [1, 1], [1, 1], [-1, -1], [1, 1], [1, 1], [1, 1], [3, 3], [3, 3], [3, 3], [3, 3], [3, 3], [3, 3], [3, 3], [1, 1], [1, 1], [3, 3], [3, 3], [3, 3], [3, 3], [1, 1], [3, 3], [1, 1], [1, 1], [1, 1], [-1, -1], [2, 8], [1, 1], [3, 3], [3, 3], [3, 3], [1, 1], [3, 3], [-1, -1], [3, 3], [3, 3], [3, 3], [3, 3], [3, 3], [3, 3], [1, 1], [3, 3], [1, 1], [3, 3], [3, 3], [1, 1], [1, 1], [3, 3], [1, 1], [3, 3], [1, 1], [3, 3], [3, 3], [1, 1], [1, 1], [3, 3], [-1, -1], [3, 3], [-1, -1], [1, 1], [1, 1], [1, 1], [-1, -1], [-1, -1], [1, 1], [-1, -1], [1, 1], [3, 3], [3, 3], [3, 3], [3, 3], [1, 1], [3, 3], [1, 1], [3, 3], [-1, -1], [3, 3], [1, 1], [3, 3], [3, 3], [-1, -1], [1, 1], [1, 1], [3, 3], [3, 3], [1, 1], [3, 3], [3, 3], [1, 1], [3, 3], [1, 1], [-1, -1], [-1, -1], [1, 1], [3, 3], [3, 3], [3, 3], [-1, -1], [1, 1], [1, 1], [1, 1], [1, 1], [4, -2], [1, 1], [3, 3], [3, 3], [3, 3], [3, 3], [3, 3], [3, 3], [1, 1], [3, 3], [3, 3], [3, 3], [3, 3], [-1, -1], [1, 1], [3, 3], [1, 1], [1, 1], [1, 1], [0, 6], [3, 3], [1, 1], [1, 1], [1, 1], [3, 3], [1, 1], [3, 3], [1, 1], [1, 1], [3, 3], [-1, -1], [-1, -1], [3, 3], [3, 3], [3, 3], [3, 3], [3, 3], [3, 3], [3, 3], [3, 3], [3, 3], [3, 3], [1, 1], [1, 1], [1, 1], [3, 3], [5, 5], [1, 1], [3, 3], [0, 6], [3, 3], [3, 3], [0, 6], [3, 3], [1, 1], [3, 3], [3, 3], [3, 3], [1, 1], [3, 3], [1, 1], [3, 3], [3, 3], [3, 3], [1, 1], [1, 1], [1, 1], [1, 1], [1, 1], [1, 1], [1, 1], [1, 1], [3, 3], [3, 3], [1, 1], [1, 1], [3, 3], [1, 1], [3, 3], [1, 1], [-1, -1], [1, 1], [3, 3], [-1, -1], [3, 3], [3, 3]]

exec_time (ms): 172984.40098762512 ms
exec_time: 2m 52s 984.4009876251221ms