N: 91
n: 7
number_of_primes (d): 2
exp_register_width (qd): 6
primes: [2, 3]

R: 7315
T: 6
t: 15
delta: 0.0001367053998632946
delta_inv: 7315Percent of combinations (with positive values of result vector) that gives % N = 1: 64.8%
Percent of combinations (with positive values of result vector) that give p and q: 64.1%
Vectors that gives p and q: [[0, 9], [0, 9], [0, 9], [0, 9], [0, 9], [0, 9], [0, 9], [0, 9], [0, 9], [0, 9], [0, 9], [0, 9], [0, 9], [0, 9], [0, 9], [0, 9], [0, 9], [0, 9], [0, 9], [0, 9], [0, 9], [0, 9], [0, 9], [0, 9], [0, 9], [0, 9], [0, 9], [0, 9], [0, 9], [0, 9], [0, 9], [0, 9], [0, 9], [0, 9], [0, 9], [0, 9], [0, 9], [0, 9], [0, 9], [0, 9], [0, 9], [0, 9], [0, 9], [0, 9], [0, 9], [0, 9], [0, 9], [0, 9], [0, 9], [0, 9], [0, 9], [0, 9], [0, 9], [0, 9], [0, 9], [0, 9], [0, 9], [0, 9], [0, 9], [0, 9], [0, 9], [0, 9], [0, 9], [0, 9], [0, 9], [0, 9], [0, 9], [0, 9], [0, 9], [0, 9], [0, 9], [0, 9], [0, 9], [0, 9], [0, 9], [0, 9], [0, 9], [0, 9], [0, 9], [0, 9], [0, 9], [0, 9], [0, 9], [0, 9], [0, 9], [0, 9], [0, 9], [0, 9], [0, 9], [0, 9], [0, 9], [0, 9], [0, 9], [0, 9], [0, 9], [0, 9], [6, 0], [0, 9], [0, 9], [0, 9], [0, 9], [0, 9], [0, 9], [0, 9], [0, 9], [0, 9], [0, 9], [0, 9], [0, 9], [0, 9], [0, 9], [0, 9], [0, 9], [0, 9], [0, 9], [0, 9], [0, 9], [0, 9], [0, 9], [0, 9], [0, 9], [0, 9], [0, 9], [0, 9], [0, 9], [0, 9], [0, 9], [0, 9], [0, 9], [0, 9], [0, 9], [0, 9], [0, 9], [0, 9], [0, 9], [0, 9], [0, 9], [0, 9], [0, 9], [0, 9], [0, 9], [0, 9], [0, 9], [0, 9], [0, 9], [0, 9], [0, 9], [0, 9], [0, 9], [0, 9], [0, 9], [0, 9], [0, 9], [0, 9], [0, 9], [0, 9], [0, 9], [0, 9], [0, 9], [0, 9], [0, 9], [0, 9], [0, 9], [0, 9], [0, 9], [0, 9], [0, 9], [0, 9], [0, 9], [0, 9], [0, 9], [0, 9], [0, 9], [0, 9], [0, 9], [0, 9], [0, 9], [0, 9], [0, 9], [0, 9], [0, 9], [0, 9], [0, 9], [0, 9], [0, 9], [0, 9], [0, 9], [0, 9], [0, 9], [0, 9], [0, 9], [0, 9], [0, 9], [0, 9], [0, 9], [0, 9], [0, 9], [0, 9], [0, 9], [0, 9], [0, 9], [0, 9], [0, 9], [0, 9], [0, 9], [0, 9], [0, 9], [0, 9], [0, 9], [0, 9], [0, 9], [0, 9], [0, 9], [0, 9], [0, 9], [0, 9], [0, 9], [0, 9], [0, 9], [0, 9], [0, 9], [0, 9], [0, 9], [0, 9], [0, 9], [0, 9], [0, 9], [0, 9], [0, 9], [0, 9], [0, 9], [0, 9], [0, 9], [0, 9], [0, 9], [0, 9], [0, 9], [0, 9], [0, 9], [0, 9], [0, 9], [0, 9], [0, 9], [0, 9], [0, 9], [0, 9], [0, 9], [0, 9], [0, 9], [0, 9], [0, 9], [0, 9], [0, 9], [0, 9], [0, 9], [0, 9], [0, 9], [0, 9], [0, 9], [0, 9], [0, 9], [0, 9], [0, 9], [0, 9], [0, 9], [0, 9], [0, 9], [0, 9], [0, 9], [0, 9], [0, 9], [0, 9], [0, 9], [0, 9], [0, 9], [0, 9], [0, 9], [0, 9], [0, 9], [0, 9], [0, 9], [0, 9], [0, 9], [0, 9], [0, 9], [0, 9], [0, 9], [0, 9], [0, 9], [0, 9], [0, 9], [0, 9], [0, 9], [0, 9], [0, 9], [0, 9], [0, 9], [0, 9], [0, 9], [0, 9], [0, 9], [0, 9], [0, 9], [0, 9], [0, 9], [0, 9], [0, 9], [6, 0], [0, 9], [0, 9], [0, 9], [0, 9], [0, 9], [0, 9], [0, 9], [0, 9], [0, 9], [0, 9], [0, 9], [0, 9], [0, 9], [0, 9], [0, 9], [0, 9], [0, 9], [0, 9], [0, 9], [0, 9], [0, 9], [0, 9], [0, 9], [0, 9], [0, 9], [0, 9], [0, 9], [0, 9], [0, 9], [0, 9], [0, 9], [0, 9], [0, 9], [0, 9], [0, 9], [0, 9], [0, 9], [0, 9], [0, 9], [0, 9], [0, 9], [0, 9], [0, 9], [0, 9], [0, 9], [0, 9], [0, 9], [0, 9], [0, 9], [0, 9], [0, 9], [0, 9], [0, 9], [0, 9], [0, 9], [0, 9], [0, 9], [0, 9], [0, 9], [0, 9], [0, 9], [0, 9], [0, 9], [0, 9], [0, 9], [0, 9], [0, 9], [0, 9], [0, 9], [0, 9], [0, 9], [0, 9], [0, 9], [0, 9], [0, 9], [0, 9], [0, 9], [0, 9], [0, 9], [0, 9], [0, 9], [0, 9], [0, 9], [0, 9], [0, 9], [0, 9], [0, 9], [0, 9], [0, 9], [0, 9], [0, 9], [0, 9], [0, 9], [0, 9], [0, 9], [0, 9], [0, 9], [0, 9], [0, 9], [0, 9], [0, 9], [0, 9], [0, 9], [0, 9], [0, 9], [0, 9], [0, 9], [0, 9], [0, 9], [0, 9], [0, 9], [0, 9], [0, 9], [0, 9], [0, 9], [0, 9], [0, 9], [0, 9], [0, 9], [0, 9], [0, 9], [0, 9], [0, 9], [0, 9], [0, 9], [0, 9], [0, 9], [0, 9], [0, 9], [0, 9], [0, 9], [0, 9], [0, 9], [0, 9], [0, 9], [0, 9], [0, 9], [0, 9], [0, 9], [0, 9], [0, 9], [0, 9], [0, 9], [0, 9], [0, 9], [0, 9], [0, 9], [0, 9], [0, 9], [0, 9], [0, 9], [0, 9], [0, 9], [0, 9], [0, 9], [0, 9], [0, 9], [0, 9], [0, 9], [0, 9], [0, 9], [0, 9], [0, 9], [0, 9], [0, 9], [0, 9], [0, 9], [0, 9], [0, 9], [0, 9], [0, 9], [0, 9], [0, 9], [0, 9], [0, 9], [0, 9], [0, 9], [0, 9], [0, 9], [0, 9], [0, 9], [0, 9], [0, 9], [0, 9], [0, 9], [0, 9], [0, 9], [0, 9], [0, 9], [0, 9], [0, 9], [0, 9], [0, 9], [0, 9], [0, 9], [0, 9], [0, 9], [0, 9], [0, 9], [0, 9], [0, 9], [0, 9], [0, 9], [0, 9], [0, 9], [0, 9], [0, 9], [0, 9], [0, 9], [0, 9], [0, 9], [0, 9], [0, 9], [0, 9], [0, 9], [0, 9], [0, 9], [0, 9], [0, 9], [0, 9], [0, 9], [0, 9], [0, 9], [0, 9], [0, 9], [0, 9], [0, 9], [0, 9], [0, 9], [0, 9], [0, 9], [0, 9], [0, 9], [0, 9], [0, 9], [0, 9], [0, 9], [0, 9], [0, 9], [0, 9], [0, 9], [0, 9], [0, 9], [0, 9], [0, 9], [0, 9], [0, 9], [0, 9], [0, 9], [0, 9], [0, 9], [0, 9], [0, 9], [0, 9], [0, 9], [0, 9], [0, 9], [0, 9], [0, 9], [0, 9], [0, 9], [0, 9], [0, 9], [0, 9], [0, 9], [0, 9], [0, 9], [0, 9], [0, 9], [0, 9], [0, 9], [0, 9], [0, 9], [0, 9], [0, 9], [0, 9], [0, 9], [0, 9], [0, 9], [0, 9], [0, 9], [0, 9], [0, 9], [0, 9], [0, 9], [0, 9], [0, 9], [0, 9], [0, 9], [0, 9], [0, 9], [0, 9], [0, 9], [6, 0], [0, 9], [0, 9], [0, 9], [0, 9], [0, 9], [0, 9], [0, 9], [0, 9], [0, 9], [0, 9], [0, 9], [0, 9], [0, 9], [0, 9], [0, 9], [0, 9], [0, 9], [0, 9], [0, 9], [0, 9], [0, 9], [0, 9], [0, 9], [0, 9], [0, 9], [0, 9], [0, 9], [0, 9], [0, 9], [0, 9], [0, 9], [0, 9], [0, 9], [0, 9], [0, 9], [0, 9], [0, 9], [0, 9], [0, 9]]

exec_time (ms): 234536.77082061768 ms
exec_time: 3m 54s 536.7708206176758ms