N: 15
n: 4
number_of_primes (d): 2
exp_register_width (qd): 4
primes: [2, 7]

R: 2903
T: 3
t: 14
delta: 0.0003444712366517396
delta_inv: 2903Percent of combinations (with positive values of result vector) that gives % N = 1: 99.9%
Percent of combinations (with positive values of result vector) that give p and q: 98.2%
Vectors that gives p and q: [[-1, 1], [-1, 1], [1, -1], [-1, 1], [-1, 1], [-1, 1], [-1, 1], [1, -1], [-1, 1], [-1, 1], [1, -1], [-1, 1], [-1, 1], [-1, 1], [-1, 1], [-1, 1], [-1, 1], [-1, 1], [-1, 1], [-1, 1], [-1, 1], [-1, 1], [-1, 1], [-1, 1], [-1, 1], [-1, 1], [1, -1], [-1, 1], [-1, 1], [1, -1], [1, -1], [-1, 1], [-1, 1], [-1, 1], [-1, 1], [-1, 1], [-1, 1], [1, -1], [-1, 1], [-1, 1], [-1, 1], [-1, 1], [-1, 1], [-1, 1], [-1, 1], [-1, 1], [-1, 1], [-1, 1], [-1, 1], [-1, 1], [1, -1], [-1, 1], [-1, 1], [-1, 1], [-1, 1], [-1, 1], [-1, 1], [-1, 1], [1, -1], [-1, 1], [-1, 1], [-1, 1], [1, -1], [-1, 1], [1, -1], [-1, 1], [1, -1], [-1, 1], [-1, 1], [-1, 1], [-1, 1], [1, -1], [-1, 1], [-1, 1], [576, -90], [-1, 1], [-1, 1], [-1, 1], [-1, 1], [1, -1], [-1, 1], [-1, 1], [-1, 1], [-1, 1], [1, -1], [-1, 1], [-1, 1], [-1, 1], [-1, 1], [-1, 1], [-1, 1], [-1, 1], [-1, 1], [-1, 1], [-1, 1], [-1, 1], [-1, 1], [-1, 1], [1, -1], [-1, 1], [-1, 1], [-1, 1], [-1, 1], [-785, -983], [-1, 1], [1, -1], [-1, 1], [-1, 1], [-1, 1], [-1, 1], [-1, 1], [-1, 1], [-1, 1], [1, -1], [-1, 1], [-1, 1], [1, -1], [-1, 1], [-1, 1], [-1, 1], [-1, 1], [-1, 1], [-1, 1], [-1, 1], [1, -1], [-1, 1], [-1, 1], [1, -1], [1, -1], [1, -1], [-1, 1], [-1, 1], [1, -1], [-1, 1], [-1, 1], [-1, 1], [-1, 1], [-1, 1], [-1, 1], [-945, -955], [-1, 1], [-1, 1], [-1, 1], [-1, 1], [-1183, 127], [-1, 1], [1, -1], [-1, 1], [-1, 1], [-1, 1], [-1, 1], [-1, 1], [-1, 1], [-1, 1], [-1, 1], [1, -1], [-1, 1], [-1, 1], [-1, 1], [-1, 1], [-1, 1], [162, -1136], [-1, 1], [-1, 1], [-1, 1], [1, -1], [393, 1055], [-1, 1], [166, -1048], [-1, 1], [-1, 1], [-1, 1], [-1, 1], [-1, 1], [-1, 1], [-1, 1], [-1, 1], [-1, 1], [-1, 1], [-1, 1], [-187, 619], [-1, 1], [1, -1], [-1, 1], [-1, 1], [95, -1351], [-1, 1], [-1, 1], [-1, 1], [-1, 1], [-1, 1], [1, -1], [-1, 1], [-1, 1], [-1, 1], [1, -1], [-1, 1], [1, -1], [-1, 1], [-1, 1], [-1, 1], [-1, 1], [1, -1], [-1, 1], [-1, 1], [225, -1005], [-1, 1], [-1, 1], [1, -1], [-1, 1], [-1, 1], [-1, 1], [-1, 1], [-1, 1], [-1, 1], [-1, 1], [-1, 1], [340, -750], [-1, 1], [-1, 1], [-1, 1], [-1, 1], [-1, 1], [-1, 1], [-1, 1], [-1, 1], [-780, -1098], [32, 1038], [-1, 1], [-1, 1], [-1, 1], [-1, 1], [-1, 1], [-1, 1], [-1, 1], [1, -1], [-1, 1], [-1, 1], [-1, 1], [-1, 1], [-1, 1], [-1, 1], [-1, 1], [-1, 1], [-1, 1], [-1, 1], [1, -1], [-1, 1], [-1, 1], [-1, 1], [-1, 1], [-1, 1], [-1, 1], [-1, 1], [-1, 1], [1, -1], [-55, 1859], [-1, 1], [-1, 1], [-1, 1], [-1, 1], [-1, 1], [-1, 1], [-1, 1], [-1, 1], [1, -1], [-1, 1], [-1, 1], [-1, 1], [-1, 1], [-1, 1], [-586, -872], [-1, 1], [-1, 1], [-1, 1], [-1, 1], [-1, 1], [-1, 1], [1, -1], [-1, 1], [-1, 1], [1, -1], [1, -1], [-1, 1], [-1, 1], [-1, 1], [-1, 1], [-1, 1], [-1, 1], [-1, 1], [-531, 47], [-964, -850], [-1, 1], [1, -1], [1, -1], [-1, 1], [-1, 1], [-1, 1], [-1, 1], [-1, 1], [-1, 1], [-1, 1], [-1, 1], [-1, 1], [-1, 1], [-1, 1], [-1, 1], [-1, 1], [-1, 1], [1, -1], [-1, 1], [-1, 1], [-1, 1], [-1, 1], [-1, 1], [6, -1180], [-1, 1], [-1, 1], [1, -1], [-1, 1], [-1, 1], [-1, 1], [1, -1], [-1, 1], [-1, 1], [-1, 1], [-1, 1], [1, -1], [-1, 1], [-1, 1], [-1, 1], [-1, 1], [-1, 1], [-1, 1], [-1, 1], [-1, 1], [-1, 1], [-191, 495], [-1, 1], [-1, 1], [1, -1], [-1, 1], [1, -1], [-1, 1], [-1, 1], [-1, 1], [-1, 1], [-1, 1], [-1, 1], [-1, 1], [-1, 1], [-1, 1], [-1, 1], [-1, 1], [1, -1], [1, -1], [-1, 1], [1, -1], [-1, 1], [1, -1], [-1, 1], [-1, 1], [-1, 1], [-1, 1], [1036, 1154], [1, -1], [-1, 1], [1, -1], [-1, 1], [-1, 1], [-1, 1], [-1, 1], [-1, 1], [88, -1074], [-1, 1], [-1, 1], [-1, 1], [-1, 1], [1, -1], [1, -1], [-1, 1], [-1, 1], [1, -1], [1, -1], [-1, 1], [-1, 1], [-1, 1], [-1, 1], [-1, 1], [-1, 1], [-1, 1], [-1, 1], [-1, 1], [-1, 1], [-1, 1], [1, -1], [-1, 1], [-1, 1], [-1, 1], [-1, 1], [-759, 923], [-1, 1], [-1, 1], [-1, 1], [42, -1092], [-1, 1], [-1, 1], [-1, 1], [-1, 1], [1, -1], [-1, 1], [-1, 1], [-1, 1], [-1, 1], [-1, 1], [-1, 1], [-1, 1], [-1, 1], [-1, 1], [-1, 1], [-1, 1], [-1, 1], [-1, 1], [1, -1], [1, -1], [-1, 1], [-1, 1], [1147, -843], [1, -1], [-1, 1], [-1, 1], [-1, 1], [-999, 175], [-1, 1], [-1, 1], [1, -1], [-1, 1], [-1047, 123], [1, -1], [-1, 1], [1, -1], [-1, 1], [-1, 1], [-1, 1], [-1, 1], [-1, 1], [1, -1], [-1, 1], [-1, 1], [-1, 1], [-1, 1], [-1, 1], [100, -1070], [1, -1], [-1, 1], [-1, 1], [1, -1], [-1, 1], [-1, 1], [-1, 1], [-1, 1], [-1, 1], [-1, 1], [-983, -841], [-496, 662], [-1, 1], [-1, 1], [-1, 1], [-1, 1], [1, -1], [-1, 1], [-1, 1], [-1, 1], [1, -1], [-1, 1], [-1, 1], [-1, 1], [-1, 1], [-1, 1], [-1, 1], [-1, 1], [-1, 1], [-1, 1], [-1048, -46], [-1, 1], [-1, 1], [-1, 1], [-1, 1], [-1, 1], [-1, 1], [-1, 1], [-65, -1067], [1, -1], [-1, 1], [-1, 1], [-1, 1], [-1, 1], [-1, 1], [-1, 1], [-1, 1], [-1, 1], [-1, 1], [-1, 1], [-1, 1], [1, -1], [1, -1], [-1, 1], [-1, 1], [-1, 1], [1, -1], [-1, 1], [-1, 1], [-1, 1], [-1, 1], [-1, 1], [-1111, -1021], [1, -1], [-1, 1], [-1, 1], [1, -1], [-1, 1], [-1, 1], [-1, 1], [-1, 1], [-1, 1], [-1, 1], [-1, 1], [-1, 1], [-1, 1], [-1, 1], [-1, 1], [-972, 118], [-1, 1], [-1, 1], [-1, 1], [1, -1], [-1, 1], [-1, 1], [-1, 1], [-1, 1], [-1, 1], [-1, 1], [-1, 1], [-1, 1], [-1, 1], [1, -1], [-1, 1], [1, -1], [-1, 1], [-1, 1], [-1, 1], [1, -1], [-1, 1], [-1, 1], [-1, 1], [-1, 1], [-1, 1], [-1, 1], [-1, 1], [1, -1], [-1, 1], [-1, 1], [-1, 1], [-1, 1], [1, -1], [-1, 1], [-1, 1], [-1, 1], [-1, 1], [-1, 1], [-1, 1], [-1, 1], [-1, 1], [-1, 1], [-1857, -115], [-1, 1], [1, -1], [-1, 1], [-1, 1], [-1, 1], [-1, 1], [-1, 1], [280, -762], [-1, 1], [-1, 1], [-1, 1], [-1, 1], [-1, 1], [-1261, 61], [-1, 1], [-1, 1], [1, -1], [-1, 1], [-1, 1], [-1, 1], [1, -1], [-1, 1], [-101, -3], [-1, 1], [-1, 1], [-1, 1], [-1, 1], [-584, 202], [-1, 1], [-1, 1], [-1, 1], [-1, 1], [-1, 1], [-1, 1], [-1, 1], [-1, 1], [-1, 1], [-1, 1], [-1, 1], [-1, 1], [1, -1], [-1, 1], [1, -1], [351, -771], [1, -1], [-1, 1], [1, -1], [-1, 1], [463, -171], [-1, 1], [-1, 1], [-1, 1], [-1, 1], [-1, 1], [-1, 1], [-1, 1], [134, -988], [-1, 1], [-1, 1], [-947, -853], [-1, 1], [-1, 1], [-1, 1], [-1, 1], [-1, 1], [1, -1], [-1, 1], [-1, 1], [-1, 1], [1, -1], [-1, 1], [-1, 1], [994, -692], [-1, 1], [-1, 1], [-1, 1], [-1, 1], [-1, 1], [-1, 1], [-1, 1], [1, -1], [-1, 1], [-1, 1], [-1, 1], [-1, 1], [285, -657], [636, -434], [-1, 1], [1, -1], [-1, 1], [-1, 1], [-1, 1], [-1, 1], [-1, 1], [-1, 1], [-1, 1], [-1, 1], [273, -673], [-1, 1], [-1, 1], [-1, 1], [-1, 1], [-1, 1], [-1, 1], [-1, 1], [-1, 1], [1, -1], [-1, 1], [-237, 481], [1, -1], [1, -1], [-1, 1], [-432, 158], [-1, 1], [-1008, 146], [-1, 1], [-1, 1], [-1, 1], [-1, 1], [-1, 1], [-1, 1], [-1, 1], [1, -1], [271, -715], [-1, 1], [-1, 1], [-1, 1], [-1, 1], [-1, 1], [-1, 1], [-440, 182], [-1, 1], [-1199, -1905], [1, -1], [-183, -1213], [-1, 1], [-1, 1], [-1, 1], [-1, 1], [-1, 1], [-1, 1], [-1, 1], [-1, 1], [-1, 1], [-1, 1], [-1, 1], [-1, 1], [-1, 1], [-1, 1], [-1, 1], [-1, 1], [-1, 1], [-1, 1], [-1, 1], [-1, 1], [-1, 1], [-1, 1], [1, -1], [-1, 1], [-1, 1], [-1, 1], [-1, 1], [-1, 1], [-1, 1], [-1, 1], [-1, 1], [-1, 1], [-1, 1], [-1, 1], [-1, 1], [1, -1], [-1, 1], [-130, -348], [-1, 1], [-1, 1], [-1, 1], [-1, 1], [130, -1132], [-1, 1], [-1, 1], [1, -1], [-1, 1], [1, -1], [-1, 1], [-1, 1], [-1, 1], [-1, 1], [1, -1], [1, -1], [-1, 1], [-1, 1], [-1, 1], [-1, 1], [-1, 1], [-1, 1], [170, -748], [-1, 1], [-1, 1], [-1, 1], [1, -1], [-1, 1], [-1, 1], [-1, 1], [-1, 1], [-1, 1], [-1, 1], [-1, 1], [-1, 1], [-655, 115], [1, -1], [1, -1], [-1, 1], [-1, 1], [1, -1], [-1125, 113], [-1, 1], [-1, 1], [-1, 1], [-970, -804], [-1255, -125], [1, -1], [1, -1], [-1, 1], [-1, 1], [-1, 1], [-1, 1], [1, -1], [-1, 1], [-1, 1], [-1, 1], [-1, 1], [1, -1], [-1, 1], [-1, 1], [-1, 1], [26, -1044], [-1, 1], [-1, 1], [-1, 1], [-1, 1], [-1, 1], [-1, 1], [-1, 1], [-1, 1], [-1, 1], [-1, 1], [-1, 1], [-1, 1], [-1, 1], [-1, 1], [1, -1], [1, -1], [-1, 1], [-1, 1], [-1, 1], [-1, 1], [-1, 1], [-1, 1], [-1, 1], [158, -608], [1, -1], [-1, 1], [-1220, 22], [-1, 1], [-1, 1], [1, -1], [-1, 1], [-1, 1], [-1, 1], [-1, 1], [-1, 1], [-1, 1], [-1, 1], [-1, 1], [-983, 23], [-1, 1], [-1, 1], [-1, 1], [-1, 1], [1, -1], [-1, 1], [-1, 1], [1, -1], [-1, 1], [234, -764], [-1, 1], [-1126, -92], [-1, 1], [-1, 1], [-1, 1], [-1, 1], [190, -992], [-1, 1], [-1, 1], [-1, 1], [-1, 1], [-1, 1], [-1, 1], [-1, 1], [-1, 1], [-1, 1], [-1, 1], [-1, 1], [-1, 1], [-1, 1], [1, -1], [-1, 1], [-1, 1], [-1, 1], [-1, 1], [1, -1], [-1, 1], [1, -1], [-1, 1], [-1, 1], [-1, 1], [-1, 1], [-1, 1], [-1, 1], [-1, 1], [-1, 1], [1, -1], [-1, 1], [-1, 1], [-1, 1], [-1, 1], [333, -761], [-1, 1], [-1, 1], [633, -1165], [-1, 1], [-1, 1], [-1, 1], [-1, 1], [-1, 1], [-1, 1], [-1, 1], [-1, 1], [-1, 1], [441, -1001], [-1, 1], [-1, 1], [-1, 1], [-1, 1], [-1, 1], [-1, 1], [-1, 1], [143, -595], [-1, 1], [-1, 1], [250, -352], [-1, 1], [-1, 1], [-1, 1], [-1, 1], [-1, 1], [-1, 1], [-1143, 179], [-1, 1], [-1, 1], [-1, 1], [-1, 1], [-1, 1], [-1159, 319], [-1, 1], [304, -1038], [-1, 1], [-1, 1], [-1, 1], [-1, 1], [-1, 1], [-1, 1], [1, -1], [-1, 1], [-1, 1], [-1138, -48], [-1, 1], [-439, 183], [1, -1], [-1, 1], [-1, 1], [1, -1], [-1, 1], [-1, 1], [-1, 1], [-1, 1], [-1, 1], [-1, 1], [-1, 1], [-1, 1], [-1, 1], [-1, 1], [-1, 1], [1, -1], [-1, 1], [-1, 1], [-1, 1], [316, -842], [-1, 1], [1, -1], [-1, 1], [1, -1], [-1, 1], [-1, 1], [-1, 1], [-1, 1], [1, -1]]

exec_time (ms): 168704.7324180603 ms
exec_time: 2m 48s 704.7324180603027ms