N: 21
n: 5
number_of_primes (d): 3
exp_register_width (qd): 4
primes: [2, 5, 11]

R: 10223
T: 3
t: 16
delta: 0.00011980288285156891
delta_inv: 8348Percent of combinations (with positive values of result vector) that gives % N = 1: 98.2%
Percent of combinations (with positive values of result vector) that give p and q: 92.9%
Vectors that gives p and q: [[-1, 1, 0], [-1, 1, 0], [-1, 1, 0], [-1, 1, 0], [-1, 1, 0], [-1, 1, 0], [-1, 1, 0], [-1, 1, 0], [-1, 1, 0], [-1, 1, 0], [-1, 1, 0], [1, -1, 0], [-791, -1146, 64], [-1, 1, 0], [-1, 1, 0], [-1, 1, 0], [-1650, 1064, -619], [-1, 1, 0], [-1498, -3634, -707], [-1, 1, 0], [-1, 1, 0], [-1, 1, 0], [2274, 995, -1903], [-2246, -738, 1819], [-1, 1, 0], [-997, 446, -392], [-1, 1, 0], [-1, 1, 0], [-1, 1, 0], [-1, 1, 0], [441, -4142, -1268], [-1, 1, 0], [-1, 1, 0], [-1, 1, 0], [-1, 1, 0], [-1, 1, 0], [-1, 1, 0], [-1, 1, 0], [-1, 1, 0], [1, -1, 0], [602, -1689, -3799], [-3377, 620, 858], [-1, 1, 0], [-1, 1, 0], [1976, -1854, -2881], [-4610, -761, 1175], [-1, 1, 0], [880, -4328, -1447], [-1, 1, 0], [1, -1, 0], [-1, 1, 0], [-1, 1, 0], [-1, 1, 0], [-1, 1, 0], [-1, 1, 0], [-1, 1, 0], [-1, 1, 0], [-1, 1, 0], [-1, 1, 0], [-1, 1, 0], [-1, 1, 0], [-1, 1, 0], [1, -1, 0], [-1, 1, 0], [-1, 1, 0], [-1, 1, 0], [180, -2743, 497], [1, -1, 0], [-1, 1, 0], [-1, 1, 0], [-1, 1, 0], [-1, 1, 0], [-1, 1, 0], [1, -1, 0], [-1, 1, 0], [-1, 1, 0], [416, 2259, -643], [-1, 1, 0], [-1, 1, 0], [-1, 1, 0], [-2489, -2290, -1344], [-1, 1, 0], [750, -3087, 141], [-1, 1, 0], [-1, 1, 0], [-1, 1, 0], [-1, 1, 0], [2129, -4471, -1538], [-1, 1, 0], [-1, 1, 0], [321, -1653, 30], [-1, 1, 0], [914, -1910, -987], [-1, 1, 0], [-1, 1, 0], [-1, 1, 0], [-1, 1, 0], [-1, 1, 0], [-663, -2307, 1152], [-1, 1, 0], [-1, 1, 0], [1209, -745, -1036], [-1, 1, 0], [-1, 1, 0], [-1, 1, 0], [-1, 1, 0], [-1, 1, 0], [-1, 1, 0], [-1, 1, 0], [-1, 1, 0], [-1, 1, 0], [-1, 1, 0], [-442, 2045, -2513], [-1, 1, 0], [-1, 1, 0], [-1, 1, 0], [-1, 1, 0], [-1, 1, 0], [-1, 1, 0], [-1, 1, 0], [-1, 1, 0], [-1369, -1775, 2172], [-1615, 1318, -750], [-1, 1, 0], [-1, 1, 0], [-1, 1, 0], [-1, 1, 0], [-1, 1, 0], [-1, 1, 0], [-1, 1, 0], [-1, 1, 0], [-1, 1, 0], [-1, 1, 0], [-1, 1, 0], [-1, 1, 0], [-1, 1, 0], [80, -2389, 1231], [-1, 1, 0], [1, -1, 0], [-1, 1, 0], [-1, 1, 0], [-1, 1, 0], [-1, 1, 0], [-1, 1, 0], [-1, 1, 0], [-1, 1, 0], [-1, 1, 0], [-1947, 828, -4038], [-3743, 274, -316], [-1, 1, 0], [-1, 1, 0], [-2509, 1380, -310], [-1, 1, 0], [-1, 1, 0], [-1, 1, 0], [1278, -420, -1995], [-1, 1, 0], [-1, 1, 0], [-1, 1, 0], [-1, 1, 0], [-3901, 537, -28], [-1, 1, 0], [-1, 1, 0], [-1, 1, 0], [-2927, 1149, -3404], [1192, -367, -4083], [-1, 1, 0], [-1, 1, 0], [-1383, -2870, -2402], [1428, -1722, -1887], [-1, 1, 0], [-3654, 43, -185], [-1, 1, 0], [-1, 1, 0], [-1, 1, 0], [-1, 1, 0], [1, -1, 0], [-1, 1, 0], [-1, 1, 0], [-1, 1, 0], [-1, 1, 0], [-1, 1, 0], [-1, 1, 0], [-1, 1, 0], [-1, 1, 0], [-1, 1, 0], [-1, 1, 0], [-1, 1, 0], [-1, 1, 0], [-1, 1, 0], [-1, 1, 0], [-846, 88, -4427], [-1, 1, 0], [-1, 1, 0], [-1, 1, 0], [-1, 1, 0], [-1, 1, 0], [819, -1230, -888], [-1, 1, 0], [-1, 1, 0], [-1, 1, 0], [-1, 1, 0], [-1, 1, 0], [1, -1, 0], [-3522, -2410, -2161], [-2157, 971, 104], [-1, 1, 0], [-1, 1, 0], [-1, 1, 0], [-1, 1, 0], [-512, 484, -4141], [-1, 1, 0], [-1, 1, 0], [-1, 1, 0], [-1, 1, 0], [-1, 1, 0], [1, -1, 0], [444, -4878, -543], [-1, 1, 0], [-1372, -1155, 1121], [-1, 1, 0], [-1, 1, 0], [-1, 1, 0], [1, -1, 0], [-1, 1, 0], [-1, 1, 0], [-1, 1, 0], [-1, 1, 0], [1935, 571, -2270], [1, -1, 0], [-1, 1, 0], [-949, 1109, -1448], [-1, 1, 0], [-1, 1, 0], [-1, 1, 0], [-1821, 1403, -4222], [-1, 1, 0], [-1, 1, 0], [-1919, 267, 712], [-1, 1, 0], [1, -1, 0], [-1, 1, 0], [-4361, -862, 984], [1, -1, 0], [1, -1, 0], [-1, 1, 0], [-1, 1, 0], [-1, 1, 0], [1, -1, 0], [-1, 1, 0], [-1, 1, 0], [-1, 1, 0], [-1, 1, 0], [-1, 1, 0], [-1, 1, 0], [-1, 1, 0], [-1, 1, 0], [1015, 1638, -1334], [1008, -588, -1005], [-1, 1, 0], [1, -1, 0], [-1, 1, 0], [-1152, -164, 721], [-1, 1, 0], [-1, 1, 0], [-1, 1, 0], [-1, 1, 0], [-1, 1, 0], [-1, 1, 0], [-1, 1, 0], [144, -2461, 1091], [-1, 1, 0], [-1, 1, 0], [-1, 1, 0], [-3119, 1111, 80], [-1, 1, 0], [-1, 1, 0], [-1, 1, 0], [-1, 1, 0], [-4326, -828, 681], [-1, 1, 0], [1, -1, 0], [-1, 1, 0], [-1, 1, 0], [-1, 1, 0], [-1, 1, 0], [-1, 1, 0], [-1, 1, 0], [-1, 1, 0], [-1, 1, 0], [-1, 1, 0], [-1, 1, 0], [-1, 1, 0], [-3754, 2145, -1201], [-2119, 1699, -1578], [-1, 1, 0], [-1, 1, 0], [-1, 1, 0], [-544, 1200, -1117], [-1, 1, 0], [-1, 1, 0], [-281, -2368, 1656], [-1, 1, 0], [-1, 1, 0], [-2478, 406, -4343], [-3656, -2269, -3321], [-1, 1, 0], [-1, 1, 0], [-466, 1617, -2407], [-1, 1, 0], [-1, 1, 0], [-1, 1, 0], [-1, 1, 0], [-1, 1, 0], [-1, 1, 0], [-1, 1, 0], [-1, 1, 0], [1, -1, 0], [-1, 1, 0], [-1, 1, 0], [1, -1, 0], [-118, -751, -965], [1, -1, 0], [-1, 1, 0], [-1, 1, 0], [-1, 1, 0], [-1, 1, 0], [-1751, -279, 1156], [1, -1, 0], [1, -1, 0], [1510, -1138, -2181], [-1, 1, 0], [-1, 1, 0], [-1, 1, 0], [-1, 1, 0], [-1, 1, 0], [-1, 1, 0], [-3872, 825, -737], [-1, 1, 0], [-1, 1, 0], [-1, 1, 0], [-1, 1, 0], [-1, 1, 0], [-1, 1, 0], [-1, 1, 0], [-1, 1, 0], [-1, 1, 0], [-1, 1, 0], [-1, 1, 0], [-1, 1, 0], [-1, 1, 0], [-1, 1, 0], [-3485, 910, 788], [-1, 1, 0], [-1, 1, 0], [-1, 1, 0], [1, -1, 0], [-1, 1, 0], [-1561, -563, 492], [-3840, 1533, -237], [-1, 1, 0], [-1, 1, 0], [392, -415, 3709], [-1, 1, 0], [-1, 1, 0], [-1, 1, 0], [-2459, -733, 2178], [-1, 1, 0], [1, -1, 0], [-1, 1, 0], [-1, 1, 0], [-2514, 1793, -31], [-1, 1, 0], [103, -3866, 188], [-1, 1, 0], [-1, 1, 0], [1, -1, 0], [-1, 1, 0], [-1, 1, 0], [-1, 1, 0], [-1, 1, 0], [1097, -680, -1842], [-1, 1, 0], [-1, 1, 0], [1, -1, 0], [1161, -774, -4950], [1, -1, 0], [-1, 1, 0], [-1, 1, 0], [-1, 1, 0], [-1, 1, 0], [-1, 1, 0], [-1, 1, 0], [-1, 1, 0], [-1, 1, 0], [1, -1, 0], [-2564, -2110, -1041], [-1, 1, 0], [250, 1361, -2415], [-1, 1, 0], [-1, 1, 0], [-1, 1, 0], [-1, 1, 0], [-1, 1, 0], [-1, 1, 0], [281, 3417, -682], [-1, 1, 0], [-1, 1, 0], [-1, 1, 0], [-4270, 589, -639], [-1, 1, 0], [-1, 1, 0], [-1, 1, 0], [1762, -2461, -2331], [-1, 1, 0], [-1, 1, 0], [-1, 1, 0], [1143, 1081, -1412], [-1, 1, 0], [350, -4333, -119], [-500, -3852, -2303], [-1, 1, 0], [-1, 1, 0], [111, -2714, 154], [-1166, -187, 27], [-1, 1, 0], [-1, 1, 0], [-1, 1, 0], [-1, 1, 0], [-1, 1, 0], [1, -1, 0], [-1, 1, 0], [-1, 1, 0], [-1, 1, 0], [-1, 1, 0], [-1, 1, 0], [-1, 1, 0], [-1, 1, 0], [-1, 1, 0], [-1, 1, 0], [-1, 1, 0], [-1, 1, 0], [-1, 1, 0], [-1, 1, 0], [304, -1960, -291], [-1, 1, 0], [-1, 1, 0], [-1, 1, 0], [1, -1, 0], [-1371, -1832, 2104], [-1, 1, 0], [654, -4669, -571], [-2478, -3517, -1201], [-1, 1, 0], [-1, 1, 0], [-1, 1, 0], [-1, 1, 0], [-1, 1, 0], [-1, 1, 0], [-1, 1, 0], [1, -1, 0], [-1, 1, 0], [-1, 1, 0], [-1, 1, 0], [-1, 1, 0], [-181, -2897, 846], [-1, 1, 0], [-1, 1, 0], [-2347, 923, 868], [-1, 1, 0], [-1, 1, 0], [-1, 1, 0], [-1, 1, 0], [-1, 1, 0], [1, -1, 0], [702, 1230, -2265], [-2120, -761, -3055], [-1, 1, 0], [-1, 1, 0], [-1, 1, 0], [-1, 1, 0], [-1, 1, 0], [-1, 1, 0], [-3757, 400, -2652], [-1, 1, 0], [-1, 1, 0], [-1, 1, 0], [-1, 1, 0], [-1, 1, 0], [-1, 1, 0], [-4322, -276, 247], [-1, 1, 0], [-1, 1, 0], [-1, 1, 0], [1, -1, 0], [-1, 1, 0], [-1, 1, 0], [-256, -190, -911], [-1, 1, 0], [1, -1, 0], [-1, 1, 0], [-1, 1, 0], [-1, 1, 0], [-1, 1, 0], [1, -1, 0], [-810, -1283, 979], [-1, 1, 0], [1, -1, 0], [-1, 1, 0], [-2699, 892, 560], [559, -2426, 494], [-1, 1, 0], [-1, 1, 0], [-1, 1, 0], [1, -1, 0], [1, -1, 0], [-1, 1, 0], [1, -1, 0], [-1, 1, 0], [-1, 1, 0], [-1, 1, 0], [-1, 1, 0], [-1, 1, 0], [-107, 3912, 130], [1, -1, 0], [-1, 1, 0], [1473, -3252, -1728], [-1391, -937, 852], [1, -1, 0], [-1, 1, 0], [-1, 1, 0], [-1, 1, 0], [-1, 1, 0], [-231, -1090, -64], [-1, 1, 0], [-1, 1, 0], [-1, 1, 0], [-1, 1, 0], [-1, 1, 0], [1, -1, 0], [-1, 1, 0], [-1, 1, 0], [-1, 1, 0], [-2082, -2544, -1755], [-1, 1, 0], [164, 1547, 4081], [-3611, -262, -3438], [-1, 1, 0], [-1, 1, 0], [-1, 1, 0], [-1, 1, 0], [-1, 1, 0], [-3945, 574, -1652], [-1, 1, 0], [-2645, 2527, -1444], [1, -1, 0], [-1, 1, 0], [-1, 1, 0], [-1, 1, 0], [-1, 1, 0], [-1, 1, 0], [-2019, 608, 254], [1, -1, 0], [-2189, 330, -2858], [-3431, -3144, -2438], [-1615, 3007, 1968], [-1, 1, 0], [-1, 1, 0], [-1, 1, 0], [1, -1, 0], [-1, 1, 0], [72, -24, -1077], [-1, 1, 0], [360, -844, -1057], [-1, 1, 0], [-1, 1, 0], [-1361, -1729, 1404], [-1, 1, 0], [-1, 1, 0], [-1, 1, 0], [-1, 1, 0], [-1, 1, 0], [-1, 1, 0], [-1, 1, 0], [-1377, -1550, 718], [1, -1, 0], [-1, 1, 0], [-1, 1, 0], [-1, 1, 0], [-1, 1, 0], [-1, 1, 0], [-75, 734, -1102], [-158, 1142, -4143], [1355, -9, -1960], [-1, 1, 0], [-1, 1, 0], [1, -1, 0], [-1, 1, 0], [-1, 1, 0], [-1, 1, 0], [-1, 1, 0], [-1, 1, 0], [1, -1, 0], [-1, 1, 0], [-1, 1, 0], [-1, 1, 0], [-1, 1, 0], [-1, 1, 0], [1, -1, 0], [-1, 1, 0], [-1, 1, 0], [-1, 1, 0], [-1, 1, 0], [-1, 1, 0], [-1, 1, 0], [-1, 1, 0], [-1, 1, 0], [1, -1, 0], [1, -1, 0], [1, -1, 0], [-1, 1, 0], [-1, 1, 0], [-1, 1, 0], [-1, 1, 0], [-1, 1, 0], [-1, 1, 0], [-1, 1, 0], [-1, 1, 0], [-1, 1, 0], [-2100, -4008, -2709], [-1, 1, 0], [-1, 1, 0], [-1, 1, 0], [-1034, -1148, 1265], [-1, 1, 0], [-1, 1, 0], [-1, 1, 0], [-1, 1, 0], [-1, 1, 0], [-1, 1, 0], [-1, 1, 0], [1, -1, 0], [-1, 1, 0], [-1, 1, 0], [-1, 1, 0], [-1, 1, 0], [-1, 1, 0], [-1, 1, 0], [-1, 1, 0], [-1, 1, 0], [-1, 1, 0], [-1, 1, 0], [-1958, 707, 2061], [-1, 1, 0], [-1, 1, 0], [-1, 1, 0], [-1, 1, 0], [-4695, -2677, 1208], [1, -1, 0], [1, -1, 0], [-2159, 797, 552], [-1, 1, 0], [-1, 1, 0], [-1, 1, 0], [1560, -1766, 2347], [1, -1, 0], [-874, 998, -1181], [-1, 1, 0], [1196, -2665, -2789], [-1, 1, 0], [-1, 1, 0], [-904, 1626, 689], [-764, -304, -453], [-1, 1, 0], [-1, 1, 0], [-1, 1, 0], [1, -1, 0], [-1, 1, 0], [-1, 1, 0], [1, -1, 0], [-1, 1, 0], [1037, 470, -1844], [-1, 1, 0], [-1, 1, 0], [1, -1, 0], [-1846, -1830, -4165], [-3423, 2260, -182], [-1, 1, 0], [-1, 1, 0], [-1539, -1690, 1862], [-1, 1, 0], [-1, 1, 0], [-4331, -425, 848], [-1, 1, 0], [-1, 1, 0], [-1, 1, 0], [-1, 1, 0], [-1, 1, 0], [1, -1, 0], [-673, -2041, 1576], [1, -1, 0], [1, -1, 0], [-1, 1, 0], [-1, 1, 0], [-1, 1, 0], [-1, 1, 0], [-1, 1, 0], [-1, 1, 0], [-1, 1, 0], [-1, 1, 0], [-1, 1, 0], [-1, 1, 0], [-1, 1, 0], [-1, 1, 0], [-1, 1, 0], [-1, 1, 0], [-1, 1, 0], [-1, 1, 0], [-1, 1, 0], [-1, 1, 0], [-1, 1, 0], [-1, 1, 0], [-1, 1, 0], [-1, 1, 0], [1, -1, 0], [1405, -2543, -2206], [1334, -982, 823], [1175, -4660, -1556], [1, -1, 0], [-1, 1, 0], [-1, 1, 0], [-562, 4007, -161], [-1, 1, 0], [1144, -2370, -2513], [-879, -3552, 942], [1, -1, 0], [-1, 1, 0], [1, -1, 0], [-1, 1, 0], [-322, -1732, -251], [-1, 1, 0], [-1, 1, 0], [-1, 1, 0], [-1, 1, 0], [-775, -1773, 1832], [-1, 1, 0], [3065, 855, 1928], [-1, 1, 0], [-1, 1, 0], [-1, 1, 0], [-1, 1, 0], [-1, 1, 0], [-3911, -3958, -834], [-1548, -2401, 2369], [-1, 1, 0], [1, -1, 0], [-1, 1, 0], [-1, 1, 0], [-1, 1, 0], [-1, 1, 0], [-1, 1, 0], [-1, 1, 0], [-1, 1, 0], [-1, 1, 0], [-1, 1, 0], [-1, 1, 0], [-1, 1, 0], [-1, 1, 0], [-902, 973, -1039], [-1, 1, 0], [1578, -2620, -1921], [-1, 1, 0], [-1, 1, 0], [-1, 1, 0], [-1, 1, 0], [-1, 1, 0], [-3462, 813, -27], [-3085, 643, -138], [-1, 1, 0], [530, -326, -4719], [-1, 1, 0], [-1, 1, 0], [-1, 1, 0], [-1, 1, 0], [-1, 1, 0], [-3037, -2937, -1030], [-1, 1, 0], [-1, 1, 0], [-1, 1, 0], [-1, 1, 0], [-3252, 1522, -1811], [1, -1, 0], [-2, 0, 1], [-3024, 2536, -2201], [1185, -5, -2960], [-1, 1, 0], [-1, 1, 0], [-1, 1, 0], [-1, 1, 0], [-1, 1, 0], [-4276, 1491, -1009], [57, -1214, -4196], [-1, 1, 0], [-1, 1, 0], [-1, 1, 0], [-4237, 1176, -400], [-2237, -2450, -2086], [-1, 1, 0], [-1, 1, 0], [-1, 1, 0], [-1, 1, 0], [-1, 1, 0], [-1, 1, 0], [-1, 1, 0], [-850, -2379, 1397], [-1158, -31, -625], [-1747, 1290, -1090], [-1, 1, 0], [-1, 1, 0], [2107, -1661, -820], [-1, 1, 0], [1218, -3648, -2337], [1, -1, 0], [1639, 516, -2324], [-1, 1, 0], [-1, 1, 0], [-2383, 1206, -832], [-1, 1, 0], [-1, 1, 0], [-1, 1, 0], [-1, 1, 0], [-1, 1, 0], [-1, 1, 0], [-1, 1, 0], [1, -1, 0], [-1, 1, 0], [-1, 1, 0], [197, -3627, 326], [-1, 1, 0], [-1, 1, 0], [-1, 1, 0], [-1, 1, 0], [-3118, 1921, -1353], [-1, 1, 0], [-1113, 1515, -1476], [-1, 1, 0], [-1, 1, 0], [-3555, 1455, -462], [-1, 1, 0], [-1, 1, 0], [-1, 1, 0], [-1, 1, 0], [-1, 1, 0], [3482, 861, 923], [-1, 1, 0], [-1, 1, 0], [-1317, -1205, 832], [-1, 1, 0], [-1, 1, 0], [-1, 1, 0], [-3662, 1866, -779], [-1, 1, 0], [2315, 2508, 1598], [-1, 1, 0], [-1, 1, 0], [-1, 1, 0], [-1, 1, 0], [-1, 1, 0], [-1, 1, 0], [-1, 1, 0], [-1, 1, 0], [2161, -426, -2960], [-1, 1, 0], [-1, 1, 0], [-1, 1, 0], [-1, 1, 0], [1, -1, 0], [-1, 1, 0], [-2374, -2532, -2305], [-1, 1, 0], [-1, 1, 0], [-1, 1, 0], [-1, 1, 0], [1, -1, 0], [1, -1, 0], [-1, 1, 0], [1, -1, 0], [-1, 1, 0], [1, -1, 0], [-1, 1, 0], [1417, -2322, -2924], [-1, 1, 0], [-2487, 1813, -1550], [-1, 1, 0], [-1, 1, 0], [-1, 1, 0], [-1, 1, 0], [-1161, -1466, -3086], [-1, 1, 0], [-1, 1, 0], [-1, 1, 0], [-1, 1, 0], [-1, 1, 0], [1237, -2997, -104], [-1769, 507, 2584], [-1, 1, 0], [-1, 1, 0], [-1208, -2215, 2445], [-1, 1, 0], [-1, 1, 0], [-1, 1, 0], [1251, -1809, -42], [-773, 564, -3968], [-121, -3280, 982], [-1, 1, 0], [-1, 1, 0], [-1, 1, 0], [1, -1, 0], [-1, 1, 0], [-1, 1, 0], [-1, 1, 0], [-1, 1, 0], [539, 822, -2362], [-1, 1, 0], [-1, 1, 0], [-1, 1, 0], [3717, 2682, -108], [-1, 1, 0], [-1500, 1610, -811]]

exec_time (ms): 462562.1073246002 ms
exec_time: 7m 42s 562.1073246002197ms