N: 51
n: 6
number_of_primes (d): 3
exp_register_width (qd): 5
primes: [2, 5, 7]

R: 11287
T: 3
t: 16
delta: 0.00010850933564202967
delta_inv: 9216Percent of combinations (with positive values of result vector) that gives % N = 1: 63.8%
Percent of combinations (with positive values of result vector) that give p and q: 40.2%
Vectors that gives p and q: [[-2293, -664, -886], [1766, 2708, 2480], [1585, -1672, -3922], [-237, -2565, 373], [-4139, 995, -4199], [-1341, 1275, 2149], [470, -3614, -1234], [-1511, 1485, -2037], [-244, -985, -3233], [1, 1, -1], [-215, 2311, 85], [1, 1, -1], [1444, 3442, 1810], [1931, 914, 404], [2996, -892, -2908], [-1609, -1904, 1706], [-1018, -1185, 1747], [1, 1, -1], [-1495, 1717, 2979], [-1748, 1210, -1110], [-2146, -2860, 1936], [-1691, -732, -718], [-584, -3279, -4079], [-2274, -1124, 1896], [168, -1700, -2012], [1413, 3278, 652], [47, -2553, 969], [435, -2928, 514], [-2237, -418, -272], [-1789, -789, 1493], [1219, 1919, -135], [1050, -685, 2319], [609, -960, -1978], [-1432, 2029, -1955], [-912, -841, -2889], [1111, 3322, -508], [1947, 2365, 2279], [341, -1884, -2830], [-1375, -1315, 1963], [-2064, 631, 311], [-2354, -73, 443], [-2057, 1017, 1899], [1426, -235, -1759], [417, -1686, 624], [-2038, 1555, 1407], [-569, 1177, -1061], [-3597, -850, -3488], [-3471, 1128, -690], [-1515, -185, -4131], [1, 1, -1], [-2987, -3318, -1224], [-969, -929, -1423], [2799, -2289, -159], [-3804, 1055, -1257], [952, -675, -1139], [1, 1, -1], [-2300, 855, -769], [-4826, -3051, -1703], [-1211, -1882, 148], [-3641, -2394, -1152], [856, -2920, 128], [-1108, 356, 2868], [-1035, -694, 1080], [1473, -90, -996], [2457, 1285, 1443], [1, 1, -1], [-3166, 712, -148], [-2309, 1352, -1814], [4112, 2012, -2988], [-1936, -2516, 212], [1, 1, -1], [-59, -1406, -1520], [1, 1, -1], [-21, -1329, -1431], [-2959, 564, 2106], [413, -2512, 718], [-2190, 1090, -1658], [228, 4080, 1856], [-2158, -2258, -894], [-967, 1374, -1036], [1, 1, -1], [-1, -1, 1], [-3098, -1686, -1850], [2090, 984, -484], [3062, -2215, -2163], [-719, -956, -1590], [-1563, 978, 912], [839, 3661, -321], [1432, 1771, 1243], [2437, -816, -994], [1, 1, -1], [1035, -978, -1104], [-2974, -1527, -699], [1700, -725, -2189], [-206, 2372, -8], [-1216, 1397, -1035], [1, 1, -1], [3006, 641, 1349], [567, -2324, 374], [2215, -686, -900], [1, 1, -1], [-3183, -1213, -1215], [-303, -2133, 2825], [2110, -3144, 1700], [-1814, -5, -1049], [702, 370, -2786], [2391, -549, -3043], [-1, -1, 1], [1360, 2073, -983], [1, 1, -1], [800, -497, -929], [-1800, 133, 917], [212, 681, 2305], [-301, -4682, -104], [2348, -969, 815], [-1825, -1989, -147], [47, 776, -2446], [-709, -4140, 1190], [-2340, -1098, 1190], [-1900, -465, -1161], [340, 435, -2725], [1, 1, -1], [-1867, 1603, -983], [74, 1878, 1338], [-430, 2298, -2722], [606, 47, -2413], [-1847, -157, 2945], [-3296, -1134, -3382], [-1610, 915, -2617], [-2589, -21, 965], [-3311, -493, 817], [147, 343, -2815], [126, 1769, -2771], [1474, 191, -2421], [1, 1, -1], [-1901, 878, 512], [1822, 4021, -1239], [325, 900, -2782], [-2175, 888, -578], [1151, -1657, -1639], [1662, -860, -2000], [-1602, -1952, 2556], [1, 1, -1], [-2980, -1605, -2205], [211, -2224, -30], [-679, 1339, -3223], [545, -3032, -1906], [-683, 389, -2485], [436, 434, -1694], [-2576, 1098, -190], [-8, -1113, -2345], [1, 1, -1], [-1485, 156, 670], [-1681, 1454, 1624], [-2127, 13, 459], [2386, -378, 218], [-192, -645, 4571], [-1985, -1958, -1532], [-968, -1465, -2281], [1, 1, -1], [-69, 1040, -2638], [-1379, -1291, -1493], [-1981, 1330, -236], [3373, 412, 1194], [725, -2861, 393], [1, 1, -1], [-761, -1201, 2113], [-2278, 1471, 699], [311, -2876, 958], [-167, -3213, 865], [-44, -2888, 1576], [1, 1, -1], [-1234, -431, 1269], [-289, -1970, -2008], [-2357, -2671, 1899], [359, 720, -2502], [-137, 1489, -3325], [2416, 466, -550], [1, 1, -1], [-1542, -1342, -378], [1622, 1292, -1352], [153, -1862, -528], [-2092, -891, 1901], [-1971, 1366, 1716], [-502, -1771, 721], [1494, -1663, 1781], [-2484, -2792, 1848], [-1574, -771, -1687], [3895, -274, 3304], [96, -2735, 65], [2898, -1008, -1916], [-2418, -3801, -1077], [-2350, 29, -167], [-2843, -340, -742], [-1924, -2757, 1187], [1373, -727, -2641], [-860, 3104, -800], [-417, 120, -2478], [-1051, -2028, 226], [1, 1, -1], [1, 1, -1], [-515, 1175, -1235], [1, 1, -1], [-2257, -1318, -716], [326, -346, -4526], [2061, 4432, -818], [1, 1, -1], [-191, 1503, 2925], [-333, 636, -2962], [1, 1, -1], [1, 1, -1], [2456, -688, -2872], [-1131, -189, -2055], [312, -2594, 630], [1044, 872, 2632], [1, 1, -1], [1, 1, -1], [742, 3062, -1646], [-1588, -800, -1840], [1, 1, -1], [420, -4728, 840], [-1, -1, 1], [1, 1, -1], [-183, 287, 1917], [1365, -2419, -829], [-743, 4564, -150], [1528, -596, -892], [-878, -961, 1179], [707, 1826, 452], [-904, -758, -1310], [1108, -3048, -168], [1, 1, -1], [472, -164, -4348], [-960, 2689, -1711], [3467, -2009, -687], [-653, -1410, -1232], [-930, 36, 2768], [499, -2229, -1899], [2199, -104, -2254], [-1135, 1000, -2946], [1, 1, -1], [186, 1389, -1847], [1, 1, -1], [-2409, 622, 728], [-2408, 906, -574], [569, 236, -2558], [-1203, -980, -774], [-967, -1982, -2488], [148, -204, -3836], [-1137, 3292, 1574], [-398, -1828, 1856], [465, 1055, -3187], [2347, -142, -1900], [1, 1, -1], [952, -628, -1148], [-4427, 1641, 1711], [-546, 3022, -2118], [-2370, 471, 315], [-2143, 1013, 179], [560, -706, 2550], [30, -20, -2504], [292, -3091, 437], [-1410, -1118, -1714], [-2183, -539, 1427], [-2173, 1171, -2563], [-701, -174, 1748], [1932, -163, 2789], [-2616, -1306, -1362], [1, 1, -1], [1, 1, -1], [-3087, 315, 2089], [1063, 509, -2529], [2531, -978, -2848], [556, -1114, -2538], [-1761, 1375, -879], [1449, -3015, 1719], [900, 133, -2611], [255, -2739, 575], [-2170, -555, 2553], [2091, -3018, 136], [-1757, -1724, -122], [-810, 1645, 2273], [404, -2885, -1741], [-2100, -2716, 1828], [952, -558, 1402], [1, 1, -1], [1922, -3763, 1737], [1664, 2052, -2180], [-4003, -831, -1977], [-1, -1, 1], [-2089, -852, -2266], [413, 145, -1945], [-314, 1973, 2793], [-2332, 185, 193], [1, 1, -1], [1636, 1103, 4711], [677, -1583, -185], [-4284, 607, -281], [1085, -736, -3874], [1807, 1033, 731], [-1467, -3308, -542], [2355, -423, 739], [1354, -1487, -1715], [1868, 970, -4406], [-1961, -3636, 406], [-1152, -1162, -1330], [-1324, -1791, -727], [-1542, -1064, -676], [-416, -2528, 88], [-1431, 686, 1444], [-2250, -1354, -2846], [-1401, 2542, 3128], [164, 699, -2733], [-755, 2184, 774], [691, 2007, 1953], [-2094, 538, -82], [-1017, 2989, 847], [-1053, -1183, -1205], [-171, -3632, -3138], [-1132, -1615, -871], [-1405, 1746, -1148], [-716, -1958, 2394], [1398, -1923, -2127], [2096, 1167, -3617], [-95, -2619, 915], [-1987, 463, 2581], [758, -196, -2120], [1, 1, -1], [-1098, -2812, 368], [1, 1, -1], [1, 1, -1], [-1546, -3076, 1656], [-883, 3640, -474], [-1, -1, 1], [2825, -821, 265], [673, 905, 2791], [1, 1, -1], [707, 1824, 4306], [109, -1562, -1388], [-377, 649, -1477], [1480, 355, -2925], [-284, -2905, -97], [2128, -2925, 1699], [4455, 322, 204], [3749, 394, 1800], [98, -1262, 1606], [2626, -755, -2055], [1, 1, -1], [-1, -1, 1], [-987, -2458, 4], [1, 1, -1], [-1689, 1226, -220], [1, 1, -1], [-1193, -2810, -1216], [1708, -4005, 2771], [-757, 596, -2570], [2039, -157, -299], [-4199, -511, 687], [462, -90, -2622], [-974, -1239, -1323], [1, 1, -1], [-429, -2323, 407], [1, 1, -1], [-1, -1, 1], [-1477, -714, -4280], [-1404, 164, 1444], [-1142, -2429, -961], [1, 1, -1], [-40, -1108, -2284], [-1999, -260, -1854], [653, -2028, -2158], [-1677, -465, 2121], [1624, 2081, -3407], [1, 1, -1], [1884, -1818, -906], [-2643, -711, -1217], [-1788, -1133, 1355], [-1821, -1466, -920], [1, 1, -1], [-1481, -3090, -3032], [-1378, 1517, 4961], [-1387, 4425, 2319], [-994, -2627, 1521], [2434, 235, -1049], [1, 1, -1], [-462, -2326, -1538], [-1657, -1071, 675], [-45, 379, -3099], [-1826, -1078, 3222], [1611, -1076, 1102], [-1051, -2004, -646], [-3287, -1696, 2150], [-1505, -368, -1430], [-739, -1494, 1496], [405, 1855, -2267], [-1244, -749, 4075], [-2348, 254, 2606], [-997, -961, -1175], [-2874, 1818, 678], [1523, 405, 2383], [2673, -2106, 2732], [-1498, -1293, -3001]]

exec_time (ms): 613940.1307106018 ms
exec_time: 10m 13s 940.1307106018066ms