N: 55
n: 6
number_of_primes (d): 3
exp_register_width (qd): 5
primes: [2, 3, 7]

R: 11287
T: 3
t: 16
delta: 0.00010850933564202967
delta_inv: 9216Percent of combinations (with positive values of result vector) that gives % N = 1: 51.0%
Percent of combinations (with positive values of result vector) that give p and q: 30.8%
Vectors that gives p and q: [[2979, 856, -1161], [2386, 1110, -2718], [-353, -3274, -1015], [-2311, 3532, 1445], [-43, -574, -1945], [-596, -2263, -375], [385, -1614, 2591], [-1242, -2467, -1801], [-2017, -958, 2373], [-206, -1693, 1565], [484, -181, -2573], [-2375, -351, 24], [1887, -2616, -177], [-1933, -64, 1495], [673, -413, -2842], [-2119, -1258, 2419], [1257, -1350, -541], [673, 1653, -1496], [1736, 2476, -2482], [-4056, -2412, 326], [781, -2519, -1132], [1058, -800, -1324], [374, -2825, 693], [-741, -242, 2821], [-3192, 1991, -1353], [830, 1125, -2965], [-745, -1746, 1049], [-2056, -2363, -3795], [-383, -1327, 1032], [-122, -1586, -1670], [437, -2749, 1390], [-6, 3020, 968], [205, 2382, -1373], [-2323, 1685, -176], [2901, -4116, 2141], [1573, -320, -419], [-1305, -1407, 2578], [2469, 798, -749], [1155, -1559, -1414], [2806, -2159, 623], [755, -678, -1083], [-1312, 1293, 1209], [-1657, 3863, 1164], [-1962, -2880, 1956], [-988, -2388, -1794], [708, -2995, -1059], [-71, -2453, 610], [-1095, -3827, 1868], [-195, -2717, 458], [-524, -4072, 210], [1590, 1675, -1355], [3397, -131, 2188], [-412, -2852, 774], [-179, -1833, -1806], [-4745, 852, 47], [-1084, 1151, -1757], [-982, -4217, 1229], [-665, 1143, -1392], [-2770, 2681, -449], [-1307, -1826, -2385], [-3407, -1332, -1691], [205, 4744, -951], [-571, 4652, -255], [1616, 3158, 2480], [-2084, -1832, -2350], [1088, 395, -1549], [-567, 1864, 2925], [-4260, 166, -944], [1866, 1314, 3086], [-1598, -2069, -2295], [3133, 757, 788], [-488, -2106, -2952], [-1721, 1690, -847], [-2433, 530, -311], [-925, -2336, 3179], [-98, 1564, -672], [910, -861, -2311], [-1676, -1057, -1149], [-1716, -1833, 15], [-848, 1746, 2000], [2340, -1600, -1110], [1250, 1501, 1511], [-22, 488, -2656], [792, -2647, -63], [-611, -2200, 1073], [-1168, -1213, 3911], [-952, -632, 1194], [1109, 478, -1089], [90, 493, -2177], [-4333, 1160, 499], [830, -2248, -3148], [-326, 255, -2227], [-1868, -1059, 1405], [-1736, -707, -1359], [-846, 1402, 490], [-1191, 3576, 1869], [580, -484, -2194], [-275, -2644, 841], [1283, -1599, -2618], [-1471, 1078, -1709], [-1804, -396, 1206], [-2492, 1267, 2143], [1071, -1202, -735], [-2022, -1270, 1886], [-2525, -3261, -1716], [1400, -2737, 383], [-1967, -1366, -105], [-1310, -847, 2863], [-1746, -1292, -584], [-1086, 307, -1815], [-5179, 180, -423], [-1261, 1199, -3868], [-1145, -1836, -2941], [-2273, 1741, -410], [-495, 2699, 1354], [163, -1407, 2934], [-852, -709, 1427], [1035, 1774, 4449], [-2784, -1825, 527], [1966, 1859, 2361], [-2786, -398, -1030], [3333, -2083, 1708], [-2289, 716, 643], [32, 542, -1664], [-2244, 1047, 2819], [2304, 3051, 999], [-2652, 1129, -315], [852, 974, -1872], [556, -2227, -615], [2401, 49, 2096], [-1744, -470, -2948], [-3849, -1059, -1442], [-2738, -1784, -1660], [2110, -1415, -3225], [-3941, -33, 1100], [-3232, 1744, -910], [187, 2485, -926], [1499, 1362, 2465], [-2243, 636, -855], [-1306, 2533, 1811], [-539, 1684, -2859], [2331, -735, 862], [-1639, 3111, -482], [-1078, -4281, 53], [-4103, -1771, -1152], [1040, 3785, 1365], [-1588, -1868, -2594], [1936, -722, -1400], [-1979, 2387, -3086], [2059, -2262, -2299], [324, 2430, -592], [880, -51, -2711], [-1962, 444, -2300], [-870, 1061, -2169], [-1762, -1603, -2757], [-2419, -783, 1264], [-1149, -916, -1229], [-2681, 1201, 254], [966, -356, -2824], [-1330, -2257, -1407], [-497, -1600, 1131], [-633, -1371, -1702], [-2317, -1182, -111], [1462, -1476, -2292], [1419, -2393, -2160], [2186, -2330, -3918], [669, -1505, -1402], [-1617, -1100, -1589], [-1335, -867, -1092], [2013, -1125, 1966], [754, -3814, -2666], [-1331, -1534, -241], [-1457, 681, -2018], [1063, 1984, 1695], [-113, 1344, -1877], [-2141, -1333, 2140], [1223, 2202, -1667], [526, -905, 2277], [-4445, -1225, 100], [-3130, 1075, 885], [-1655, -3972, -987], [285, 3875, -450], [448, 1565, 3221], [-1333, -2048, 2631], [515, -641, -2716], [1094, -2259, -3261], [-875, 83, 3298], [2568, 1960, 2226], [-2558, 442, 66], [1129, -1188, -1715], [1324, -3472, 66], [740, 2649, -751], [1213, -667, -736], [-683, -2815, 1644], [2811, 805, 2], [104, 2641, -3131], [-3027, 744, 445], [-354, -800, -2748], [993, -4016, -375], [179, -4330, 413], [-2342, 769, -765], [-1694, -1556, -584], [-3386, -311, -1873], [998, -2728, -1412], [514, 1144, 3512], [-1247, -352, -1871], [-1242, -1127, -801], [2108, 1426, 1732], [-2677, -3051, 1950], [-1311, -1061, 1782], [-2486, -1423, -325], [1777, -3132, 417], [4439, 1284, -253], [-1546, -3273, 1465], [2504, 652, 390], [251, -3368, -2741], [-31, -3143, 940], [-2013, -2343, 786], [-2158, 108, 92], [-1120, -1276, -906], [1388, -2795, -1019], [1100, -1458, -1748], [-367, -2851, 1040], [21, -3112, -2215], [-2545, 389, -2226], [-1132, -359, 3557], [-1118, 1081, -1905], [-212, -2284, 862], [676, -2894, 1948], [2230, 1919, 2729], [-2306, -2058, 3210], [997, -1560, -11], [280, 3169, -1671], [-1455, -1741, 2694], [-1412, -1969, -353], [1464, 2985, 1633], [2231, 1155, 592], [-929, 3327, -2056], [1424, 1432, 1110], [372, 2924, -3602], [-3474, 1254, -2214], [-2086, -1063, 2495], [1290, 3855, -515], [-376, -1579, 3029], [917, -2907, 1372], [-1323, -2779, -3160], [-188, 199, -2137], [2056, -2379, 153], [-1464, 317, 3309], [-1907, 82, 903], [1343, -640, -1309], [1216, 2154, -404], [-2385, 1723, -232], [-4294, -55, -973], [-1758, 315, 2109], [1255, 260, -3325], [-788, 1295, 3239], [-1203, 3162, -4469], [-3479, 104, -2159], [-1428, -570, -1356], [2467, -2097, -988], [-1493, 4201, -1910], [274, -1082, -2894], [887, 1580, -1221], [1187, -2550, 649], [-2146, 960, -852], [-1304, -1886, 176], [2029, -714, -1821], [-3523, -2183, -284], [1765, -284, -2919], [-194, 466, 2898], [-405, -840, -5145], [-191, -2875, -2612], [4044, 1149, 37], [-752, -2208, 1078], [-2680, 1964, 154], [1028, -1116, -930], [-788, -1022, -1228], [1894, 1190, 1898], [-1725, 1329, 214], [-88, -2121, 643], [-2429, -951, -914], [376, -396, 3886], [-1615, -1201, -446], [-1426, 2990, 2878], [-1018, -1500, -2716], [-1612, -1183, 1753], [-49, 1280, -2313], [-1605, 8, 1503], [-1107, -1717, -4246], [222, -162, -2138], [-2509, -170, 1117], [-914, -2637, 1685], [-2644, 897, 329], [-250, -3183, 787], [-1187, -578, -2637], [1446, -2529, 193], [872, 2276, -1730], [436, -75, -3123], [694, -642, -2394], [1843, -2217, -2196], [-2933, -1905, 424], [95, -1797, 628], [-881, -2627, -3854], [-2334, 546, 78], [1927, -937, 1592], [-2895, -1114, -2489], [-946, 2613, 2231]]

exec_time (ms): 610825.9968757629 ms
exec_time: 10m 10s 825.9968757629395ms