N: 33
n: 6
number_of_primes (d): 3
exp_register_width (qd): 5
primes: [2, 5, 7]

R: 11287
T: 3
t: 16
delta: 0.00010850933564202967
delta_inv: 9216Percent of combinations (with positive values of result vector) that gives % N = 1: 79.7%
Percent of combinations (with positive values of result vector) that give p and q: 58.8%
Vectors that gives p and q: [[1, 0, -3], [0, -1, 2], [1, 1, 0], [1, 1, 0], [2, -2, 3], [0, 2, 1], [-1, -1, 0], [-2, 0, 1], [-1, -1, 0], [0, 2, 1], [0, -1, 2], [0, 2, 1], [1, 1, 0], [-1, -1, 0], [-1, -1, 0], [1, 1, 0], [0, 2, 1], [-1, -1, 0], [0, -1, 2], [-1, -1, 0], [1, -2, 1], [1, 1, 0], [0, 2, 1], [1, 1, 0], [-1, -1, 0], [0, -1, 2], [-1, -1, 0], [-1, 0, 3], [1, 1, 0], [1, 1, 0], [0, 2, 1], [0, -1, 2], [-2, 0, 1], [-1, -1, 0], [0, 2, 1], [0, 2, 1], [-1, -1, 0], [0, -1, 2], [0, -1, 2], [-1, -1, 0], [1, 1, 0], [-2, 0, 1], [-1, -1, 0], [0, 2, 1], [2, -3, 0], [-1, -1, 0], [1, -1, 4], [0, 2, 1], [-1, -1, 0], [2, -2, 3], [-1, -1, 0], [1, 1, 0], [0, -1, 2], [1, 1, 0], [1, 1, 0], [1, 1, 0], [-1, -1, 0], [0, -1, 2], [1, 1, 0], [-1, 0, 3], [0, 2, 1], [0, -1, 2], [-1, -1, 0], [-1, -1, 0], [-1, -1, 0], [0, 2, 1], [1, 1, 0], [1, 1, 0], [-3, 1, 2], [0, 2, 1], [-1, -1, 0], [0, 2, 1], [1, 1, 0], [1, 1, 0], [-1, -1, 0], [-2, 0, 1], [-2, 0, 1], [0, 2, 1], [-1, 0, 3], [-1, -1, 0], [-1, -1, 0], [1, 1, 0], [1, 1, 0], [-2, 0, 1], [-1, -1, 0], [-1, -1, 0], [1, 1, 0], [-1, -1, 0], [0, -1, 2], [2, 0, -1], [1, 1, 0], [0, -1, 2], [2, 0, -1], [-1, 3, 2], [0, -2, -1], [1, -2, 1], [0, 2, 1], [0, -1, 2], [-1, -1, 0], [0, -1, 2], [0, -1, 2], [0, -1, 2], [1, 1, 0], [-2, 0, 1], [1, 1, 0], [0, 2, 1], [0, 2, 1], [-2, 0, 1], [1, 1, 0], [0, -1, 2], [1, 1, 0], [-2, 0, 1], [-2, 0, 1], [-1, -1, 0], [0, -1, 2], [0, -1, 2], [-1, -1, 0], [-1, 1, -4], [1, 1, 0], [-1, 2, -1], [-2, 0, 1], [1, 1, 0], [-1, -1, 0], [0, 2, 1], [1, 1, 0], [-1, -1, 0], [1, -2, 1], [0, -1, 2], [1, 1, 0], [-1, -1, 0], [-1, 2, -1], [-1, -1, 0], [1, 1, 0], [1, 1, 0], [1, 4, -1], [0, 2, 1], [-1, -1, 0], [-2, 0, 1], [-1, -1, 0], [0, 2, 1], [-1, -1, 0], [0, -1, 2], [0, -1, 2], [-1, -1, 0], [1, 1, 0], [0, -1, 2], [0, 2, 1], [0, -1, 2], [1, 1, 0], [0, 4, -3], [-1, -1, 0], [0, -1, 2], [0, 2, 1], [0, 2, 1], [-2, 3, 0], [0, -1, 2], [-1, -1, 0], [1, 1, 0], [0, -1, 2], [2, -3, 0], [-1, 0, 3], [-1, -1, 0], [2, 0, -1], [0, -1, 2], [1, 1, 0], [0, -1, 2], [1, 1, 0], [1, 1, 0], [-1, -1, 0], [1, 1, 0], [1, 1, 0], [2, -2, 3], [0, 1, -2], [-1, -1, 0], [0, 2, 1], [-1, 0, 3], [-1, -1, 0], [0, -1, 2], [1, 1, 0], [-1, 0, 3], [1, 1, 0], [0, -1, 2], [1, 1, 0], [-1, -1, 0], [-1, 2, -1], [-1, 0, 3], [0, 4, -3], [0, -1, 2], [1, 1, 0], [1, 1, 0], [1, 1, 0], [1, 1, 0], [1, 1, 0], [-2, 3, 0], [1, 4, -1], [-1, -1, 0], [1, 1, 0], [-1, -1, 0], [0, -1, 2], [0, 1, -2], [0, 2, 1], [-1, -1, 0], [-1, -1, 0], [-1, -1, 0], [1, 1, 0], [1, -2, 1], [0, 2, 1], [0, 2, 1], [-1, -1, 0], [0, 2, 1], [-1, -1, 0], [2, 1, 2], [-2, 3, 0], [0, 2, 1], [-4, 1, 0], [1, 1, 0], [1, 1, 0], [0, -1, 2], [0, 1, -2], [2, -2, 3], [-1, 2, -1], [-1, -1, 0], [2, 0, -1], [-1, -1, 0], [0, 2, 1], [0, -1, 2], [-1, -1, 0], [1, 1, 0], [1, 1, 0], [1, 1, 0], [1, 1, 0], [1, 1, 0], [0, -1, 2], [1, 1, 0], [0, 2, 1], [-2, 0, 1], [1, 1, 0], [1, 1, 0], [-2, 0, 1], [1, -2, 1], [-1, -1, 0], [-1, 2, -1], [0, 2, 1], [-1, -1, 0], [1, 1, 0], [-1, 0, 3], [-1, -1, 0], [-1, 2, -1], [-1, -1, 0], [2, 0, -1], [-1, -1, 0], [0, -1, 2], [-2, 3, 0], [-2, 0, 1], [0, -1, 2], [-1, 2, -1], [3, 0, 1], [1, 1, 0], [1, -2, 1], [0, 4, -3], [1, 1, 0], [2, 0, -1], [-1, -1, 0], [0, -1, 2], [-2, 0, 1], [-1, -1, 0], [-1, -1, 0], [-1, -1, 0], [0, -1, 2], [0, 2, 1], [0, 0, 5], [1, 1, 0], [1, 1, 0], [2, 0, -1], [-1, -1, 0], [0, -1, 2], [3, 0, 1], [1, 1, 0], [0, 2, 1], [1, 1, 0], [-1, -1, 0], [1, 1, 0], [1, 1, 0], [1, 1, 0], [1, 1, 0], [1, 1, 0], [-1, -1, 0], [1, 1, 0], [-2, 3, 0], [-1, -1, 0], [0, -1, 2], [1, 1, 0], [2, 0, -1], [-1, -1, 0], [-1, -1, 0], [1, -2, 1], [-1, -1, 0], [2, 0, -1], [0, -1, 2], [-1, -1, 0], [0, -2, -1], [2, 0, -1], [-2, 3, 0], [1, 1, 0], [0, 1, -2], [1, 1, 0], [1, -2, 1], [0, 2, 1], [0, -1, 2], [1, 1, 0], [-2, 0, 1], [0, -1, 2], [-1, -1, 0], [0, 2, 1], [1, -2, 1], [0, -1, 2], [-1, 0, 3], [1, -2, 1], [0, 2, 1], [0, 2, 1], [0, 2, 1], [0, -1, 2], [0, -1, 2], [1, 1, 0], [0, 2, 1], [0, 2, 1], [-1, 2, -1], [-1, -1, 0], [-1, -1, 0], [1, 1, 0], [-1, -1, 0], [0, 2, 1], [1, -2, 1], [2, 0, -1], [-1, 2, -1], [1, 1, 0], [-1, -1, 0], [-2, 0, 1], [-1, -1, 0], [3, 0, 1], [0, -1, 2], [1, 1, 0], [-1, -1, 0], [1, 1, 0], [0, 2, 1], [-2, 0, 1], [0, -1, 2], [1, 1, 0], [0, -1, 2], [1, 1, 0], [0, -1, 2], [1, 1, 0], [-1, -1, 0], [1, 1, 0], [1, -2, 1], [0, 2, 1], [2, 0, -1], [0, -1, 2], [-4, 1, 0], [-1, -1, 0], [1, 1, 0], [0, -1, 2], [0, 2, 1], [1, 1, 0], [-1, -1, 0], [-1, -1, 0], [0, -1, 2], [-1, -1, 0], [-1, 2, -1], [-1, -1, 0], [-1, 0, 3], [0, 2, 1], [-1, 2, -1], [0, 2, 1], [-1, -1, 0], [1, 1, 0], [3, 0, 1], [-1, -1, 0], [-1, -1, 0], [-2, 0, 1], [-1, -1, 0], [1, 1, 0], [-1, -1, 0], [-1, 2, -1], [1, 1, 0], [-1, 2, -1], [2, 0, -1], [-1, 0, 3], [0, 2, 1], [1, -2, 1], [0, 1, -2], [0, 2, 1], [0, 4, -3], [1, -2, 1], [-1, -1, 0], [-1, -1, 0], [-2, 0, 1], [1, 1, 0], [1, -2, 1], [-1, 3, 2], [-1, -1, 0], [0, 2, 1], [1, -2, 1], [-1, -1, 0], [-1, -1, 0], [-2, 0, 1], [0, 3, 4], [0, 2, 1], [1, 1, 0], [-1, -1, 0], [-2, 0, 1], [-1, -1, 0], [-1, -1, 0], [0, 2, 1], [3, 0, 1], [0, 2, 1], [0, 2, 1], [-1, 0, 3], [-1, -1, 0], [-1, -1, 0], [1, 1, 0], [-2, 0, 1], [0, -1, 2], [-1, -1, 0], [1, 1, 0], [-2, 0, 1], [-1, -1, 0], [-1, -1, 0], [1, -2, 1], [-1, 0, 3], [0, -1, 2], [1, 1, 0], [1, 1, 0], [1, 1, 0], [-2, 0, 1], [-2, 3, 0], [1, 1, 0], [1, 1, 0], [1, 1, 0], [-1, -1, 0], [0, 2, 1], [-1, -1, 0], [2, -2, 3], [0, 2, 1], [-1, -1, 0], [-2, 0, 1], [-2, 0, 1], [1, 1, 0], [-1, -1, 0], [1, 1, 0], [0, -1, 2], [0, 2, 1], [2, -3, 0], [-1, 0, 3], [0, 1, -2], [0, 2, 1], [0, -1, 2], [1, 1, 0], [-1, -1, 0], [1, 1, 0], [1, 1, 0], [-4, 1, 0], [-1, 0, 3], [-1, -1, 0], [1, 1, 0], [-1, -1, 0], [2, 0, -1], [1, 1, 0], [-1, -1, 0], [-1, -1, 0], [1, 1, 0], [-1, -1, 0], [1, 1, 0], [1, 1, 0], [-1, 0, 3], [0, 2, 1], [-1, -1, 0], [0, 2, 1], [-1, -1, 0], [-1, -1, 0], [0, -1, 2], [0, -1, 2], [-1, -1, 0], [-1, -1, 0], [1, 1, 0], [-1, -1, 0], [2, 0, -1], [0, -1, 2], [-1, -1, 0], [-1, -1, 0], [-2, 0, 1], [0, -1, 2], [1, 1, 0], [-1, -1, 0], [-1, -1, 0], [-1, -1, 0], [1, 1, 0], [-1, -1, 0], [2, 0, -1], [-1, -1, 0], [0, -1, 2], [-1, 0, 3], [0, -1, 2], [-1, -1, 0], [0, 2, 1], [-1, -1, 0], [-1, -1, 0], [1, 1, 0], [-1, -1, 0], [0, 2, 1], [-1, -1, 0], [0, 2, 1], [-2, 0, 1], [0, -1, 2], [1, 1, 0], [-1, -1, 0], [0, -1, 2], [-1, 0, 3], [1, 1, 0], [-1, -1, 0], [-1, -1, 0], [1, 1, 0], [1, 1, 0], [1, -2, 1], [1, 1, 0], [1, 1, 0], [-1, -1, 0], [0, 2, 1], [-1, -1, 0], [-1, -1, 0], [-1, -1, 0], [-1, -1, 0], [2, 0, -1], [-2, 0, 1], [1, 1, 0], [-1, -1, 0], [0, -1, 2], [3, -1, -2], [1, 1, 0], [1, -2, 1], [-1, -1, 0], [0, 4, -3], [0, -1, 2], [1, 1, 0], [-1, -1, 0], [-1, -1, 0], [1, 1, 0], [1, 1, 0], [-1, -1, 0], [-1, -1, 0], [-1, 0, 3], [-2, 0, 1], [0, -1, 2], [-1, -1, 0], [1, 1, 0], [0, 2, 1], [-1, -1, 0], [-1, -1, 0], [0, 2, 1], [0, 2, 1], [-1, -1, 0], [-2, 3, 0], [0, 2, 1], [0, 2, 1], [1, 1, 0], [-1, -1, 0], [0, -1, 2], [-1, -1, 0], [0, -1, 2], [-1, -1, 0], [0, 2, 1], [-1, 0, 3], [2, -3, 0], [0, 2, 1], [-1, -1, 0], [1, 1, 0], [0, -1, 2], [-1, -1, 0], [-1, 3, 2], [-1, -1, 0], [0, -1, 2], [1, 1, 0], [0, 2, 1], [-1, -1, 0], [-1, -1, 0], [2, 0, -1], [0, -1, 2], [1, 1, 0]]

exec_time (ms): 598180.184841156 ms
exec_time: 9m 58s 180.18484115600586ms