N: 35
n: 6
number_of_primes (d): 3
exp_register_width (qd): 5
primes: [2, 3, 11]

R: 11287
T: 3
t: 16
delta: 0.00010850933564202967
delta_inv: 9216Percent of combinations (with positive values of result vector) that gives % N = 1: 75.3%
Percent of combinations (with positive values of result vector) that give p and q: 46.9%
Vectors that gives p and q: [[-1541, 1011, -1742], [-747, 1605, -2100], [1098, 3308, 205], [-407, -3051, -971], [211, -2161, 551], [-4719, -2043, -2196], [1815, 571, -3535], [-603, -1903, -1115], [-255, -1559, 1349], [2431, 1931, 266], [-2924, -2346, -1358], [-112, -3282, 1205], [2323, 935, -1252], [358, -1264, 2846], [303, -1597, -47], [-1994, 484, -1524], [-1212, 630, 2343], [221, -2999, -227], [-332, -290, 1290], [147, -1213, -2312], [-1202, -396, 610], [-2560, 18, 623], [83, 1067, -2367], [386, -2012, -1019], [167, 1407, -1975], [122, 1600, -2735], [-1997, -917, 4452], [620, 874, -1385], [-481, 2311, -116], [-1378, -5756, 55], [1344, -1734, 2229], [682, -3152, -1125], [-2124, 3186, -1236], [-2329, -3085, 870], [1114, -2000, -795], [-3125, -1189, -2896], [-245, -3233, 1977], [-20, -2814, -602], [-406, 1120, -2183], [-271, -1611, -1696], [2047, 2431, 1521], [2013, 425, 913], [200, -3142, 1236], [1828, -350, -2262], [-1053, -2753, -5065], [-2830, -788, 1201], [-2230, 900, -1090], [-1831, -571, -2007], [-719, -1427, 1362], [-1219, -1919, 1216], [-474, -2784, -1698], [1458, -3460, 520], [2939, -2445, -2641], [-348, 482, -2129], [-181, -3629, -1247], [1415, -2181, -922], [1893, 1773, -1080], [756, -998, -4273], [-3590, 2228, 1115], [-2051, -131, -3075], [1766, 1572, -1168], [-2481, 1007, 2476], [-1730, -356, -3867], [2600, 502, -1373], [1924, -3722, -1470], [981, -2247, 1875], [2677, 377, -1153], [-2173, 223, 2035], [-2510, 1700, 359], [-1852, 134, 801], [-256, 1378, -1772], [-2454, -472, -638], [-2511, -3911, 1799], [720, -1750, -3977], [2363, -1125, -2380], [1218, -3724, -863], [880, -1918, -232], [668, 3014, 1092], [-2621, -513, 514], [-1598, -376, -1486], [-553, -1865, 853], [-1659, -1023, -2823], [-2216, 1794, 1186], [-137, -2273, -1275], [1039, -2053, 3092], [-2055, -271, -440], [-1208, 4130, 869], [-1489, -133, -3144], [1649, -4635, 191], [-2866, -2420, -2423], [267, -5109, 1437], [-627, -1519, -1313], [1803, 3267, -1914], [-2017, -1245, -1090], [-172, 1770, 1685], [-2481, 1531, -472], [510, 648, -3276], [-266, -4216, -88], [-2148, -706, 1114], [-1913, -477, 892], [-1038, -780, -1617], [19, -1465, -1459], [3622, 324, 2908], [-320, -3678, 985], [-849, 2655, 1683], [-2758, -2492, -2258], [972, -3550, -527], [-2070, -264, -1119], [2085, -1955, -157], [-1394, 2496, -1994], [-1300, -646, -1644], [1127, -2917, -2265], [1173, -1903, 2728], [-1829, 1427, -907], [1055, 887, 1128], [-88, -2546, 547], [952, 3566, 458], [390, -3012, 390], [701, 2593, 2896], [2557, -3619, -1150], [-2378, 2228, 668], [-1462, -2028, 965], [-2712, -2462, -1420], [-2501, -2401, -388], [-1684, -1294, -2499], [-2, 0, 1], [42, -1940, -2137], [-4468, -1738, 144], [-2051, -875, -4143], [-3644, -1134, 1858], [2724, -1470, 204], [-2444, 814, -2043], [-2829, 443, -2054], [-1645, -969, -3547], [-1462, 1588, 376], [-1306, 2872, 1012], [-2257, 559, -1688], [2966, -804, -763], [2324, -1290, 1745], [2561, -339, -1789], [-425, 2135, 1106], [-3230, -2712, -617], [1061, -2087, -803], [-898, -580, 642], [-2238, 1968, -1848], [-200, 2138, 641], [-2588, -366, 472], [-1526, 372, 1834], [-1375, -1655, 1309], [-79, -3003, -526], [-466, -8, -1997], [3000, 282, -1062], [-871, 1713, -1804], [1482, 180, -2445], [-170, 1112, -2875], [-1041, 835, -1921], [655, -1649, 441], [-3287, -1687, -3904], [1991, -1693, -1188], [-127, -2839, -1245], [-2193, -3233, 1220], [1943, -929, -2909], [468, -2894, 695], [38, -356, -2384], [-497, 855, 2233], [-431, -2135, -1182], [3328, -946, -1504], [1537, 1489, 105], [1331, 1571, -3915], [914, -668, -1019], [-2848, 554, -2676], [988, -1858, -775], [1462, -1344, -539], [-2509, -401, 112], [-3879, -1647, 1002], [-1783, -923, -3020], [766, 1488, 1354], [-2711, -1115, 1485], [-1486, -3496, 270], [180, 2782, 1055], [2855, -661, 1149], [23, -1981, 411], [-1849, -1085, -536], [1352, -398, -3308], [-172, -2678, 829], [99, -193, -2309], [-1853, -853, -340], [1496, 3866, -99], [-524, 2522, 65], [1805, 765, -2407], [-920, 2202, -1148], [868, -2150, 870], [3205, 1897, 504], [451, -2073, -1499], [310, -2632, 638], [1732, 574, -4374], [-1644, -810, -1245], [-4, -1774, -2157], [2631, 399, -3522], [5, -1827, -3865], [-2925, -1501, 1699], [-2286, 1892, -1019], [-825, 435, -3540], [-2988, 1230, -657], [-748, -1550, -926], [311, -2021, -1187], [1658, -2536, 234], [61, 445, -2823], [2214, -2024, -1339], [-2346, 2188, 26], [-1475, -1747, 1628], [2559, 1887, 1677], [27, -201, 3591], [127, 1907, 1367], [-4172, -542, 2748], [-2, 0, 1], [-2461, -389, -2828], [-24, 718, -1921], [-550, 1004, 2097], [-1819, -1095, 1181], [-642, 2384, 349], [303, -2125, 937], [-977, 2367, -2069], [1191, -449, -3265], [2338, -1456, 1793], [2654, -1916, 1867], [-2, 0, 1], [-536, 866, -4156], [-666, -1256, 3164], [670, -340, -835], [-1283, -327, -1688], [-124, 1014, -1150], [2211, -2865, -2778], [1951, 1851, -1142], [-3734, 1796, -1303], [-3996, -1578, 21], [968, 62, -2193], [-496, -1750, -1071], [-3022, 1432, 2731], [-268, -2382, 1163], [247, -2517, 985], [-2242, -180, 29], [478, -2960, 912], [-2824, -2950, -1227], [-115, 1761, -2902], [603, -2169, -1197], [-2799, 489, 381], [-2561, -365, 687], [1898, -704, -2468], [-2721, -801, 1533], [475, -1001, -102], [611, 2455, -809], [-2379, 309, 78], [2402, -808, -2310], [1267, -2873, -2526], [1083, 2271, -2226], [-4231, -55, -1779], [-3090, -1228, -1400], [2142, 488, 790], [1486, 888, -4502], [3107, 2027, 297], [-1733, 3715, 1053], [-1257, -393, 1200], [1312, 1758, 1159], [-602, 328, -4311], [-2197, -1633, -849], [-3534, -724, -1256], [-2206, -440, 553], [-2942, 360, 601], [-2280, 1374, -117], [39, -3289, -2141], [2108, -242, 2908], [-1801, 975, 221], [-2716, 1418, -348], [748, -3182, 936], [-952, 2050, -1814], [-2749, -309, 158], [674, -252, -811], [-2346, -372, 603], [1470, 264, -1956], [-3045, 1859, 1471], [-1817, -2133, -221], [2201, -1775, 1618], [881, 29, -1503], [-137, -3097, 677], [532, -2610, -38], [-1801, -1969, -2787], [-2873, 31, 696], [-2138, 640, -486], [1358, -376, -2334], [-2608, 314, 2211], [-4920, -34, 307], [1620, -2926, 2476], [673, -2571, 340], [1035, -2201, 1481], [-1956, 1498, -1654], [-1746, 1012, -1132], [185, -3063, 440], [-2256, -422, 371], [-1724, 2198, -1822], [-1296, -2390, 140], [-1047, -3091, -734], [-1518, 248, 880], [-1426, 1836, 1670], [-1268, -1494, 907], [-1320, 726, 1596], [-2570, 1092, 2845], [1852, -874, 182], [-1033, -1117, -2835], [-2464, 1270, -152], [32, -2566, 489], [-62, 532, 3927], [-2008, -3522, 530], [-924, 2342, -1961], [-322, -2716, 915], [-1393, 119, -1581], [-3316, -3170, -380], [840, -710, -868], [-4834, -3252, -1084], [854, 2604, -2515], [-2048, -2118, 1486], [-2373, -477, -2082], [-831, 2349, 384], [-3855, -1971, 186], [2061, -659, -1120], [-333, 639, -1128], [-654, -2228, 1238], [2512, -106, -1918], [434, -588, 1919], [2421, 941, -1145], [-3073, -849, 1319], [-1467, -683, -1123], [-1496, -1102, 1139], [-2570, 2672, 1349], [-227, 3069, -254], [-1599, -2819, 2489], [474, -716, -1948], [1353, 1169, -1517], [742, -136, -2716], [349, -111, -3341], [-2050, 768, 2483], [-3916, -306, -454], [-1098, -4048, -3767], [-1724, -1978, 1922], [-1387, 1705, -506], [2668, -230, 1683], [-75, -1019, 2255], [767, 487, -3365], [-2384, -50, 357], [-3878, -1292, -279], [-3126, -2852, -1675], [-1871, 561, 2140], [-71, -23, -4293], [-122, 128, -4315], [-355, 2941, 307], [1679, 947, 2910], [-629, 127, 1083], [-2672, 326, 281], [0, -2718, 471], [170, 2816, -660], [-336, 998, -2060], [62, -152, 2281], [-2666, 2244, 838], [-3028, 1978, 1270], [2470, -680, 2976], [187, -1665, 775], [-2589, 71, 466], [-1185, 943, -688], [-4285, -1797, -1663], [-945, -1105, -1175], [-2, 0, 1], [-909, 223, 1241], [-3536, -2322, 1108], [2136, -858, -3549], [155, -2745, -2671], [-1794, 1628, 3064], [-2529, -173, 635], [500, -1438, -135], [-1501, -3453, 2498], [1665, -807, 183], [77, -2575, 135], [1800, 1482, 1158], [-2123, -691, -1996], [823, -3117, -323], [-3300, -458, -601], [-555, -3023, 1340], [-1336, -714, -1066], [-1377, -381, -3144], [-1961, -301, -1324], [262, -3436, 857], [-3876, -3390, 675], [-1382, 2748, 1690], [-4125, -697, -122], [1666, -2428, 2432], [299, -2693, -536], [-1160, -1122, -1055], [3166, 488, -841], [-1655, -1435, -892], [1858, -396, -3092], [-917, 1183, 2439], [-2766, 1800, 300], [-1293, -1625, 1931], [-1878, 2032, -1228], [-2419, -2875, 3129], [-2713, 415, 145], [-1193, -1129, -1063], [-2141, -97, 728], [325, 2017, 1845], [-814, -1468, -4719], [287, -4029, -1660], [1266, -3108, -1287], [-1239, -751, -3299], [-761, 2027, -979], [547, 1383, 1552], [-468, 2418, -534], [-1552, -178, -3357], [100, 3338, -847], [-1921, 1947, -1435], [33, -2295, 1038], [1738, -244, -2578], [796, -2682, 307], [2712, -94, 1483], [545, 409, -1931], [1534, -3096, -350], [827, -3585, -2965], [444, 3386, 874], [-485, -1949, 882], [2475, 339, -1083], [142, 1096, -1656], [-3492, 194, 418], [-2186, -1296, 1258], [84, 1602, -1635], [-2141, 283, -2937], [-1179, -555, 3831], [-1756, -1050, -2770], [-2185, 655, 3076], [-2893, -1321, 1905], [271, -1325, 2265], [-876, 1854, 870], [-1441, -905, -1055], [-759, 1305, -1887], [-2160, -30, -1404], [825, -2275, -1691], [578, -3516, 257], [-2855, -183, -1682], [768, -122, -1522], [2661, -2299, -77], [1814, -596, -1820], [-2481, 1919, 385], [-2317, -309, 212], [1757, -1131, -2008], [-2278, 332, -1209], [1606, 948, 1330], [-1260, -3302, 3251], [1462, -1780, 104], [-584, 3950, 38], [-3620, -4234, -262], [1708, -2238, 1777], [427, 3055, -1095], [405, -2791, 865], [346, -2184, 286], [-49, -2405, 934], [-1290, -1336, 1150], [1002, -1404, 3222], [-893, -2389, 1973], [745, 2781, -1421], [-86, 1884, -500], [2413, -127, -2470], [-3020, -1826, 1320]]

exec_time (ms): 605673.1097698212 ms
exec_time: 10m 5s 673.109769821167ms