N: 39
n: 6
number_of_primes (d): 3
exp_register_width (qd): 5
primes: [2, 5, 7]

R: 11287
T: 3
t: 16
delta: 0.00010850933564202967
delta_inv: 9216Percent of combinations (with positive values of result vector) that gives % N = 1: 75.5%
Percent of combinations (with positive values of result vector) that give p and q: 65.5%
Vectors that gives p and q: [[1, 0, 1], [1, 0, 1], [1, 0, 1], [1, 0, 1], [1, 0, 1], [-1, 0, -1], [-2, -1, 1], [0, -1, 3], [0, 2, 0], [0, 2, 0], [1, 0, 1], [1, 0, 1], [1, 0, 1], [1, 0, 1], [0, -2, 0], [-1, 0, -1], [0, 2, 0], [1, 0, 1], [1, 0, 1], [0, 2, 0], [1, 0, 1], [0, 2, 0], [-3, 1, 0], [-1, 1, 2], [0, 3, 3], [-1, 0, -1], [0, 2, 0], [1, 0, 1], [1, 0, 1], [-1, 0, -1], [0, -2, 0], [1, 0, 1], [1, 0, 1], [2, 2, 2], [0, 2, 0], [1, 0, 1], [0, -2, 0], [0, 2, 0], [0, 2, 0], [1, 0, 1], [1, 0, 1], [-1, 1, 2], [1, 0, 1], [1, 0, 1], [1, 0, 1], [-1, 1, 2], [0, 2, 0], [-2, 0, 4], [1, 0, 1], [1, 0, 1], [-2, 0, 4], [0, 2, 0], [0, -1, 3], [1, 0, 1], [1, 0, 1], [-1, 0, -1], [0, -2, 0], [0, 2, 0], [1, 0, 1], [1, 0, 1], [1, 0, 1], [1, 0, 1], [0, 2, 0], [-1, 1, 2], [2, -3, -1], [1, 0, 1], [-1, 0, -1], [1, 0, 1], [1, 0, 1], [1, 0, 1], [1, 0, 1], [-1, 0, -1], [1, 0, 1], [-1, 0, -1], [1, 0, 1], [1, 0, 1], [0, -2, 0], [1, 0, 1], [-1, 1, 2], [1, 0, 1], [3, 0, 3], [0, -1, 3], [1, 1, 4], [1, 0, 1], [0, -1, 3], [0, 2, 0], [1, 0, 1], [3, -1, 0], [3, -1, 0], [1, 0, 1], [1, 0, 1], [-1, 1, 2], [-1, 0, -1], [0, -2, 0], [-1, 0, -1], [0, 2, 0], [1, 0, 1], [1, 0, 1], [1, 0, 1], [-1, 1, 2], [0, -2, 0], [0, -2, 0], [-1, 1, 2], [0, 2, 0], [-1, 0, -1], [1, 0, 1], [0, 2, 0], [3, -1, 0], [1, 0, 1], [0, 2, 0], [-2, -1, 1], [3, -1, 0], [1, 0, 1], [1, 0, 1], [0, 2, 0], [0, -1, 3], [1, 0, 1], [1, 0, 1], [1, -1, -2], [0, -1, 3], [0, 2, 0], [1, 0, 1], [0, -1, 3], [0, 2, 0], [-1, 1, 2], [1, 0, 1], [0, -2, 0], [-2, 0, 4], [1, 0, 1], [1, 0, 1], [1, 0, 1], [1, 0, 1], [1, 0, 1], [1, 0, 1], [1, 0, 1], [-1, 1, 2], [1, 0, 1], [0, -1, 3], [0, 2, 0], [1, 0, 1], [0, -2, 0], [-2, -1, 1], [-1, 0, -1], [1, 0, 1], [0, 2, 0], [1, 0, 1], [1, 0, 1], [1, 0, 1], [-1, 0, -1], [0, 2, 0], [1, 0, 1], [1, 0, 1], [2, 1, -1], [1, 0, 1], [-1, 0, -1], [0, -1, 3], [1, 0, 1], [1, 1, 4], [1, 0, 1], [-1, 1, 2], [0, 2, 0], [0, 2, 0], [1, 0, 1], [-1, 0, -1], [1, 0, 1], [1, 0, 1], [0, -2, 0], [1, 0, 1], [1, 0, 1], [-1, 0, -1], [0, 2, 0], [1, 0, 1], [1, 0, 1], [2, 1, -1], [0, -2, 0], [1, 0, 1], [0, 2, 0], [1, 0, 1], [0, -2, 0], [0, -2, 0], [1, 0, 1], [1, 0, 1], [-1, 1, 2], [1, 0, 1], [0, 2, 0], [1, 0, 1], [-1, 1, 2], [1, 0, 1], [0, 2, 0], [1, 0, 1], [0, -2, 0], [0, 2, 0], [1, 0, 1], [1, 0, 1], [0, -2, 0], [0, -2, 0], [1, 0, 1], [2, 1, -1], [1, 0, 1], [0, -2, 0], [1, 0, 1], [-1, 0, -1], [1, 0, 1], [1, 0, 1], [1, 0, 1], [0, -2, 0], [1, 0, 1], [1, 0, 1], [0, 2, 0], [1, 0, 1], [-1, 0, -1], [0, 2, 0], [0, -1, 3], [1, 0, 1], [-1, 1, 2], [0, 2, 0], [-1, 0, -1], [2, 0, -4], [0, 2, 0], [0, -1, 3], [1, 0, 1], [0, 2, 0], [-1, 0, -1], [1, 0, 1], [-1, 0, -1], [1, 0, 1], [0, 2, 0], [0, 2, 0], [1, 0, 1], [0, -2, 0], [1, 0, 1], [1, 0, 1], [1, 0, 1], [1, 0, 1], [1, 0, 1], [1, 0, 1], [-1, 0, -1], [1, 0, 1], [-1, 1, 2], [0, -2, 0], [1, 0, 1], [-1, 0, -1], [1, 0, 1], [2, 1, -1], [0, -2, 0], [1, 0, 1], [-1, 1, 2], [0, -2, 0], [0, 2, 0], [0, -1, 3], [3, 0, 3], [-1, 0, -1], [1, -1, -2], [1, 0, 1], [2, 2, 2], [0, -2, 0], [-1, 0, -1], [0, -2, 0], [1, 0, 1], [1, 0, 1], [0, -1, 3], [-1, 0, -1], [2, 1, -1], [1, 0, 1], [1, 0, 1], [1, 0, 1], [0, -1, 3], [0, -2, 0], [0, 2, 0], [1, 0, 1], [0, -2, 0], [1, 0, 1], [1, -1, -2], [0, -1, 3], [-1, 1, 2], [1, 0, 1], [1, 1, 4], [-2, -1, 1], [2, 2, 2], [0, -2, 0], [0, -2, 0], [1, 0, 1], [4, 0, -2], [1, 0, 1], [-1, 0, -1], [0, 3, 3], [0, 2, 0], [1, 1, 4], [0, 2, 0], [1, -1, -2], [-1, 0, -1], [-1, 1, 2], [1, 0, 1], [1, 0, 1], [-1, 1, 2], [0, 2, 0], [1, 0, 1], [-1, 0, -1], [-1, 1, 2], [-1, 0, -1], [1, 0, 1], [0, 2, 0], [1, 0, 1], [1, 0, 1], [1, 0, 1], [1, 0, 1], [1, 0, 1], [0, 2, 0], [0, 2, 0], [1, 0, 1], [0, -1, 3], [1, 0, 1], [1, 1, 4], [1, 0, 1], [1, 0, 1], [-1, 0, -1], [-2, -1, 1], [-2, -1, 1], [0, 2, 0], [1, 0, 1], [0, 2, 0], [3, -1, 0], [2, 1, -1], [1, 0, 1], [-1, 1, 2], [1, 0, 1], [0, -1, 3], [1, 0, 1], [0, 2, 0], [1, 0, 1], [0, 2, 0], [0, 2, 0], [1, 0, 1], [0, -2, 0], [-1, 0, -1], [0, -2, 0], [1, 0, 1], [1, -1, -2], [-1, 0, -1], [1, 0, 1], [1, 0, 1], [1, 0, 1], [-1, 0, -1], [0, 2, 0], [-1, 0, -1], [0, 2, 0], [2, 2, 2], [1, 0, 1], [0, 2, 0], [1, 0, 1], [0, 2, 0], [0, 2, 0], [-1, 1, 2], [1, 0, 1], [-2, -1, 1], [2, 2, 2], [0, -2, 0], [1, 0, 1], [-1, 0, -1], [1, 0, 1], [0, -2, 0], [-2, 0, 4], [-2, -1, 1], [1, 0, 1], [0, -2, 0], [0, 2, 0], [1, 0, 1], [0, -2, 0], [1, 0, 1], [0, 2, 0], [-1, 0, -1], [3, -1, 0], [0, 2, 0], [1, 0, 1], [-1, 0, -1], [3, 3, 0], [0, 2, 0], [1, 0, 1], [1, 0, 1], [1, 0, 1], [0, -2, 0], [0, -1, 3], [-1, 0, -1], [1, 0, 1], [1, 0, 1], [0, -2, 0], [-1, 1, 2], [1, 0, 1], [3, -1, 0], [1, 3, -2], [-1, 0, -1], [1, 0, 1], [1, 0, 1], [-1, 0, -1], [1, 0, 1], [1, 0, 1], [1, -1, -2], [1, 0, 1], [0, -1, 3], [0, 2, 0], [1, 0, 1], [-2, 0, 4], [1, 0, 1], [1, 0, 1], [-1, 1, 2], [1, 0, 1], [0, 2, 0], [1, 0, 1], [1, 3, -2], [0, 2, 0], [1, 0, 1], [1, 0, 1], [0, -1, 3], [1, 0, 1], [-2, -1, 1], [0, 2, 0], [-1, 1, 2], [1, 0, 1], [1, -1, -2], [0, 2, 0], [1, 0, 1], [1, 0, 1], [3, 2, -3], [0, -1, 3], [1, 0, 1], [2, 2, 2], [1, 0, 1], [0, -1, 3], [-1, 0, -1], [0, 2, 0], [0, 2, 0], [2, 2, 2], [1, 0, 1], [2, 2, 2], [-1, 0, -1], [1, 0, 1], [1, 0, 1], [-1, 1, 2], [-2, -1, 1], [0, 2, 0], [-1, 0, -1], [0, -2, 0], [1, 0, 1], [0, 2, 0], [-1, 0, -1], [-1, 1, 2], [1, 0, 1], [-1, 0, -1], [0, -2, 0], [1, 0, 1], [1, 0, 1], [-1, 1, 2], [0, -2, 0], [-1, 0, -1], [0, -2, 0], [0, -2, 0], [-1, 0, -1], [1, 0, 1], [1, 0, 1], [-1, 1, 2], [1, 0, 1], [0, 2, 0], [1, 0, 1], [-2, -1, 1], [1, 0, 1], [0, -1, 3], [1, 0, 1], [1, 0, 1], [0, 2, 0], [1, 0, 1], [-1, 0, -1], [0, -2, 0], [0, -1, 3], [1, 0, 1], [0, -2, 0], [0, 2, 0], [1, 3, -2], [1, 0, 1], [1, 0, 1], [1, 0, 1], [1, 1, 4], [1, 0, 1], [1, 0, 1], [1, 0, 1], [0, 2, 0], [1, 0, 1], [0, -1, 3], [2, -2, 2], [1, 0, 1], [-1, 1, 2], [3, -1, 0], [1, 0, 1], [1, 0, 1], [1, 0, 1], [0, 2, 0], [1, 0, 1], [1, 0, 1], [0, -2, 0], [1, 0, 1], [1, 0, 1], [2, -2, 2], [1, 0, 1], [1, 0, 1], [1, 0, 1], [0, 2, 0], [1, 0, 1], [1, 0, 1], [1, 0, 1], [0, -1, 3], [1, 0, 1], [1, 0, 1], [4, 0, -2], [0, -1, 3], [0, 2, 0], [-1, 0, -1], [1, 0, 1], [1, 0, 1], [0, 3, 3], [0, 2, 0], [0, -2, 0], [1, 0, 1], [0, 2, 0], [0, -1, 3], [1, 0, 1], [-2, -1, 1], [0, -2, 0], [0, 2, 0], [0, 2, 0], [1, 0, 1], [0, 2, 0], [3, -2, -3], [1, 0, 1], [2, 2, 2], [-1, 0, -1], [0, 2, 0], [-1, 0, -1], [1, 0, 1], [1, 0, 1], [0, -2, 0], [1, 0, 1], [-1, 0, -1], [0, -1, 3], [1, 0, 1], [0, -2, 0], [0, 2, 0], [-1, 1, 2], [-3, -3, 0], [-1, 1, 2], [1, 0, 1], [0, 2, 0], [1, 0, 1], [0, 2, 0], [-1, 1, 2], [1, 0, 1], [0, -1, 3], [1, 0, 1], [2, 2, 2], [-1, 0, -1], [-1, 0, -1], [-2, -1, 1], [-1, 0, -1], [1, 0, 1], [0, -2, 0], [0, -1, 3], [1, 0, 1], [0, 2, 0], [1, 0, 1], [1, 0, 1], [0, 2, 0], [0, 2, 0], [1, 0, 1], [0, -1, 3], [0, 2, 0], [1, 0, 1], [0, -2, 0], [1, 0, 1], [-1, 0, -1], [2, -3, -1], [-1, 1, 2], [0, 2, 0], [1, 0, 1], [1, 0, 1], [0, -1, 3], [1, 0, 1], [1, 0, 1], [1, 0, 1], [1, 0, 1], [1, 0, 1], [-1, 1, 2], [0, 2, 0], [-1, 0, -1], [0, 2, 0], [0, -1, 3], [1, 0, 1], [1, 0, 1], [2, 2, 2], [0, 2, 0], [0, 2, 0], [0, -1, 3], [0, -1, 3], [1, 0, 1], [2, 2, 2], [1, 0, 1], [1, 0, 1], [0, -2, 0], [3, 0, 3], [1, 0, 1], [0, 2, 0], [1, 0, 1], [1, 0, 1], [1, 0, 1], [0, -2, 0], [1, 0, 1], [0, -2, 0], [-1, 1, 2], [0, -2, 0], [1, 0, 1], [-1, 1, 2], [1, 0, 1], [0, -1, 3], [-1, 0, -1], [1, 0, 1], [0, -2, 0], [1, 0, 1], [-1, 0, -1], [2, 1, -1], [-1, 0, -1], [0, -1, 3], [1, 0, 1], [1, 0, 1], [-2, 0, 4], [-1, 1, 2], [2, 2, 2], [0, -1, 3], [2, 2, 2], [1, 0, 1], [0, -1, 3], [2, 2, 2], [0, -1, 3], [-3, 0, -3], [0, 2, 0], [-1, 0, -1], [-2, -1, 1], [1, 0, 1], [-2, -1, 1], [1, 0, 1], [1, 0, 1], [0, -1, 3], [0, 2, 0], [0, -1, 3], [1, 0, 1], [1, 0, 1], [1, 0, 1], [0, -1, 3], [-1, 1, 2]]

exec_time (ms): 610827.6326656342 ms
exec_time: 10m 10s 827.6326656341553ms