N: 51
n: 6
number_of_primes (d): 3
exp_register_width (qd): 5
primes: [2, 5, 7]

R: 11287
T: 3
t: 16
delta: 0.00010850933564202967
delta_inv: 9216Percent of combinations (with positive values of result vector) that gives % N = 1: 68.7%
Percent of combinations (with positive values of result vector) that give p and q: 59.4%
Vectors that gives p and q: [[0, 1, 1], [-1, -1, 1], [0, 1, 1], [0, 1, 1], [0, 1, 1], [0, 1, 1], [0, 1, 1], [0, 1, 1], [0, 1, 1], [0, 1, 1], [-3, 0, -2], [0, 1, 1], [0, 1, 1], [0, 1, 1], [1, 1, -1], [0, 1, 1], [-1, -1, 1], [-1, -1, 1], [1, 1, -1], [0, 1, 1], [0, 1, 1], [0, 1, 1], [0, 1, 1], [0, 1, 1], [-1, -1, 1], [0, 1, 1], [2, 0, 4], [0, 1, 1], [0, 4, -4], [-1, -1, 1], [-1, -1, 1], [0, 1, 1], [0, 1, 1], [-1, -1, 1], [0, 1, 1], [0, 3, 3], [0, 1, 1], [0, 1, 1], [0, 1, 1], [0, 1, 1], [0, 1, 1], [0, 1, 1], [0, 1, 1], [-1, -1, 1], [0, 1, 1], [0, 1, 1], [0, 1, 1], [0, -1, -1], [-1, -1, 1], [0, 1, 1], [1, 1, -1], [-1, -1, 1], [0, 1, 1], [-4, 0, 0], [0, 1, 1], [1, 1, -1], [1, 1, -1], [1, 1, -1], [-1, -1, 1], [0, 1, 1], [0, 1, 1], [0, 1, 1], [0, 1, 1], [-1, -1, 1], [-1, -1, 1], [0, 1, 1], [1, 1, -1], [1, 1, -1], [0, 1, 1], [0, 3, 3], [1, 1, -1], [0, 1, 1], [0, 1, 1], [0, 1, 1], [0, 1, 1], [0, 1, 1], [0, 1, 1], [1, 1, -1], [0, 3, 3], [-1, -1, 1], [0, 1, 1], [3, -2, 0], [-1, -1, 1], [0, 1, 1], [0, 1, 1], [-1, -1, 1], [0, 1, 1], [0, 1, 1], [0, 1, 1], [0, 1, 1], [0, 1, 1], [0, 1, 1], [1, 1, -1], [3, -2, 0], [-1, -1, 1], [1, 1, -1], [0, 1, 1], [0, 1, 1], [-1, -1, 1], [0, 1, 1], [0, 1, 1], [0, 1, 1], [0, 1, 1], [3, -2, 0], [-1, -1, 1], [0, 1, 1], [0, 1, 1], [1, 1, -1], [0, 1, 1], [0, 1, 1], [1, 1, -1], [-1, -1, 1], [0, 1, 1], [0, 1, 1], [0, 1, 1], [-1, -1, 1], [3, -2, 0], [0, 1, 1], [0, 1, 1], [0, 1, 1], [0, 1, 1], [0, -4, 4], [-1, 1, 3], [0, 1, 1], [0, 1, 1], [1, 1, -1], [1, 1, -1], [1, 1, -1], [1, 1, -1], [0, 1, 1], [1, 1, -1], [-1, -1, 1], [-1, -1, 1], [-1, -1, 1], [0, 1, 1], [0, 1, 1], [1, 1, -1], [0, 1, 1], [-1, -1, 1], [0, 1, 1], [1, 1, -1], [0, 1, 1], [1, 1, -1], [0, 1, 1], [0, 1, 1], [0, 1, 1], [-1, -1, 1], [-1, -1, 1], [-1, -1, 1], [0, 1, 1], [1, 3, 1], [0, 1, 1], [0, 1, 1], [0, 1, 1], [0, 1, 1], [-1, -1, 1], [0, 1, 1], [0, 1, 1], [0, 1, 1], [0, 1, 1], [0, 1, 1], [0, 1, 1], [0, 1, 1], [0, 1, 1], [0, 1, 1], [0, 1, 1], [0, 1, 1], [-1, -1, 1], [0, 1, 1], [0, 1, 1], [0, 1, 1], [-1, -1, 1], [0, 1, 1], [3, -2, 0], [0, 1, 1], [0, 1, 1], [0, 1, 1], [0, 1, 1], [0, 1, 1], [0, 1, 1], [-1, -1, 1], [3, -2, 0], [-1, -1, 1], [0, 1, 1], [0, 1, 1], [1, 1, -1], [0, 1, 1], [1, 1, -1], [0, 1, 1], [0, 1, 1], [-1, -1, 1], [-1, -1, 1], [0, 4, -4], [0, 1, 1], [1, 1, -1], [1, 1, -1], [0, 1, 1], [1, 1, -1], [-1, -1, 1], [1, 1, -1], [-1, -1, 1], [0, -4, 4], [0, 1, 1], [-1, -1, 1], [0, 1, 1], [0, 1, 1], [-1, -1, 1], [0, 1, 1], [0, 1, 1], [0, 1, 1], [0, 1, 1], [0, 1, 1], [0, 1, 1], [0, 1, 1], [0, 1, 1], [3, -2, 0], [0, 1, 1], [0, 1, 1], [-1, -1, 1], [-1, -1, 1], [-2, 4, 0], [0, 1, 1], [0, 1, 1], [1, -2, 4], [0, 1, 1], [0, 1, 1], [0, 1, 1], [3, -2, 0], [0, 1, 1], [0, 1, 1], [0, 1, 1], [0, 1, 1], [0, 1, 1], [-1, -1, 1], [-1, -1, 1], [0, 1, 1], [1, 1, -1], [0, -1, -1], [-3, 2, 0], [0, 1, 1], [0, 1, 1], [0, 1, 1], [0, -1, -1], [0, 1, 1], [0, 1, 1], [1, 1, -1], [0, 1, 1], [0, 1, 1], [1, 1, -1], [0, 1, 1], [1, 1, -1], [1, 3, 1], [0, 1, 1], [1, 1, -1], [-2, -3, 1], [0, 1, 1], [1, 1, -1], [0, 1, 1], [1, 1, -1], [1, 1, -1], [0, 1, 1], [0, 1, 1], [0, 1, 1], [0, 1, 1], [0, 1, 1], [-1, -1, 1], [1, 1, -1], [-1, -1, 1], [3, 0, 2], [0, 1, 1], [0, 1, 1], [0, 1, 1], [0, 1, 1], [0, 1, 1], [0, 1, 1], [1, 1, -1], [0, 3, 3], [-4, 0, 0], [0, 1, 1], [1, 1, -1], [0, 1, 1], [1, 1, -1], [-1, -1, 1], [0, 1, 1], [0, 1, 1], [1, 1, -1], [0, 1, 1], [0, 1, 1], [0, 1, 1], [1, 1, -1], [0, 1, 1], [1, 1, -1], [0, 1, 1], [-1, -1, 1], [0, 1, 1], [0, 1, 1], [0, 1, 1], [1, 1, -1], [1, 1, -1], [0, 1, 1], [-1, -1, 1], [1, 3, 1], [0, 1, 1], [0, 1, 1], [-1, -1, 1], [0, 1, 1], [-1, -1, 1], [-1, -1, 1], [1, 1, -1], [0, 1, 1], [0, 1, 1], [-1, -1, 1], [0, 1, 1], [0, 1, 1], [-1, -1, 1], [0, 1, 1], [0, 1, 1], [1, 1, -1], [1, 1, -1], [0, 1, 1], [0, 1, 1], [0, 1, 1], [4, 0, 0], [0, 1, 1], [-1, -1, 1], [-2, 4, 0], [0, 1, 1], [3, -2, 0], [0, 1, 1], [0, 1, 1], [0, 4, -4], [0, 1, 1], [1, 1, -1], [-3, 2, 0], [0, 1, 1], [1, 1, -1], [1, 1, -1], [-1, -1, 1], [1, 1, -1], [1, 1, -1], [3, 0, 2], [1, 1, -1], [0, 1, 1], [0, 1, 1], [0, 1, 1], [1, 1, -1], [-1, -1, 1], [3, -2, 0], [-1, -1, 1], [-1, -1, 1], [0, 1, 1], [-1, -1, 1], [3, -2, 0], [0, 1, 1], [0, 1, 1], [0, 1, 1], [0, 1, 1], [0, 1, 1], [1, -2, 4], [0, 1, 1], [0, 1, 1], [0, 1, 1], [0, 1, 1], [-1, -1, 1], [0, 1, 1], [0, 1, 1], [0, 1, 1], [1, 1, -1], [0, 1, 1], [0, 1, 1], [-1, -1, 1], [1, 1, -1], [0, 1, 1], [0, 1, 1], [0, 1, 1], [-1, -1, 1], [0, 1, 1], [1, 1, -1], [0, 1, 1], [0, 1, 1], [0, 1, 1], [0, 1, 1], [0, 1, 1], [0, 1, 1], [0, 1, 1], [0, 1, 1], [0, 1, 1], [0, 1, 1], [1, 1, -1], [0, 1, 1], [-1, -1, 1], [0, 1, 1], [-1, -1, 1], [0, 1, 1], [0, 1, 1], [0, 1, 1], [0, 3, 3], [0, 1, 1], [1, 1, -1], [4, 0, 0], [-1, -1, 1], [0, 1, 1], [-1, -1, 1], [1, 1, -1], [-1, -1, 1], [0, 1, 1], [0, 1, 1], [0, 1, 1], [0, 1, 1], [0, 1, 1], [0, 1, 1], [1, 1, -1], [0, 1, 1], [0, 1, 1], [-1, -1, 1], [1, 1, -1], [0, 1, 1], [0, 1, 1], [1, 3, 1], [0, 1, 1], [0, 1, 1], [-1, -1, 1], [0, 1, 1], [1, 1, -1], [-1, -1, 1], [-1, -1, 1], [0, 1, 1], [1, 1, -1], [0, 1, 1], [3, -2, 0], [1, 1, -1], [1, 1, -1], [0, 1, 1], [1, 1, -1], [-2, 2, -2], [0, 1, 1], [-1, -1, 1], [0, 1, 1], [0, 1, 1], [0, 1, 1], [0, 1, 1], [0, 1, 1], [0, 1, 1], [0, 1, 1], [0, 1, 1], [1, 1, -1], [0, 1, 1], [0, 1, 1], [0, 1, 1], [0, 1, 1], [0, 1, 1], [1, 1, -1], [4, 0, 0], [-1, -1, 1], [0, 1, 1], [-1, -1, 1], [3, -2, 0], [0, 3, 3], [0, 1, 1], [1, 1, -1], [1, 1, -1], [1, 1, -1], [0, 1, 1], [0, -4, 4], [0, 1, 1], [-1, -1, 1], [1, 1, -1], [0, 1, 1], [1, 1, -1], [0, 1, 1], [0, 1, 1], [0, 1, 1], [1, 1, -1], [1, 1, -1], [-1, -1, 1], [0, 1, 1], [0, 1, 1], [0, 1, 1], [0, 1, 1], [0, 1, 1], [-1, -1, 1], [0, 1, 1], [1, 3, 1], [0, 1, 1], [1, 1, -1], [1, 1, -1], [1, 1, -1], [0, 1, 1], [0, 1, 1], [0, -1, -1], [1, 1, -1], [0, 1, 1], [0, 1, 1], [1, 1, -1], [4, 0, 0], [0, 1, 1], [0, 1, 1], [0, 1, 1], [0, 1, 1], [0, 1, 1], [0, 1, 1], [0, 1, 1], [1, 1, -1], [0, 1, 1], [-1, -1, 1], [0, 1, 1], [-1, -1, 1], [-1, -1, 1], [0, 1, 1], [0, 1, 1], [0, 1, 1], [0, 1, 1], [-1, -1, 1], [0, 1, 1], [0, 1, 1], [0, 3, 3], [-1, -1, 1], [0, 1, 1], [1, 1, -1], [-1, -1, 1], [0, 1, 1], [0, 1, 1], [0, 1, 1], [1, 1, -1], [0, 1, 1], [1, 1, -1], [0, 1, 1], [0, 1, 1], [1, 1, -1], [-1, -1, 1], [0, 1, 1], [1, 1, -1], [0, 1, 1], [1, 1, -1], [-4, 0, 0], [0, 1, 1], [0, 1, 1], [0, 1, 1], [1, 1, -1], [1, 1, -1], [0, 4, -4], [0, 1, 1], [0, 1, 1], [1, 1, -1], [0, 1, 1], [0, 1, 1], [0, 1, 1], [1, 1, -1], [0, 1, 1], [0, 1, 1], [-2, 2, -2], [1, 1, -1], [0, 1, 1], [0, 1, 1], [0, 1, 1], [0, 1, 1], [0, -4, 4], [4, 0, 0], [0, 1, 1], [0, 1, 1], [0, 1, 1], [0, 1, 1], [0, 1, 1], [0, 1, 1], [1, 3, 1], [0, 1, 1], [0, 1, 1], [0, 1, 1], [-1, -1, 1], [0, 1, 1], [0, 1, 1], [0, 1, 1], [0, 1, 1], [0, 1, 1], [0, 1, 1], [0, 1, 1], [0, 1, 1], [0, 1, 1], [0, 1, 1], [0, 1, 1], [0, 1, 1], [0, 1, 1], [-1, -1, 1], [1, 1, -1], [1, 1, -1], [0, 1, 1], [-4, 0, 0], [0, 1, 1], [0, 1, 1], [-1, -1, 1], [0, 1, 1], [-1, -1, 1], [-1, -1, 1], [0, 1, 1]]

exec_time (ms): 604458.7752819061 ms
exec_time: 10m 4s 458.77528190612793ms