N: 35
n: 6
number_of_primes (d): 3
exp_register_width (qd): 5
primes: [2, 3, 11]

R: 11287
T: 3
t: 16
delta: 0.00010850933564202967
delta_inv: 9216Percent of combinations (with positive values of result vector) that gives % N = 1: 76.4%
Percent of combinations (with positive values of result vector) that give p and q: 68.1%
Vectors that gives p and q: [[-1, -1, 0], [1, 1, 0], [1, 1, 0], [-1, -1, 0], [0, 2, 1], [-1, -1, 0], [0, 2, 1], [-1, -1, 0], [-1, -1, 0], [0, 2, -2], [-1, -1, 0], [-1, -1, 0], [1, 1, 0], [-1, -1, 0], [2, 0, 2], [-1, -1, 0], [-1, -1, 0], [2, 0, -1], [-1, -1, 0], [1, 1, 0], [-1, -1, 0], [0, -2, 2], [-1, -1, 0], [-1, -1, 0], [0, 2, 1], [-1, -1, 0], [-1, -1, 0], [-1, -1, 0], [0, 2, 1], [-1, -1, 0], [-2, 0, 1], [-2, 0, 1], [-1, -1, 0], [0, -2, 2], [-1, -1, 0], [0, 2, -2], [1, 1, 0], [1, 1, 0], [1, 1, 0], [0, 2, 1], [-1, -1, 0], [-1, -1, 0], [0, -2, 2], [-1, -1, 0], [1, 1, 0], [-1, -1, 0], [-1, -1, 0], [1, 1, 0], [1, 1, 0], [-1, -1, 0], [1, 1, 0], [-1, -1, 0], [1, 1, 0], [2, 0, -1], [1, 1, 0], [-1, -1, 0], [1, 1, 0], [-1, -1, 0], [-1, -1, 0], [-1, -1, 0], [-1, -1, 0], [-1, -1, 0], [-1, -1, 0], [-1, -1, 0], [-1, -1, 0], [-2, 0, 1], [2, 0, 2], [0, -2, 2], [-1, -1, 0], [0, 2, 4], [-1, -1, 0], [2, 0, 2], [1, 1, 0], [-1, -1, 0], [-1, -1, 0], [0, 2, 1], [2, 0, 2], [1, 1, 0], [-2, 0, 1], [0, 2, 1], [0, 2, 1], [2, 0, -1], [1, 1, 0], [-1, -1, 0], [-1, -1, 0], [-1, -1, 0], [1, 1, 0], [1, 1, 0], [-1, -1, 0], [-1, -1, 0], [-1, -1, 0], [0, 2, 1], [-1, -1, 0], [2, 0, 2], [1, 1, 0], [0, 2, -2], [0, 2, 1], [0, 2, 1], [-1, -1, 0], [-2, 0, 1], [-1, -1, 0], [-1, -1, 0], [-1, -1, 0], [0, 2, 1], [0, 2, 1], [0, 2, 1], [1, 1, 0], [0, 2, 1], [2, 0, 2], [1, 1, 0], [0, 2, 1], [0, 2, -2], [-1, -1, 0], [-2, 0, 1], [-2, 0, 1], [1, 1, 0], [0, 2, 1], [0, 2, -2], [-2, 0, 1], [-1, -1, 0], [0, 2, -2], [-1, -1, 0], [0, 2, 1], [0, 2, 1], [-1, -1, 0], [-1, -1, 0], [1, 1, 0], [-1, -1, 0], [0, 2, 1], [2, 0, 2], [-1, -1, 0], [-1, -1, 0], [1, 1, 0], [2, 0, 2], [-1, -1, 0], [-1, -1, 0], [0, 2, -2], [1, 1, 0], [0, 2, 1], [-1, -1, 0], [-1, -1, 0], [-1, -1, 0], [-1, -1, 0], [-2, 0, 1], [1, 1, 0], [-1, -1, 0], [-1, -1, 0], [1, 1, 0], [0, -2, 2], [0, 2, 1], [1, 1, 0], [-1, -1, 0], [1, 1, 0], [-1, -1, 0], [0, 2, 1], [-1, -1, 0], [0, -2, 2], [1, 1, 0], [1, 1, 0], [1, 1, 0], [-1, -1, 0], [0, 2, 1], [0, 2, 1], [0, 2, 1], [0, 2, -2], [-1, -1, 0], [-1, -1, 0], [0, 2, 1], [-1, -1, 0], [1, 1, 0], [-1, -1, 0], [1, 1, 0], [-1, -1, 0], [-1, -1, 0], [-1, -1, 0], [-1, -1, 0], [0, 2, 1], [-2, 0, 1], [-1, -1, 0], [-1, -1, 0], [0, 2, 1], [-1, -1, 0], [1, 1, 0], [-2, 0, 1], [-1, -1, 0], [1, 1, 0], [1, 1, 0], [-1, -1, 0], [-2, 0, 1], [0, 2, 1], [-1, -1, 0], [-1, -1, 0], [-1, -1, 0], [0, -2, 2], [1, 1, 0], [-1, -1, 0], [-1, -1, 0], [0, -2, 2], [-1, -1, 0], [1, 1, 0], [2, 0, -1], [1, 1, 0], [-1, -1, 0], [-1, -1, 0], [-1, -1, 0], [0, 2, 1], [2, 0, -1], [-1, -1, 0], [-1, -1, 0], [1, 1, 0], [2, 0, 2], [-1, -1, 0], [2, 0, -1], [-2, 0, 1], [1, 1, 0], [2, 0, 2], [-1, -1, 0], [0, 2, 1], [-2, 0, 1], [-1, -1, 0], [2, 0, 2], [1, 1, 0], [1, 1, 0], [-1, -1, 0], [-2, 0, 1], [-1, -1, 0], [-1, -1, 0], [0, -2, 2], [-1, -1, 0], [0, 2, 4], [0, -2, 2], [-2, 0, 1], [1, 1, 0], [0, 2, 1], [2, 0, 2], [-1, -1, 0], [0, 2, -2], [-1, -1, 0], [0, 2, 1], [0, 2, 1], [1, 1, 0], [-2, 0, 1], [1, 1, 0], [-1, -1, 0], [-1, -1, 0], [0, -2, 2], [0, 2, 1], [1, 1, 0], [2, 0, -1], [1, 1, 0], [1, 1, 0], [0, -2, 2], [-1, -1, 0], [-2, 0, 1], [2, 0, 2], [0, 2, 1], [0, 2, 1], [-1, -1, 0], [1, 1, 0], [-1, -1, 0], [-1, -1, 0], [0, 2, 1], [1, 1, 0], [-1, -1, 0], [0, 2, 1], [-1, -1, 0], [-1, -1, 0], [1, 1, 0], [-1, -1, 0], [-1, -1, 0], [-1, -1, 0], [-1, -1, 0], [2, 0, -1], [0, 2, 1], [1, 1, 0], [0, 2, 1], [0, 2, 1], [0, 2, 1], [-1, -1, 0], [2, 0, 2], [-1, -1, 0], [-1, -1, 0], [2, 0, -1], [-1, -1, 0], [-1, -1, 0], [2, 0, 2], [-2, 0, 1], [-1, -1, 0], [-2, 0, 1], [0, 2, 1], [-1, -1, 0], [2, 0, 2], [-1, -1, 0], [-1, -1, 0], [-1, -1, 0], [-1, -1, 0], [1, 1, 3], [-1, -1, 0], [0, 2, 1], [1, 1, 0], [1, 1, 0], [2, 0, -1], [-1, -1, 0], [0, -2, 2], [-2, 0, 1], [0, -2, 2], [-1, -1, 0], [1, 1, 0], [-1, -1, 0], [-2, 0, 1], [-1, -1, 0], [0, 2, 1], [1, 1, 0], [-1, -1, 0], [2, 0, 2], [-1, -1, 0], [0, 2, 1], [-1, -1, 0], [1, 1, 0], [-1, -1, 0], [-1, -1, 0], [-1, -1, 0], [-1, -1, 0], [-1, -1, 0], [1, 1, 0], [-1, -1, 0], [-1, -1, 0], [1, 1, 0], [0, -2, 2], [0, 2, 1], [-1, -1, 0], [-1, -1, 0], [-1, -1, 0], [1, 1, 0], [-1, -1, 0], [0, -2, 2], [2, 0, -1], [-1, -1, 0], [-1, -1, 0], [-1, -1, 0], [1, 1, 0], [1, 1, 0], [-1, -1, 0], [-1, -1, 0], [-1, -1, 0], [-1, -1, 0], [-1, -1, 0], [2, 0, -1], [-1, -1, 0], [1, 1, 0], [0, 2, 1], [1, 1, 0], [-1, -1, 0], [0, 2, -2], [-1, -1, 0], [-1, -1, 0], [-1, -1, 0], [1, 1, 0], [0, 2, 1], [-1, -1, 0], [0, 2, 1], [-1, -1, 0], [1, 1, 0], [-1, -1, 0], [-1, -1, 0], [-2, 0, 1], [-1, -1, 0], [0, -2, 2], [2, 0, 2], [-1, -1, 0], [-2, 0, 1], [-1, -1, 0], [0, 2, -2], [0, -2, 2], [1, 1, 0], [-1, -1, 0], [-1, -1, 0], [-1, -1, 0], [-1, -1, 0], [0, -2, 2], [0, -2, 2], [1, 1, 0], [1, 1, 0], [-1, -1, 0], [1, 1, 0], [-1, -1, 0], [1, 1, 0], [-1, -1, 0], [1, 1, 0], [2, 0, 2], [-2, 0, 1], [-1, -1, 0], [-1, -1, 0], [2, 0, 2], [0, -2, -1], [0, -2, 2], [-1, -1, 0], [0, 2, 1], [0, -2, 2], [-1, -1, 0], [0, -2, 2], [-1, -1, 0], [-1, -1, 0], [-2, 0, 1], [0, 2, 1], [-1, -1, 0], [2, 0, -1], [-1, -1, 0], [-1, -1, 0], [-1, -1, 0], [-1, -1, 0], [-1, -1, 0], [-1, -1, 0], [-1, -1, 0], [2, 0, 2], [-1, -1, 0], [-1, -1, 0], [2, 0, -1], [-1, -1, 0], [-1, -1, 0], [-1, -1, 0], [0, 2, 1], [-1, -1, 0], [-1, -1, 0], [1, 1, 0], [0, -2, 2], [1, 1, 0], [-1, -1, 0], [-1, -1, 0], [-1, -1, 0], [-1, -1, 0], [1, 1, 0], [1, 1, 0], [1, 1, 0], [1, 1, 0], [-1, -1, 0], [-1, -1, 0], [-1, -1, 0], [-2, 0, 1], [1, 1, 0], [1, 1, 0], [-1, -1, 0], [-1, -1, 0], [-1, -1, 0], [-1, -1, 0], [-1, -1, 0], [-1, -1, 0], [-1, -1, 0], [-1, -1, 0], [1, 1, 0], [-1, -1, 0], [-1, -1, 0], [0, 2, 1], [-1, -1, 0], [-1, -1, 0], [1, 1, 0], [-1, -1, 0], [-1, -1, 0], [1, 1, 0], [2, 0, 2], [-1, -1, 0], [0, 2, 1], [0, -2, 2], [-1, -1, 0], [1, 1, 0], [2, 0, -1], [-1, -1, 0], [1, 1, 0], [1, 1, 0], [-1, -1, 0], [-1, -1, 0], [1, 1, 0], [0, 2, 1], [0, 2, 1], [-1, -1, 0], [-1, -1, 0], [1, 1, 0], [-1, -1, 0], [1, 1, 0], [0, 2, 1], [1, 1, 0], [0, -2, 2], [1, 1, 0], [-1, -1, 0], [0, 2, 1], [1, 1, 0], [-1, -1, 0], [0, 2, 1], [-1, -1, 0], [0, 2, -2], [-1, -1, 0], [0, 2, 1], [1, 1, 0], [-1, -1, 0], [-1, -1, 0], [-2, 0, 1], [-1, -1, 0], [-1, -1, 0], [1, 1, 0], [0, -2, 2], [1, 1, 0], [1, 1, 0], [0, 2, 1], [0, 2, 1], [-1, -1, 0], [-1, -1, 0], [2, 0, -1], [-2, 0, 1], [1, 1, 0], [-1, -1, 0], [0, 2, 1], [-1, -1, 0], [-1, -1, 0], [-1, -1, 0], [-1, -1, 0], [1, 1, 0], [0, 2, 1], [-1, -1, 0], [0, 2, 1], [0, 2, 1], [0, 2, -2], [1, 1, 0], [0, 2, 1], [1, 1, 0], [-1, -1, 0], [-1, -1, 0], [-1, -1, 0], [-1, -1, 0], [2, 0, 2], [-1, -1, 0], [-1, -1, 0], [0, 2, 1], [1, 1, 0], [0, 2, 1], [-1, -1, 0], [-2, 0, 1], [-1, -1, 0], [-1, -1, 0], [1, 1, 0], [-1, -1, 0], [1, 1, 0], [2, 0, 2], [1, 1, 0], [0, 2, 1], [-2, 0, 1], [-1, -1, 0], [-1, -1, 0], [-1, -1, 0], [0, -2, 2], [-1, -1, 0], [0, 2, 1], [-1, -1, 0], [0, 2, 1], [-1, -1, 0], [1, 1, 0], [1, 1, 0], [-1, -1, 0], [-2, 0, 1], [2, 0, -1], [-1, -1, 0], [1, 1, 0], [0, 2, 1], [-1, -1, 0], [0, 2, 1], [1, 1, 0], [1, 1, 0], [1, 1, 0], [-1, -1, 0], [-1, -1, 0], [2, 0, 2], [1, 1, 0], [-1, -1, 0], [-2, 0, 1], [-1, -1, 0], [-1, -1, 0], [-1, -1, 0], [-1, -1, 0], [1, 1, 0], [0, 2, 1], [1, 1, 0], [0, -2, 2], [-2, 0, 1], [1, 1, 0], [0, 2, 1], [-1, -1, 0], [-1, -1, 0], [0, 2, 1], [0, 2, 1], [1, 1, 0], [1, 1, 0], [-1, -1, 0], [-1, -1, 0], [1, 1, 0], [0, 2, 1], [-1, -1, 0], [-1, -1, 0], [-1, -1, 0], [1, 1, 0], [-1, -1, 0], [-2, 0, 1], [-1, -1, 0], [0, 2, 1], [1, 1, 0], [-1, -1, 0], [1, 1, 0], [0, 2, 1], [-1, -1, 0], [-1, -1, 0], [1, 1, 0], [-1, -1, 0], [1, 1, 0], [-1, -1, 0], [-1, -1, 0], [-1, -1, 0], [-1, -1, 0], [1, 1, 0], [-2, 0, 1], [-1, -1, 0], [0, 2, 1], [0, 2, -2], [2, 0, -1], [-1, -1, 0], [-1, -1, 0], [1, 1, 0], [2, 0, 2], [0, -2, 2], [1, 1, 0], [0, 2, 1], [-1, -1, 0], [1, 1, 0], [1, 1, 0], [2, 0, 2], [-1, -1, 0], [1, 1, 0], [-1, -1, 0], [1, 1, 0], [2, 0, 2], [0, 2, 1], [0, 2, 1], [-2, 0, 1], [0, 2, 1], [2, 0, 2], [-1, -1, 0], [0, 2, 1], [0, 2, 1], [-1, -1, 0], [2, 0, 2], [-1, -1, 0], [2, 0, 2], [-1, -1, 0], [1, 1, 0], [1, 1, 0], [0, 2, 1], [-1, -1, 0], [2, 0, -1], [-1, -1, 0], [0, 2, -2], [0, -2, 2], [1, 1, 0], [0, 2, 1], [1, 1, 0], [-1, -1, 0], [-1, -1, 0], [0, -2, 2], [-1, -1, 0], [0, 2, 1], [-1, -1, 0], [1, 1, 0], [0, 2, 1], [-1, -1, 0], [0, 2, -2], [1, 1, 0], [0, 2, 1], [1, 1, 0], [1, 1, 0], [0, 2, 4], [-1, -1, 0], [-1, -1, 0], [0, 2, 1], [0, 2, 1], [0, 2, -2]]

exec_time (ms): 557506.9625377655 ms
exec_time: 9m 17s 506.96253776550293ms