N: 51
n: 6
number_of_primes (d): 3
exp_register_width (qd): 5
primes: [2, 5, 7]

R: 11287
T: 3
t: 16
delta: 0.00010850933564202967
delta_inv: 9216Percent of combinations (with positive values of result vector) that gives % N = 1: 51.5%
Percent of combinations (with positive values of result vector) that give p and q: 51.5%
Vectors that gives p and q: [[0, 1, 1], [1, 1, -1], [0, 1, 1], [1, 1, -1], [1, 1, -1], [1, 1, -1], [1, 1, -1], [1, 1, -1], [1, 1, -1], [1, 1, -1], [0, 1, 1], [1, 1, -1], [1, 1, -1], [0, 1, 1], [1, 1, -1], [1, 1, -1], [1, 1, -1], [1, 1, -1], [1, 1, -1], [1, 1, -1], [1, 1, -1], [1, 1, -1], [0, 1, 1], [0, 1, 1], [1, 1, -1], [1, 1, -1], [0, 1, 1], [0, 1, 1], [1, 1, -1], [1, 1, -1], [1, 1, -1], [1, 1, -1], [1, 1, -1], [1, 1, -1], [1, 1, -1], [1, 1, -1], [1, 1, -1], [1, 1, -1], [1, 1, -1], [1, 1, -1], [1, 1, -1], [0, 1, 1], [0, 1, 1], [0, 1, 1], [0, 1, 1], [1, 1, -1], [1, 1, -1], [0, 1, 1], [1, 1, -1], [1, 1, -1], [1, 1, -1], [1, 1, -1], [0, 1, 1], [1, 1, -1], [1, 1, -1], [0, 1, 1], [1, 1, -1], [1, 1, -1], [1, 1, -1], [0, 1, 1], [1, 1, -1], [1, 1, -1], [1, 1, -1], [0, 1, 1], [0, 1, 1], [1, 1, -1], [1, 1, -1], [1, 1, -1], [1, 1, -1], [1, 1, -1], [0, 1, 1], [1, 1, -1], [1, 1, -1], [1, 1, -1], [1, 1, -1], [1, 1, -1], [0, 1, 1], [0, 1, 1], [1, 1, -1], [1, 1, -1], [1, 1, -1], [1, 1, -1], [0, 1, 1], [1, 1, -1], [0, 1, 1], [1, 1, -1], [0, 1, 1], [1, 1, -1], [1, 1, -1], [0, 1, 1], [1, 1, -1], [1, 1, -1], [1, 1, -1], [1, 1, -1], [1, 1, -1], [1, 1, -1], [1, 1, -1], [0, 1, 1], [1, 1, -1], [1, 1, -1], [1, 1, -1], [0, 1, 1], [1, 1, -1], [1, 1, -1], [1, 1, -1], [1, 1, -1], [0, 1, 1], [0, 1, 1], [1, 1, -1], [1, 1, -1], [1, 1, -1], [0, 1, 1], [1, 1, -1], [1, 1, -1], [1, 1, -1], [0, 1, 1], [0, 1, 1], [0, 1, 1], [0, 1, 1], [1, 1, -1], [1, 1, -1], [0, 1, 1], [1, 1, -1], [1, 1, -1], [1, 1, -1], [1, 1, -1], [1, 1, -1], [1, 1, -1], [1, 1, -1], [1, 1, -1], [1, 1, -1], [1, 1, -1], [1, 1, -1], [1, 1, -1], [0, 1, 1], [1, 1, -1], [1, 1, -1], [1, 1, -1], [1, 1, -1], [1, 1, -1], [1, 1, -1], [1, 1, -1], [1, 1, -1], [0, 1, 1], [1, 1, -1], [1, 1, -1], [1, 1, -1], [1, 1, -1], [0, 1, 1], [1, 1, -1], [1, 1, -1], [1, 1, -1], [0, 1, 1], [1, 1, -1], [1, 1, -1], [0, 1, 1], [1, 1, -1], [1, 1, -1], [0, 1, 1], [0, 1, 1], [1, 1, -1], [1, 1, -1], [1, 1, -1], [1, 1, -1], [1, 1, -1], [1, 1, -1], [1, 1, -1], [1, 1, -1], [0, 1, 1], [0, 1, 1], [0, 1, 1], [0, 1, 1], [0, 1, 1], [1, 1, -1], [1, 1, -1], [1, 1, -1], [0, 1, 1], [1, 1, -1], [1, 1, -1], [1, 1, -1], [1, 1, -1], [1, 1, -1], [0, 1, 1], [0, 1, 1], [1, 1, -1], [1, 1, -1], [0, 1, 1], [1, 1, -1], [0, 1, 1], [0, 1, 1], [0, 1, 1], [0, 1, 1], [0, 1, 1], [1, 1, -1], [1, 1, -1], [1, 1, -1], [1, 1, -1], [1, 1, -1], [1, 1, -1], [1, 1, -1], [1, 1, -1], [0, 1, 1], [1, 1, -1], [1, 1, -1], [1, 1, -1], [1, 1, -1], [1, 1, -1], [1, 1, -1], [1, 1, -1], [1, 1, -1], [0, 1, 1], [0, 1, 1], [0, 1, 1], [1, 1, -1], [1, 1, -1], [1, 1, -1], [1, 1, -1], [1, 1, -1], [1, 1, -1], [1, 1, -1], [0, 1, 1], [1, 1, -1], [1, 1, -1], [0, 1, 1], [0, 1, 1], [0, 1, 1], [1, 1, -1], [0, 1, 1], [1, 1, -1], [1, 1, -1], [0, 1, 1], [1, 1, -1], [1, 1, -1], [0, 1, 1], [1, 1, -1], [0, 1, 1], [1, 1, -1], [1, 1, -1], [1, 1, -1], [1, 1, -1], [1, 1, -1], [1, 1, -1], [1, 1, -1], [0, 1, 1], [0, 1, 1], [1, 1, -1], [1, 1, -1], [1, 1, -1], [1, 1, -1], [1, 1, -1], [0, 1, 1], [0, 1, 1], [1, 1, -1], [0, 1, 1], [1, 1, -1], [0, 1, 1], [0, 1, 1], [1, 1, -1], [1, 1, -1], [1, 1, -1], [1, 1, -1], [0, 1, 1], [0, 1, 1], [0, 1, 1], [1, 1, -1], [0, 1, 1], [0, 1, 1], [1, 1, -1], [0, 1, 1], [1, 1, -1], [1, 1, -1], [1, 1, -1], [1, 1, -1], [1, 1, -1], [1, 1, -1], [1, 1, -1], [1, 1, -1], [1, 1, -1], [1, 1, -1], [1, 1, -1], [1, 1, -1], [1, 1, -1], [1, 1, -1], [1, 1, -1], [1, 1, -1], [0, 1, 1], [0, 1, 1], [1, 1, -1], [1, 1, -1], [1, 1, -1], [1, 1, -1], [1, 1, -1], [1, 1, -1], [1, 1, -1], [1, 1, -1], [0, 1, 1], [1, 1, -1], [1, 1, -1], [1, 1, -1], [1, 1, -1], [1, 1, -1], [1, 1, -1], [1, 1, -1], [1, 1, -1], [0, 1, 1], [1, 1, -1], [1, 1, -1], [1, 1, -1], [0, 1, 1], [1, 1, -1], [1, 1, -1], [1, 1, -1], [1, 1, -1], [1, 1, -1], [1, 1, -1], [1, 1, -1], [1, 1, -1], [1, 1, -1], [1, 1, -1], [1, 1, -1], [0, 1, 1], [0, 1, 1], [1, 1, -1], [0, 1, 1], [1, 1, -1], [1, 1, -1], [1, 1, -1], [1, 1, -1], [0, 1, 1], [0, 1, 1], [0, 1, 1], [1, 1, -1], [1, 1, -1], [0, 1, 1], [1, 1, -1], [1, 1, -1], [0, 1, 1], [0, 1, 1], [1, 1, -1], [0, 1, 1], [1, 1, -1], [1, 1, -1], [1, 1, -1], [0, 1, 1], [0, 1, 1], [1, 1, -1], [1, 1, -1], [1, 1, -1], [1, 1, -1], [1, 1, -1], [1, 1, -1], [0, 1, 1], [1, 1, -1], [1, 1, -1], [0, 1, 1], [1, 1, -1], [1, 1, -1], [0, 1, 1], [1, 1, -1], [1, 1, -1], [1, 1, -1], [1, 1, -1], [1, 1, -1], [1, 1, -1], [1, 1, -1], [1, 1, -1], [0, 1, 1], [0, 1, 1], [1, 1, -1], [1, 1, -1], [1, 1, -1], [1, 1, -1], [1, 1, -1], [1, 1, -1], [1, 1, -1], [1, 1, -1], [1, 1, -1], [1, 1, -1], [1, 1, -1], [1, 1, -1], [1, 1, -1], [1, 1, -1], [1, 1, -1], [1, 1, -1], [1, 1, -1], [1, 1, -1], [0, 1, 1], [1, 1, -1], [1, 1, -1], [1, 1, -1], [0, 1, 1], [1, 1, -1], [1, 1, -1], [0, 1, 1], [1, 1, -1], [1, 1, -1], [1, 1, -1], [0, 1, 1], [1, 1, -1], [1, 1, -1], [1, 1, -1], [1, 1, -1], [1, 1, -1], [0, 1, 1], [1, 1, -1], [1, 1, -1], [0, 1, 1], [1, 1, -1], [1, 1, -1], [0, 1, 1], [0, 1, 1], [0, 1, 1], [1, 1, -1], [1, 1, -1], [0, 1, 1], [1, 1, -1], [1, 1, -1], [0, 1, 1], [0, 1, 1], [1, 1, -1], [1, 1, -1], [1, 1, -1], [0, 1, 1], [1, 1, -1], [1, 1, -1], [1, 1, -1], [0, 1, 1], [1, 1, -1], [1, 1, -1], [1, 1, -1], [1, 1, -1], [0, 1, 1], [0, 1, 1], [1, 1, -1], [1, 1, -1], [0, 1, 1], [1, 1, -1], [1, 1, -1], [1, 1, -1], [0, 1, 1], [1, 1, -1], [0, 1, 1], [1, 1, -1], [1, 1, -1], [1, 1, -1], [1, 1, -1], [1, 1, -1], [1, 1, -1], [0, 1, 1], [1, 1, -1], [0, 1, 1], [1, 1, -1], [0, 1, 1], [1, 1, -1], [1, 1, -1], [1, 1, -1], [1, 1, -1], [1, 1, -1], [1, 1, -1], [1, 1, -1], [0, 1, 1], [1, 1, -1], [1, 1, -1], [1, 1, -1], [1, 1, -1], [1, 1, -1], [1, 1, -1], [1, 1, -1], [1, 1, -1], [1, 1, -1], [1, 1, -1], [1, 1, -1], [0, 1, 1], [1, 1, -1], [1, 1, -1], [1, 1, -1], [1, 1, -1], [1, 1, -1], [1, 1, -1], [1, 1, -1], [1, 1, -1], [1, 1, -1], [0, 1, 1], [1, 1, -1], [1, 1, -1], [1, 1, -1], [1, 1, -1], [1, 1, -1], [0, 1, 1], [1, 1, -1], [1, 1, -1], [1, 1, -1], [1, 1, -1], [1, 1, -1], [1, 1, -1], [1, 1, -1], [0, 1, 1], [1, 1, -1], [1, 1, -1], [1, 1, -1], [1, 1, -1], [1, 1, -1], [1, 1, -1], [0, 1, 1], [1, 1, -1], [1, 1, -1], [0, 1, 1], [1, 1, -1], [0, 1, 1], [1, 1, -1], [1, 1, -1], [1, 1, -1], [1, 1, -1], [1, 1, -1], [1, 1, -1]]

exec_time (ms): 443184.7970485687 ms
exec_time: 7m 23s 184.7970485687256ms