N: 21
n: 5
number_of_primes (d): 3
exp_register_width (qd): 4
primes: [2, 5, 11]

R: 10223
T: 3
t: 16
delta: 0.00011980288285156891
delta_inv: 8348Percent of combinations (with positive values of result vector) that gives % N = 1: 95.6%
Percent of combinations (with positive values of result vector) that give p and q: 89.0%
Vectors that gives p and q: [[-3640, -1923, -2017], [-1, 1, 0], [-1, 1, 0], [-1, 1, 0], [-1, 1, 0], [-1, 1, 0], [-2617, 732, 188], [-1, 1, 0], [-1, 1, 0], [-1, 1, 0], [328, -542, -1003], [-1, 1, 0], [-3466, -2182, -2135], [298, -1207, -231], [-404, 798, 1003], [-1, 1, 0], [-1, 1, 0], [-1, 1, 0], [-1, 1, 0], [-1, 1, 0], [-1, 1, 0], [1, -1, 0], [-1, 1, 0], [1, -1, 0], [-1, 1, 0], [-1, 1, 0], [-1, 1, 0], [-1, 1, 0], [2265, -3458, -2888], [-1, 1, 0], [-1, 1, 0], [-1, 1, 0], [-1, 1, 0], [-1, 1, 0], [-1, 1, 0], [-1, 1, 0], [-1, 1, 0], [-1, 1, 0], [-1, 1, 0], [-1, 1, 0], [-1, 1, 0], [-1, 1, 0], [-1, 1, 0], [-1, 1, 0], [-1, 1, 0], [-1, 1, 0], [-4824, 1368, 219], [-1, 1, 0], [-1, 1, 0], [-1, 1, 0], [-1, 1, 0], [-1, 1, 0], [-2471, -2240, -2170], [-1, 1, 0], [-1, 1, 0], [-1, 1, 0], [-1, 1, 0], [650, -738, -1717], [-1, 1, 0], [-1, 1, 0], [-1, 1, 0], [-1, 1, 0], [-1, 1, 0], [-1, 1, 0], [-1, 1, 0], [-1, 1, 0], [-1, 1, 0], [-3867, -1758, -1758], [340, -1143, -635], [-1, 1, 0], [-1, 1, 0], [-1304, 3829, 2285], [-1, 1, 0], [-1, 1, 0], [-1, 1, 0], [-1, 1, 0], [-1, 1, 0], [2639, -175, -878], [-1, 1, 0], [640, -1319, -523], [-1, 1, 0], [-1, 1, 0], [-1, 1, 0], [-1, 1, 0], [-1, 1, 0], [-1, 1, 0], [-1374, -65, 241], [-1, 1, 0], [-1, 1, 0], [-1, 1, 0], [-1, 1, 0], [-1, 1, 0], [-1, 1, 0], [-1, 1, 0], [-1, 1, 0], [-1569, -3261, -1800], [-3252, -2005, -2317], [-1, 1, 0], [-1, 1, 0], [-1, 1, 0], [-1, 1, 0], [-1, 1, 0], [-1, 1, 0], [-1, 1, 0], [-1, 1, 0], [-1, 1, 0], [-1, 1, 0], [1, -1, 0], [-1, 1, 0], [-1, 1, 0], [-1, 1, 0], [-1, 1, 0], [-2166, -2499, -2499], [-1, 1, 0], [-1, 1, 0], [-1, 1, 0], [-1, 1, 0], [-3257, -2207, -2146], [-1, 1, 0], [-1, 1, 0], [-1, 1, 0], [-1, 1, 0], [-1, 1, 0], [-1, 1, 0], [-1, 1, 0], [-1, 1, 0], [-1, 1, 0], [-1, 1, 0], [-1, 1, 0], [-1, 1, 0], [-1, 1, 0], [-1, 1, 0], [-1, 1, 0], [-1, 1, 0], [-1, 1, 0], [-1, 1, 0], [-1197, -484, -298], [-1, 1, 0], [-1, 1, 0], [-1, 1, 0], [-1, 1, 0], [-1, 1, 0], [-1, 1, 0], [-1, 1, 0], [-1, 1, 0], [-1, 1, 0], [-1, 1, 0], [-4058, -1940, -1747], [-1, 1, 0], [-1, 1, 0], [-1, 1, 0], [-1, 1, 0], [-1, 1, 0], [-1, 1, 0], [-1, 1, 0], [-1, 1, 0], [-1, 1, 0], [-1, 1, 0], [-3692, 1129, 437], [-1, 1, 0], [-1, 1, 0], [307, -645, -878], [-1, 1, 0], [-1, 1, 0], [-1, 1, 0], [-1, 1, 0], [-1, 1, 0], [-1, 1, 0], [-1, 1, 0], [-1, 1, 0], [-1, 1, 0], [-1, 1, 0], [-1, 1, 0], [-1, 1, 0], [-1219, 1347, 1754], [-1, 1, 0], [-3269, -2179, -2112], [-1, 1, 0], [-1, 1, 0], [-1, 1, 0], [-1, 1, 0], [-1, 1, 0], [-1, 1, 0], [-1, 1, 0], [1170, -2442, -1617], [-1, 1, 0], [-1, 1, 0], [-1, 1, 0], [-1, 1, 0], [2325, -3447, -2526], [-1, 1, 0], [-1, 1, 0], [-1, 1, 0], [-1, 1, 0], [-1, 1, 0], [-1, 1, 0], [-1, 1, 0], [226, 1039, 215], [-2549, 1518, -572], [-1, 1, 0], [-1, 1, 0], [-1, 1, 0], [-1, 1, 0], [-1, 1, 0], [1, -1, 0], [-1, 1, 0], [-1, 1, 0], [-1, 1, 0], [-1, 1, 0], [-1, 1, 0], [-1, 1, 0], [1, -1, 0], [-1, 1, 0], [-1, 1, 0], [-1, 1, 0], [-1, 1, 0], [1766, -2842, -2897], [-1, 1, 0], [-1, 1, 0], [-1, 1, 0], [-1077, 2949, 2754], [-3452, -2316, -2603], [-1, 1, 0], [1776, -3242, -3089], [-1, 1, 0], [-1, 1, 0], [-1, 1, 0], [-1, 1, 0], [-1, 1, 0], [-1, 1, 0], [-1, 1, 0], [-1, 1, 0], [-1, 1, 0], [-1, 1, 0], [-1, 1, 0], [-1, 1, 0], [-1, 1, 0], [-1, 1, 0], [-1, 1, 0], [-1, 1, 0], [-1705, 380, 130], [-1, 1, 0], [1, -1, 0], [-1, 1, 0], [-1, 1, 0], [-1, 1, 0], [-1, 1, 0], [-1, 1, 0], [-1010, -203, 125], [-1, 1, 0], [-1, 1, 0], [-1, 1, 0], [1, -1, 0], [-1, 1, 0], [-3238, -2258, -2319], [-1, 1, 0], [-1, 1, 0], [-3181, -2110, -2240], [-1, 1, 0], [-1, 1, 0], [-1, 1, 0], [-1, 1, 0], [1067, -837, -1054], [-917, -1515, -152], [-1, 1, 0], [-3948, -1495, -1921], [-1, 1, 0], [-1, 1, 0], [-1, 1, 0], [-1, 1, 0], [-1, 1, 0], [-1, 1, 0], [-3402, -2128, -2053], [-1, 1, 0], [-1, 1, 0], [-1, 1, 0], [-1, 1, 0], [-1, 1, 0], [-1, 1, 0], [593, -1266, -442], [-1, 1, 0], [-1, 1, 0], [-1112, -334, -873], [-1, 1, 0], [-1, 1, 0], [-1, 1, 0], [526, -294, -1475], [-1, 1, 0], [-1, 1, 0], [-1, 1, 0], [-1, 1, 0], [1852, -1283, -1687], [-1, 1, 0], [-1, 1, 0], [-1, 1, 0], [-1, 1, 0], [1, -1, 0], [-1, 1, 0], [-1, 1, 0], [-1, 1, 0], [-1, 1, 0], [1, -1, 0], [-1, 1, 0], [-1, 1, 0], [-1, 1, 0], [-1, 1, 0], [-1, 1, 0], [-3974, -1935, -1517], [-1, 1, 0], [1, -1, 0], [-1, 1, 0], [-1, 1, 0], [-1, 1, 0], [-1, 1, 0], [-1, 1, 0], [-1, 1, 0], [-1, 1, 0], [-1900, 11, 613], [-1, 1, 0], [-1, 1, 0], [-1, 1, 0], [-1, 1, 0], [-1, 1, 0], [-1, 1, 0], [-1, 1, 0], [-1, 1, 0], [-1, 1, 0], [262, -849, -1163], [-1694, 145, 41], [-1, 1, 0], [-1, 1, 0], [-1, 1, 0], [-1, 1, 0], [-1, 1, 0], [-1, 1, 0], [-1, 1, 0], [-1, 1, 0], [-1, 1, 0], [-1, 1, 0], [364, -709, -771], [-1, 1, 0], [-1, 1, 0], [-1, 1, 0], [-1, 1, 0], [-1, 1, 0], [-1, 1, 0], [-2510, -66, 685], [-1, 1, 0], [-1, 1, 0], [-1, 1, 0], [-1, 1, 0], [-3242, -1851, -2447], [1, -1, 0], [-1, 1, 0], [1, -1, 0], [201, -952, -64], [-1, 1, 0], [-1, 1, 0], [-1, 1, 0], [-178, 226, -1209], [-1, 1, 0], [-1, 1, 0], [-1, 1, 0], [-1, 1, 0], [-1, 1, 0], [-1, 1, 0], [-1, 1, 0], [-1, 1, 0], [1, -1, 0], [-1, 1, 0], [-1, 1, 0], [-1, 1, 0], [-1, 1, 0], [-1, 1, 0], [-1, 1, 0], [-1, 1, 0], [-1, 1, 0], [-1, 1, 0], [644, -999, -835], [-1, 1, 0], [-1, 1, 0], [-1692, -3119, -1949], [-1, 1, 0], [-1, 1, 0], [-1, 1, 0], [-3408, -2646, -1731], [-1, 1, 0], [-1, 1, 0], [-1, 1, 0], [-3491, -1916, -2026], [-1, 1, 0], [-1, 1, 0], [-1, 1, 0], [1, -1, 0], [-1, 1, 0], [-1, 1, 0], [-1, 1, 0], [2047, -1551, -2348], [-1, 1, 0], [1824, -3353, -2189], [-1, 1, 0], [-1, 1, 0], [-1, 1, 0], [-1, 1, 0], [-1, 1, 0], [-1, 1, 0], [-1, 1, 0], [-1, 1, 0], [-1371, 950, -496], [-1, 1, 0], [-1, 1, 0], [-1, 1, 0], [-1, 1, 0], [-1, 1, 0], [-1, 1, 0], [-1, 1, 0], [-1, 1, 0], [-1, 1, 0], [-1, 1, 0], [-2824, -2078, -2313], [-1, 1, 0], [-1, 1, 0], [-1, 1, 0], [-1, 1, 0], [-1, 1, 0], [-1, 1, 0], [-1, 1, 0], [-1, 1, 0], [-1, 1, 0], [-1, 1, 0], [-1, 1, 0], [-1, 1, 0], [-1, 1, 0], [-1197, -23, 316], [-1, 1, 0], [-1, 1, 0], [-1, 1, 0], [-1, 1, 0], [964, -2826, -2381], [1, -1, 0], [-1, 1, 0], [-1, 1, 0], [1, -1, 0], [-1, 1, 0], [-1, 1, 0], [-1, 1, 0], [-1, 1, 0], [-3516, -1863, -2433], [-1, 1, 0], [-1, 1, 0], [-1, 1, 0], [1, -1, 0], [-1, 1, 0], [1, -1, 0], [-1, 1, 0], [-1, 1, 0], [-1, 1, 0], [-1, 1, 0], [-1, 1, 0], [-1, 1, 0], [-1, 1, 0], [1188, -827, -1913], [-1, 1, 0], [-1, 1, 0], [-3624, -2302, -1975], [-1, 1, 0], [-1, 1, 0], [-2, 0, 1], [-1, 1, 0], [-1, 1, 0], [-1, 1, 0], [-1, 1, 0], [-1, 1, 0], [-1, 1, 0], [609, -877, -1174], [-1, 1, 0], [-1, 1, 0], [-2806, -2243, -2211], [-1, 1, 0], [-1, 1, 0], [-1, 1, 0], [282, -193, -985], [-4666, 1298, -215], [-1, 1, 0], [-1, 1, 0], [-1, 1, 0], [-1, 1, 0], [-1, 1, 0], [766, -1156, -999], [-1, 1, 0], [-1, 1, 0], [-1, 1, 0], [-1, 1, 0], [-2237, -2813, -1984], [-1, 1, 0], [-1, 1, 0], [-1, 1, 0], [-1, 1, 0], [-1, 1, 0], [-1, 1, 0], [-1, 1, 0], [-2780, -2292, -2225], [-1, 1, 0], [-1, 1, 0], [-1, 1, 0], [-1, 1, 0], [-1, 1, 0], [-1, 1, 0], [-1, 1, 0], [-1, 1, 0], [-1, 1, 0], [-3061, -2259, -2206], [-1, 1, 0], [-1, 1, 0], [-3014, -2143, -1953], [-1, 1, 0], [-1, 1, 0], [-1, 1, 0], [-1, 1, 0], [-226, -1039, -215], [-1, 1, 0], [-1, 1, 0], [-1, 1, 0], [-1, 1, 0], [-1, 1, 0], [-1, 1, 0], [-1, 1, 0], [-1, 1, 0], [-245, -541, -786], [-1, 1, 0], [-1, 1, 0], [-1, 1, 0], [-1, 1, 0], [-1, 1, 0], [2448, -2287, -2905], [1, -1, 0], [-1, 1, 0], [-1, 1, 0], [-1, 1, 0], [-1, 1, 0], [-1, 1, 0], [-1, 1, 0], [-1, 1, 0], [1, -1, 0], [-1, 1, 0], [-1, 1, 0], [-1673, 943, -538], [-1, 1, 0], [-1, 1, 0], [-1, 1, 0], [-1428, 1397, -1795], [-1, 1, 0], [-1, 1, 0], [-1, 1, 0], [-1, 1, 0], [-1, 1, 0], [-2419, 704, 166], [-1, 1, 0], [-1, 1, 0], [-1, 1, 0], [-1, 1, 0], [-1, 1, 0], [-1, 1, 0], [-1, 1, 0], [-1, 1, 0], [-1, 1, 0], [-1, 1, 0], [-1, 1, 0], [-1, 1, 0], [-1, 1, 0], [-1, 1, 0], [-1, 1, 0], [-1, 1, 0], [-1, 1, 0], [-1, 1, 0], [-1, 1, 0], [-1, 1, 0], [-1, 1, 0], [-1, 1, 0], [-1, 1, 0], [-1, 1, 0], [-1, 1, 0], [-1, 1, 0], [-1, 1, 0], [-1, 1, 0], [-1, 1, 0], [-1, 1, 0], [-1, 1, 0], [-1, 1, 0], [-1, 1, 0], [-1, 1, 0], [-1, 1, 0], [384, -574, -775], [-1699, 1013, -548], [1408, -1264, -2751], [-1, 1, 0], [-2784, -2318, -2243], [-1, 1, 0], [-1, 1, 0], [-1, 1, 0], [-1, 1, 0], [-1, 1, 0], [-1, 1, 0], [-1, 1, 0], [-1, 1, 0], [-1, 1, 0], [-1, 1, 0], [-1, 1, 0], [-1, 1, 0], [-1, 1, 0], [-1, 1, 0], [-1, 1, 0], [-1, 1, 0], [-1, 1, 0], [-1, 1, 0], [-1, 1, 0], [-1, 1, 0], [882, 2672, 2477], [-1, 1, 0], [-1, 1, 0], [-1, 1, 0], [1, -1, 0], [-1, 1, 0], [-1, 1, 0], [-1, 1, 0], [-2676, -2339, -2333], [1, -1, 0], [-1, 1, 0], [-1, 1, 0], [-1, 1, 0], [-1, 1, 0], [-1783, -3121, -2018], [-1, 1, 0], [-1, 1, 0], [-1, 1, 0], [-1, 1, 0], [-1, 1, 0], [-2946, -2488, -2515], [-1, 1, 0], [-1, 1, 0], [-1, 1, 0], [-1, 1, 0], [-1, 1, 0], [-1, 1, 0], [-1, 1, 0], [-1, 1, 0], [1076, -1624, -1403], [-1, 1, 0], [-1878, -1966, -2767], [-1, 1, 0], [-1, 1, 0], [-1, 1, 0], [-1, 1, 0], [-1, 1, 0], [-1, 1, 0], [-1, 1, 0], [-1, 1, 0], [-1, 1, 0], [-1, 1, 0], [-1, 1, 0], [-1, 1, 0], [-1, 1, 0], [-1, 1, 0], [-1, 1, 0], [-1, 1, 0], [-1, 1, 0], [-1, 1, 0], [-1, 1, 0], [-1, 1, 0], [-1, 1, 0], [-1, 1, 0], [-1, 1, 0], [-1, 1, 0], [-1, 1, 0], [-1, 1, 0], [-1, 1, 0], [-1, 1, 0], [-1, 1, 0], [1, -1, 0], [-1, 1, 0], [-1, 1, 0], [-1, 1, 0], [-1, 1, 0], [-1010, -203, 125], [-1, 1, 0], [-1, 1, 0], [-1, 1, 0], [-1, 1, 0], [-1, 1, 0], [-1, 1, 0], [-1, 1, 0], [-1, 1, 0], [-1, 1, 0], [677, -933, -1234], [262, -849, -1163], [-1, 1, 0], [-1, 1, 0], [-1, 1, 0], [-1, 1, 0], [-1, 1, 0], [-1, 1, 0], [-1841, 3226, 2738], [-1, 1, 0], [-1, 1, 0], [-2063, -101, 764], [-1, 1, 0], [-3028, -2354, -2127], [-1, 1, 0], [-1683, 251, -118], [-1, 1, 0], [394, -794, -727], [-1, 1, 0], [-3401, -2139, -2048], [-1, 1, 0], [-1, 1, 0], [-1, 1, 0], [-1, 1, 0], [-1, 1, 0], [-1, 1, 0], [-2019, -716, -716], [-1, 1, 0], [-1, 1, 0], [-1, 1, 0], [-1, 1, 0], [-1, 1, 0], [-1, 1, 0], [-1, 1, 0], [-1, 1, 0], [-1, 1, 0], [-1, 1, 0], [-1, 1, 0], [-1, 1, 0], [-1, 1, 0], [-1, 1, 0], [-1, 1, 0], [-1, 1, 0], [920, -2840, -2619], [-1, 1, 0], [1285, -1413, -1520], [-1, 1, 0], [-1, 1, 0], [2652, -502, -397], [-1, 1, 0], [-3909, -1955, -2078], [-1, 1, 0], [-1, 1, 0], [-1, 1, 0], [-1, 1, 0], [-1, 1, 0], [-1, 1, 0], [1, -1, 0], [-3121, -2024, -2220], [-1, 1, 0], [-1, 1, 0], [-1, 1, 0], [-1, 1, 0], [-1, 1, 0], [-1, 1, 0], [-1, 1, 0], [1, -1, 0], [-1, 1, 0], [-1, 1, 0], [1903, -3031, -2886], [1, -1, 0], [-1, 1, 0], [-1, 1, 0], [-1, 1, 0], [-1, 1, 0], [-1, 1, 0], [-1, 1, 0], [-1, 1, 0], [-1, 1, 0], [1, -1, 0], [-1, 1, 0], [1012, 18, 1699], [-631, -958, -140], [-1, 1, 0], [-1, 1, 0], [-1, 1, 0], [-1, 1, 0], [1087, -1282, -1698], [-1, 1, 0], [1233, -2917, -2542], [-1, 1, 0], [-1, 1, 0], [-1, 1, 0], [-1, 1, 0], [-1, 1, 0], [-1, 1, 0], [-1, 1, 0], [-1, 1, 0], [1, -1, 0], [1, -1, 0], [-1, 1, 0], [1, -1, 0], [-3274, -2153, -2139], [-1, 1, 0], [-1, 1, 0], [-1, 1, 0], [-1, 1, 0], [-1, 1, 0], [-1, 1, 0], [-1, 1, 0], [-1, 1, 0], [-1, 1, 0], [-1, 1, 0], [1, -1, 0], [1602, 1713, 3183], [1, -1, 0], [-1, 1, 0], [-1, 1, 0], [1, -1, 0], [-1, 1, 0], [-1, 1, 0], [1, -1, 0], [-1, 1, 0], [-1694, 145, 41], [1909, -1133, -1360], [281, 56, -1454], [-1, 1, 0], [-1, 1, 0], [-1, 1, 0], [-1, 1, 0], [-1, 1, 0], [-75, 982, 106], [96, -1139, -557], [-1, 1, 0], [-1, 1, 0], [-1, 1, 0], [-1, 1, 0], [-1, 1, 0], [-3385, -2057, -2154], [-1, 1, 0], [-1, 1, 0], [-1, 1, 0], [-1, 1, 0], [-1, 1, 0], [-1, 1, 0], [-1, 1, 0], [-1, 1, 0], [-1, 1, 0], [1, -1, 0], [-1, 1, 0], [-1, 1, 0], [-1, 1, 0], [-1, 1, 0], [-1, 1, 0], [-1, 1, 0], [-1, 1, 0], [-3673, -1886, -2310], [-1, 1, 0], [-1, 1, 0], [-1, 1, 0], [-3584, -1829, -2305], [-1, 1, 0], [-1, 1, 0], [-3269, -2179, -2112], [-2, 0, 1], [-1, 1, 0], [-1, 1, 0], [-1, 1, 0], [-1, 1, 0], [-1, 1, 0], [-1, 1, 0], [-1, 1, 0], [-1, 1, 0], [-1, 1, 0], [-1, 1, 0], [-1, 1, 0], [-1, 1, 0], [-1, 1, 0], [-1, 1, 0], [-1, 1, 0], [1, -1, 0], [-1, 1, 0], [-1, 1, 0], [-1, 1, 0], [1727, -3041, -3204], [-1370, -388, 651], [-102, 452, -1387], [-1, 1, 0], [-1, 1, 0], [-1, 1, 0], [-1, 1, 0], [-1, 1, 0], [-1, 1, 0], [-3248, -2292, -2315], [-1, 1, 0], [-1, 1, 0], [-1, 1, 0]]

exec_time (ms): 349979.056596756 ms
exec_time: 5m 49s 979.0565967559814ms