N: 33
n: 6
number_of_primes (d): 3
exp_register_width (qd): 5
primes: [2, 5, 7]

R: 11287
T: 3
t: 16
delta: 0.00010850933564202967
delta_inv: 9216Percent of combinations (with positive values of result vector) that gives % N = 1: 76.2%
Percent of combinations (with positive values of result vector) that give p and q: 49.1%
Vectors that gives p and q: [[3587, 457, 1900], [150, -2137, -1996], [1656, 2025, -1768], [-799, 1537, -922], [588, -303, -658], [-2623, 163, 688], [1736, 2034, -1731], [138, -1733, -2178], [-823, 1794, -1079], [-1080, -1628, -1879], [-2083, -1620, 1419], [2533, -568, 867], [-654, -1812, -1689], [-248, -1995, -1856], [3356, -1104, -425], [-3030, -945, -20], [1, -2, 1], [1048, -1237, 360], [-3488, 470, 549], [2226, 491, 330], [539, 2279, 300], [-1114, 414, 549], [3436, -1667, 286], [1, -2, 1], [819, -429, -3164], [436, 5, 2492], [443, -44, -901], [-1760, -425, -1100], [1907, 1750, -1651], [3008, 492, 2357], [284, -2043, -2156], [-671, -537, 552], [-1297, -1321, -512], [-3566, -332, -2213], [-1952, -3621, -342], [473, -625, 536], [1093, -1196, 1163], [-1162, 2399, -1822], [-727, -1827, -1500], [1479, 465, 1368], [-1851, -2211, 1890], [645, 382, -3199], [-2664, -1727, 2176], [-1715, 790, 15], [3244, -1632, 427], [-4071, -681, -1720], [2, 0, -1], [3152, -1417, 38], [-384, -1831, -1806], [-3670, -377, -1956], [-1776, 1345, -1092], [2, 0, -1], [-1930, 1116, -877], [-744, -1909, -1680], [-3209, 1757, -392], [1374, -473, -1066], [-2586, 1732, -651], [-1263, 3288, -1727], [1020, 1446, -1227], [3663, -386, 2433], [1649, 287, 1184], [-1881, -1645, 1638], [-566, 855, -2272], [1481, -825, 322], [1743, 1660, -1529], [-2048, 402, 335], [-2167, -3359, -296], [903, -477, -900], [-261, -1871, -2050], [-2643, -591, 1006], [788, -1035, 466], [1561, 1397, 488], [1780, 1906, -1617], [1826, 1971, -1820], [-2340, -1585, 1840], [1, -2, 1], [1624, -4, -3629], [3284, -1466, 355], [-312, 2275, 2126], [-1579, 1450, 1027], [-449, 1546, -925], [2, 0, -1], [-582, 1072, -633], [830, 1045, -900], [-574, 954, -821], [-3843, -278, -2025], [-2306, 1979, -1120], [-1496, -530, -1387], [-744, 2549, -576], [-63, -1908, -2065], [1200, 2252, -1809], [1, -2, 1], [-503, 822, -435], [-442, -1585, -1834], [-1458, 644, 311], [-944, -2083, -72], [-3395, -569, -1942], [-1414, -3150, -893], [-325, 287, -434], [920, -885, -510], [-98, 640, -2511], [-429, -1491, -1906], [1839, 2008, -1833], [1188, -449, -846], [-2997, 1572, -873], [-270, -1840, -1915], [279, 296, -1419], [-658, 565, -446], [1014, -1568, 1129], [-3274, 2023, -494], [-1608, -1137, -812], [-75, -2009, -1712], [-2827, 1301, -906], [-207, 1198, -405], [-637, -1058, 817], [-408, -1853, -1870], [-3383, 498, -2627], [980, -833, 1976], [-418, -1870, -1901], [-3306, 1684, -335], [-1156, -2210, 1463], [645, 1762, 1661], [-3742, 1725, -44], [830, 1045, -900], [-1079, 1538, -1819], [-997, 103, 430], [-1492, -1954, 1629], [-923, -964, 917], [1778, 1091, 624], [-1354, -704, -1315], [-244, -1795, -1938], [-2567, -1240, -349], [-1352, -633, -1378], [-478, 2692, -475], [-570, -1646, -1573], [-684, -1663, -1342], [1469, 2761, 1266], [-265, -1877, -1916], [622, -1797, 408], [2916, -1346, 729], [1051, -1047, -644], [266, -2093, -2122], [-1967, -2068, 1887], [-638, 961, -388], [494, -72, -933], [-2936, 1525, -372], [1821, 279, 1044], [-1624, -1595, -888], [3307, -1402, 293], [-2670, 221, -432], [962, 111, -3338], [-71, -2330, -1707], [-1810, -1938, 1761], [-1362, -1893, 1542], [-787, 1770, -919], [-258, -2090, -1781], [159, 1412, -2891], [2, 0, -1], [1120, -440, -1105], [-1541, -1950, 1723], [-71, -1956, -1985], [-804, -1623, -1372], [1929, 1009, 640], [-1466, 808, -303], [-2543, 1046, -1073], [-607, -334, 549], [-1587, 3673, -2150], [-94, -1969, -1950], [-338, -1849, -1818], [756, 1829, -1236], [-285, -1712, -2081], [-2451, -1438, 1879], [-3033, 1205, 154], [-467, -1997, 1010], [1832, 2110, -1841], [3539, 506, 2031], [-1456, -1567, 1472], [-596, 1660, -897], [-583, 1278, -617], [2, 0, -1], [1, -2, 1], [1846, 1930, -1513], [-1789, -2158, 1823], [1575, 2387, -1654], [-239, 580, -953], [-2920, 1023, 84], [-697, -1625, -1494], [1322, -976, 341], [1311, -722, -1239], [2, 0, -1], [1100, -1058, -679], [-1062, -848, 947], [-1952, 32, -1093], [219, -1992, -2233], [2589, -1333, 1084], [1485, 2212, -1489], [592, -1591, 856], [-168, -1847, -1992], [-427, -1677, -1790], [305, -2001, 862], [-2397, -1758, 1997], [-3060, 1271, 198], [980, -870, 1905], [2791, -1136, 809], [-1524, -2115, 1712], [-234, 370, -1243], [1822, 455, 1004], [-931, -1844, -509], [-3704, -239, -2180], [-257, -1930, -1909], [-788, 3187, -1860], [2, 0, -1], [-1314, 1013, -444], [-330, -2631, 322], [-2714, 1149, -916], [1218, -1435, 1066], [2062, -698, -1625], [1580, 2192, -1549], [-902, 643, -280], [765, 1034, -863], [2, 0, -1], [-1793, -1944, 1767], [1293, 2187, -1258], [-527, -1823, -1728], [-1846, -1976, 1835], [1923, 1702, -1343], [1239, -1010, 1893], [-2442, 387, -688], [2, 0, -1], [904, 1531, 2116], [-2226, 1792, -911], [1547, 232, 1335], [1693, 1002, 3097], [-880, 1886, -1057], [1781, 1917, -1552], [1864, 1345, 738], [-1891, -1760, 1693], [-3529, 1576, -275], [-303, -1875, -1906], [-732, 910, -709], [1575, -3774, 2163], [2031, 1654, -1371], [-887, -1, 398], [2036, 1640, -1763], [490, 66, -1267], [3334, -1913, 514], [2257, 839, -1134], [-683, -1956, -1549], [-276, -1738, -2001], [-2830, -414, -2487], [1257, 2310, -1861], [-238, -2035, -1826], [3088, -491, 2708], [3567, -217, 2288], [-334, -1963, -1872], [2642, -1074, 887], [1308, 13, -3300], [1796, 1942, -1327], [1888, 1982, -1793], [-782, 1712, -1033], [1836, 1971, -1700], [-565, -964, -2647], [-1937, -1088, 1647], [1805, 1439, 412], [1074, -890, -757], [-768, -1610, -1321], [-281, -2026, -1965], [-147, -2093, -1898], [1165, 2267, -1794], [-1920, -1804, 1773], [2295, -1385, 800], [-2470, -1796, 1987], [-1168, 871, -1858], [-3443, 1626, -303], [-596, 2035, -872], [1940, 1952, -1859], [2096, -2763, -642], [2, 0, -1], [-441, 1073, -748], [-206, -2192, -1743], [-407, -1680, -1809], [-3075, 1637, -524], [-2016, -1879, 1796], [3350, 703, 1764], [-323, -1666, -2089], [-1732, 1163, 1210], [642, -5325, 1134], [1, -2, 1], [-3072, -492, -2285], [-382, -1828, -1773], [2277, 1044, 1801], [-624, 682, -677], [1, -2, 1], [-3144, -448, -2557], [-229, -1644, -2105], [-3071, 1506, -349], [1942, 2103, -1842], [3008, -1213, -78], [-1773, -1994, 1877], [-309, -1843, -1822], [854, -498, -841], [-410, 952, -719], [-328, 1871, -138], [-211, -2017, -1838], [-653, 1466, -1373], [-1755, -2029, 1908], [1373, -4095, -194], [-620, -2030, -1635], [1397, 2094, -1689], [-351, -1812, -1853], [-1025, -806, 877], [1160, -437, -1036], [912, -1882, 1033], [-906, 566, -249], [467, -1395, 434], [246, -887, 1606], [617, 1272, 1355], [695, -987, 1394], [-2721, 569, -570], [1, -2, 1], [-2954, 270, -123], [-295, -2021, -1138], [-395, -1612, -2051], [-1376, 3720, -2327], [-1832, -1991, 1828], [1712, -1687, -802], [1267, 2214, -1549], [3588, -678, -263], [-395, -1782, -1851], [2, 0, -1], [2, 0, -1], [3057, -1629, 682], [1020, -861, -778], [-251, -1760, -2107], [-1750, -2017, 1854], [1418, -3630, 2191], [-491, -1790, -1777], [-62, 83, -690], [915, -467, -886], [326, 46, -945], [-3699, -206, -2211], [-3318, 1680, -281], [-3075, 1024, -373], [1068, -231, -1692], [-369, -1937, -1804], [-2299, 1387, -742], [-1054, -934, 985], [-261, -1841, -2010], [2548, -1103, 1192], [-191, -1974, -1719], [1525, 2181, -1412], [-509, -1591, -1796], [2, 0, -1], [1671, -1494, 1335], [-290, 571, -632], [-689, -1612, -1529], [-399, -1928, -1807], [-1036, 532, 29], [830, -867, -486], [855, -1137, -166], [-242, -1881, -1842], [2726, 552, -67], [-713, 2052, -1135], [1528, 1758, 115], [2, 0, -1], [1298, 2184, -1227], [943, -858, 1907], [-1579, -2188, 1683], [763, 1948, 725], [3026, -1390, 337], [-909, 888, -2019], [97, -2007, -1972], [-1689, -2137, 1776], [1843, 1945, -1784], [1403, 2124, -1347], [3390, -1529, 338], [-1692, 767, -8], [-3352, -516, -2027], [3096, 1103, 1916], [-224, -1840, -1973], [185, 11, -712], [-3490, 1660, -255], [-1940, -1960, 1795], [1753, -3444, 1869], [83, -1951, -2102], [3628, -1765, 236], [1431, 171, -3560], [-1, 2, -1], [2115, 1805, -1670], [-2409, -680, 1107], [-1912, -2068, 1837], [-3538, 1751, -268], [2, 0, -1], [-1, 2, -1], [614, 850, 2293], [1505, 1197, 656], [-249, -1802, -1999], [790, -371, -1088], [-1515, -2033, 1666], [2960, -1878, 691], [1280, 2217, -1224], [-1786, -1699, 1666], [415, -751, 462], [1418, -2921, 1868], [1423, -541, -1012], [701, 1974, 1629], [-664, -1849, -1650], [2, 0, -1], [2, 0, -1], [-746, 1395, -932], [2, 0, -1], [-1235, -2164, 1543], [-239, -1854, -1945], [-390, -2056, -1703], [-1767, -2024, 1699], [-2056, 1683, -1198], [-815, 1786, -887], [-2584, -1329, 1640], [-1077, 875, 726], [-2386, -1857, 2082], [857, 2532, -585], [2, 0, -1], [-299, -1932, -1649], [-257, -1937, -1890], [3136, -1874, 485], [-372, -1742, -1835], [-1680, 3388, -1881], [-203, -1843, -1920], [3228, -1536, 493], [-3158, 1415, -36], [-1, 2, -1], [-291, -1926, -1815], [2398, 1127, -1548], [2, 0, -1], [-1794, -2068, 1743], [1, -2, 1], [1337, -1429, -538], [-97, -1831, -2102], [1, -2, 1], [3839, 816, 1511], [-1757, -1921, 1698], [1085, -842, 1869], [-1130, -2282, 1439], [1076, -617, -3124], [-2067, -1058, 1747], [-2642, 1503, -760], [601, -1350, 257], [-1, 2, -1], [1947, 1712, -1685], [-337, -1844, -1811], [-371, -1875, -1822], [-3324, 1632, -297], [3959, 580, 1393], [1218, -1101, 908], [441, -1227, -2594], [3282, -1265, 54], [-1689, -1045, -808], [-195, -1918, -1949], [-1264, -1954, 1385], [-208, -1918, -1905], [694, -486, -535], [-1381, -2071, 1610], [1425, -352, 1919], [1367, -1072, 373], [-713, -1694, -1973], [-3208, 1600, -411], [3307, 355, 2194], [2, 0, -1], [388, -944, 219], [1474, -622, -1073], [-1238, -2175, 1494], [-424, -209, 1580], [-2436, -1800, 2203], [-1345, 3624, -2233], [1402, 2165, -1596], [3478, -1735, 326], [301, -413, -2662], [1742, -1535, -966], [-1016, 92, 419], [-412, -2698, 397], [957, -943, -530], [-1997, -2033, 1852], [2052, 1918, -1767], [-1, 2, -1], [165, -1229, 508], [1764, 347, 944], [-420, 1114, -1613], [1156, -825, 1832], [-1156, 435, -32], [-1918, -942, -727], [623, -542, 905]]

exec_time (ms): 450879.4982433319 ms
exec_time: 7m 30s 879.4982433319092ms