N: 35
n: 6
number_of_primes (d): 3
exp_register_width (qd): 5
primes: [2, 3, 11]

R: 11287
T: 3
t: 16
delta: 0.00010850933564202967
delta_inv: 9216Percent of combinations (with positive values of result vector) that gives % N = 1: 78.2%
Percent of combinations (with positive values of result vector) that give p and q: 64.1%
Vectors that gives p and q: [[-1, -1, 0], [1, 1, -3], [0, -2, 2], [0, 2, -2], [0, 2, -2], [-1, -1, 0], [-2, 0, 1], [1, 1, 0], [1, 1, 0], [2, 0, 2], [1, 1, 0], [1, 1, 0], [1, 1, 0], [0, 2, 1], [-1, -1, 0], [0, 2, -2], [-1, -1, 0], [1, 1, 0], [1, 1, 0], [-1, -1, 0], [1, 1, 0], [0, 2, -2], [-1, -1, 0], [-1, -1, 0], [0, 2, 1], [-1, -1, 0], [0, 2, -2], [1, 1, 0], [0, 2, -2], [-1, -1, 0], [1, 1, 0], [-1, -1, 0], [2, 0, -1], [2, 0, 2], [-1, -1, 0], [0, 2, -2], [-1, -1, 0], [1, 1, 0], [-1, -1, 0], [1, 1, 0], [-1, -1, 0], [2, 0, -1], [1, 1, 0], [-1, -1, 0], [1, 1, -3], [1, 1, 0], [2, 0, -1], [0, 2, -2], [1, 1, 0], [2, 0, -1], [0, 2, -2], [-1, -1, 0], [0, 2, 1], [1, 1, 0], [-1, -1, 0], [-1, -1, 0], [0, -2, 2], [1, 1, 0], [-1, -1, 0], [-1, -1, 0], [1, 1, 0], [2, 0, -1], [1, 1, 0], [-1, -1, 0], [0, 2, -2], [-1, -1, 0], [0, 2, -2], [1, 1, 0], [1, 1, 0], [-1, -1, 0], [-1, -1, 0], [1, 1, 0], [-1, -1, 0], [1, 1, 0], [0, 2, 1], [2, 0, -1], [2, 0, -1], [2, 0, -1], [2, 0, 2], [-1, -1, 0], [1, 1, 0], [-1, -1, 0], [2, 0, -1], [0, -2, 2], [1, 1, 0], [-1, -1, 0], [2, 0, 2], [-2, 0, 1], [0, 2, -2], [0, 2, -2], [1, 1, 0], [0, 2, -2], [-1, -1, 0], [1, 1, 0], [0, 2, 1], [-1, -1, 0], [-1, -1, 0], [-1, -1, 0], [2, 0, -1], [2, 0, -1], [-1, -1, 0], [1, 1, 0], [2, 0, -1], [2, 0, -1], [0, 2, 1], [-1, -1, 0], [1, 1, 0], [-1, -1, 0], [-1, -1, 0], [1, 1, 0], [-1, -1, 0], [-2, 0, 1], [-1, -1, 0], [1, 1, 0], [0, 2, -2], [0, 2, -2], [1, 1, 0], [1, 1, -3], [-1, -1, 0], [2, 0, -1], [0, 2, -2], [-1, -1, 0], [-1, -1, 0], [-1, -1, 0], [1, 1, 0], [-1, -1, 0], [-1, -1, 0], [0, 2, 1], [-1, -1, 0], [-1, -1, 0], [-2, 0, 1], [1, 1, 0], [2, 0, 2], [1, 1, 0], [0, 2, -2], [-1, -1, 0], [-1, -1, 0], [-1, -1, 0], [2, 0, -1], [-1, -1, 0], [0, 2, -2], [2, 0, 2], [-1, -1, 0], [1, 1, 0], [-1, -1, 0], [2, 0, -1], [-1, -1, 0], [1, 1, 0], [0, 2, 4], [2, 0, -1], [2, 0, 2], [0, 2, 1], [0, 2, 1], [-1, -1, 0], [-1, -1, 0], [0, 2, -2], [-1, -1, 0], [1, 1, 0], [-1, -1, 0], [1, 1, 0], [0, 2, 1], [1, 1, 0], [1, 1, 0], [-2, 0, 1], [-1, -1, 0], [0, 2, -2], [1, 1, 0], [-1, -1, 0], [1, 1, 0], [2, 0, -1], [2, 0, 2], [0, 2, 1], [0, 2, -2], [1, 1, 0], [2, 0, 2], [-1, -1, 0], [-1, -1, 0], [1, 1, 0], [2, 0, -1], [1, 1, 0], [1, 1, 0], [0, 2, -2], [0, 2, -2], [2, 0, -1], [1, 1, 0], [1, 1, 0], [-1, -1, 0], [-1, -1, 0], [-1, -1, 0], [-1, -1, 0], [-1, -1, 0], [0, 2, 1], [-1, -1, 0], [-1, -1, 0], [2, 0, 2], [-1, -1, 0], [0, 2, -2], [1, 1, 0], [1, 1, 0], [1, 1, 0], [0, 2, 1], [-1, -1, 0], [0, 2, -2], [0, 2, -2], [2, 0, -1], [1, 1, 0], [0, 2, 1], [0, 2, 1], [1, 1, 0], [1, 1, 0], [-1, -1, 0], [-1, -1, 0], [1, 1, 0], [0, 2, -2], [-1, -1, 0], [-1, -1, 0], [2, 0, -1], [1, 1, 0], [-1, -1, 0], [1, 1, 0], [-1, -1, 0], [2, 0, 2], [-1, -1, 0], [0, 2, -2], [-1, -1, 0], [0, 2, -2], [2, 0, 2], [2, 0, 2], [2, 0, -1], [0, 2, -2], [2, 0, 2], [1, 1, 0], [0, 2, 1], [1, 1, 0], [1, 1, 0], [2, 0, -1], [1, 1, 0], [-2, 0, 1], [-1, -1, 0], [1, 1, 0], [0, 2, -2], [0, -2, 2], [0, 2, -2], [2, 0, -1], [0, 2, -2], [2, 0, 2], [1, 1, 0], [1, 1, 0], [-1, -1, 0], [-1, -1, 0], [-1, -1, 0], [2, 0, 2], [-1, -1, 0], [2, 0, -1], [2, 0, 2], [-1, -1, 0], [1, 1, 0], [1, 1, 0], [2, 0, -1], [1, 1, 0], [-2, 0, 1], [-2, 0, 1], [-1, -1, 0], [-1, -1, 0], [0, 2, -2], [-1, -1, 0], [2, 0, 2], [0, 2, -2], [1, 1, 0], [1, 1, 0], [2, 0, 2], [-1, -1, 0], [-1, -1, 0], [1, 1, 0], [0, 2, -2], [-1, -1, 0], [2, 0, -1], [1, 1, 0], [0, 2, -2], [1, 1, 0], [-1, -1, 0], [0, 2, -2], [-1, -1, 0], [1, 1, 0], [1, 1, 0], [0, 2, -2], [-1, -1, 0], [-1, -1, 0], [-1, -1, 0], [0, 2, -2], [1, 1, 0], [0, 2, 1], [-1, -1, 0], [2, 0, 2], [-1, -1, 0], [0, -2, 2], [2, 0, 2], [1, 1, 0], [0, 2, -2], [-1, -1, 0], [1, 1, 0], [-1, -1, 0], [-1, -1, 0], [-1, -1, 0], [0, 2, -2], [1, 1, 0], [-1, -1, 0], [2, 0, -1], [-1, -1, 0], [1, 1, 0], [-1, -1, 0], [1, 1, 0], [-1, -1, 0], [-1, -1, 0], [0, 2, -2], [-2, 0, 1], [-1, -1, 0], [-1, -1, 0], [1, 1, 0], [0, 2, -2], [-1, -1, 0], [-1, -1, 0], [1, 1, 0], [0, -2, 2], [-1, -1, 0], [-1, -1, 0], [0, 2, 1], [-1, -1, 0], [0, -2, 2], [0, 2, -2], [1, 1, 0], [1, 1, 0], [1, 1, 0], [-1, -1, 0], [1, 1, 0], [0, 2, 1], [-1, -1, 0], [-1, -1, 0], [0, 2, -2], [-1, -1, 0], [-1, -1, 0], [-2, 0, 1], [-1, -1, 0], [2, 0, -1], [2, 0, -1], [-1, -1, 0], [1, 1, 0], [0, -2, 2], [-1, -1, 0], [0, 2, -2], [1, 1, 0], [0, 2, -2], [1, 1, 0], [1, 1, 0], [-1, -1, 0], [-1, -1, 0], [2, 0, -1], [-1, -1, 0], [-1, -1, 0], [0, 2, 1], [2, 0, 2], [-1, -1, 0], [2, 0, 2], [1, 1, 0], [1, 1, 0], [-1, -1, 0], [-1, -1, 0], [-1, -1, 0], [-1, -1, 0], [-1, -1, 0], [1, 1, 0], [-1, -1, 0], [2, 0, -1], [1, 1, 0], [1, 1, 0], [1, 1, 0], [1, 1, 0], [2, 0, -1], [1, 1, 0], [-1, -1, 0], [-1, -1, 0], [1, 1, 0], [-1, -1, 0], [1, 1, 0], [-1, -1, 0], [-2, 0, 1], [0, 2, 1], [1, 1, 0], [0, -2, 2], [2, 0, -1], [-2, 0, 1], [-1, -1, 0], [-1, -1, 0], [-1, -1, 0], [1, 1, 0], [-1, -1, 0], [-1, -1, 0], [1, 1, -3], [2, 0, 2], [1, 1, 0], [2, 0, -1], [-1, -1, 0], [1, 1, 0], [-1, -1, 0], [1, 1, 0], [0, -2, 2], [0, -2, 2], [1, 1, 0], [0, 2, -2], [0, 2, 4], [0, 2, -2], [-1, -1, 0], [2, 0, -1], [1, 1, 0], [0, 2, 1], [-1, -1, 0], [2, 0, 2], [-1, -1, 0], [1, 1, 0], [-1, -1, 0], [-1, -1, 0], [2, 0, -1], [-1, -1, 0], [-1, -1, 0], [0, 2, -2], [1, 1, 0], [1, 1, 0], [-1, -1, 0], [2, 0, 2], [-1, -1, 0], [2, 0, 2], [-1, -1, 0], [0, 2, 1], [1, 1, 0], [1, 1, 0], [-1, -1, 0], [-1, -1, 0], [1, 1, 0], [1, 1, 0], [2, 0, 2], [-1, -1, 0], [-1, -1, 0], [2, 0, 2], [0, 2, -2], [1, 1, 0], [2, 0, 2], [-1, -1, 0], [0, -2, 2], [-1, -1, 0], [2, 0, 2], [1, 1, 0], [1, 1, 0], [0, 2, -2], [-1, -1, 0], [1, 1, 0], [2, 0, -1], [1, 1, 0], [0, 2, -2], [0, 2, -2], [0, 2, 1], [1, 1, 0], [2, 0, 2], [2, 0, 2], [2, 0, -1], [-1, -1, 0], [0, 2, -2], [-1, -1, 0], [-1, -1, 0], [-1, -1, 0], [1, 1, 0], [-2, 0, 1], [1, 1, 0], [-1, -1, 0], [-1, -1, 0], [2, 0, -1], [2, 0, -1], [2, 0, -1], [-1, 3, -1], [2, 0, -1], [2, 0, -1], [-2, 0, 1], [0, 2, 1], [2, 0, 2], [1, 1, 0], [-1, -1, 0], [1, 1, 0], [2, 0, 2], [-1, -1, 0], [-1, -1, 0], [1, 1, 0], [0, 2, -2], [1, 1, 0], [1, 1, 0], [0, 2, -2], [0, 2, -2], [1, 1, 0], [1, 1, 0], [2, 0, -1], [0, 2, -2], [-1, -1, 0], [1, 1, 0], [-1, -1, 0], [-1, -1, 0], [-1, -1, -3], [2, 0, -1], [1, 1, 0], [1, 1, 0], [0, 2, -2], [2, 0, 2], [0, -2, 2], [-1, -1, 0], [-1, -1, 0], [1, 1, 0], [-1, -1, 0], [2, 0, -1], [1, 1, 0], [1, 1, 0], [-1, -1, 0], [2, 0, -1], [1, 1, 0], [2, 0, -1], [-1, -1, 0], [2, 0, -1], [0, 2, 1], [1, 1, 0], [1, 1, 0], [0, 2, -2], [-2, 0, 1], [0, 2, 1], [0, -2, 2], [2, 0, -1], [0, 2, -2], [0, 2, -2], [2, 0, -1], [1, 1, 0], [0, 2, -2], [2, 0, 2], [-1, -1, 0], [-1, -1, 0], [0, 2, -2], [0, 2, 1], [2, 0, -4], [1, 1, 0], [-1, -1, 0], [2, 0, -1], [1, 1, 0], [-1, -1, 0], [0, 2, 1], [0, 2, 1], [-1, -1, 0], [1, 1, 0], [-1, -1, 0], [-1, -1, 0], [-1, -1, 0], [-2, 0, 1], [0, 2, -2], [-1, -1, 0], [0, 2, -2], [-2, 0, 1], [0, 2, 1], [-1, -1, 0], [-1, -1, 0], [1, 1, 0], [0, 2, -2], [-1, -1, 0], [-1, -1, 0], [1, 1, 0], [2, 0, 2], [-1, -1, 0], [-1, -1, 0], [2, 0, -1], [0, 2, -2], [2, 0, 2], [-1, -1, 0], [1, 1, 0], [2, 0, 2], [-1, -1, 0], [2, 0, -1], [-1, -1, 0], [1, 1, 0], [0, -2, 2], [-1, -1, 0], [-1, -1, 0], [-1, -1, 0], [1, 1, 0], [-1, -1, 0], [2, 0, 2], [-1, -1, 0], [0, -2, 2], [-1, -1, 0], [1, 1, 0], [0, 2, 1], [1, 1, 0], [-1, -1, 0], [2, 0, -1], [2, 0, 2], [1, 1, 0], [-1, -1, 0], [2, 0, -1], [0, 2, -2], [1, 1, 0], [-1, -1, 0], [1, 1, 0], [-2, 0, 1], [-2, 0, 1], [0, 2, -2], [1, 1, 0], [2, 0, -1], [-1, -1, 0], [2, 0, 2], [1, 1, 0], [1, 1, 0], [1, 1, 0], [-1, -1, 0], [0, -2, 2], [0, 2, 1], [0, 2, -2], [1, 1, 0], [1, 1, 0], [0, 2, 1], [-1, -1, 0], [1, 1, 0], [0, 2, 1], [-1, -1, 0], [2, 0, 2], [1, 1, 0], [1, 1, 0], [-1, -1, 0], [1, 1, 0], [2, 0, -1], [1, 1, 0], [1, 1, 0], [0, 2, 1], [1, 1, 0], [-1, -1, 0], [0, -2, 2], [-1, -1, 0], [-1, -1, 0], [0, 2, -2], [0, 2, 1], [-1, -1, 0]]

exec_time (ms): 461448.8744735718 ms
exec_time: 7m 41s 448.87447357177734ms