N: 51
n: 6
number_of_primes (d): 3
exp_register_width (qd): 5
primes: [2, 5, 7]

R: 11287
T: 3
t: 16
delta: 0.00010850933564202967
delta_inv: 9216Percent of combinations (with positive values of result vector) that gives % N = 1: 57.2%
Percent of combinations (with positive values of result vector) that give p and q: 33.7%
Vectors that gives p and q: [[-554, -944, -2020], [1, 1, -1], [3, -1102, 724], [1, 1, -1], [-1921, -1983, -173], [-503, 773, -1277], [-1847, -1878, -320], [-2003, -1616, -386], [274, -664, 3388], [1, 1, -1], [-2026, -1925, -145], [1, 1, -1], [179, 1406, -2112], [-580, 550, -554], [-1433, 2105, 1531], [-1031, 2672, -1834], [-357, 196, -2826], [-2391, 719, -1987], [1193, -242, 2388], [823, -1385, -423], [-2453, 910, -2192], [-660, 757, -2147], [120, 382, -3018], [158, 0, -964], [-898, 2100, -368], [1, 1, -1], [593, -648, -626], [-1010, 1596, -1912], [-1502, 2010, 1662], [-1697, 1932, 1926], [-1831, -1726, -456], [-1960, -1987, -163], [1368, -2161, -1377], [-580, 550, -554], [-1198, 942, -2606], [309, 237, 2755], [-954, 533, -503], [1, 1, -1], [-1697, 1932, 1926], [387, -411, 2751], [1628, -2086, -1558], [1, 1, -1], [-1862, -1930, -262], [1012, -2435, 1733], [741, -1250, 428], [1282, 341, 2849], [887, -1029, 1917], [2500, -926, 2290], [-1022, 675, -1841], [-1890, 1303, -1205], [1491, -2853, 1621], [56, 1138, -2406], [1, 1, -1], [1, 1, -1], [520, -1201, 2303], [-1771, 1898, 1912], [454, -830, -130], [-848, 390, -82], [-250, 967, -949], [189, 1059, -2663], [1431, 22, 1408], [-10, 873, -1267], [-1443, -1757, -791], [846, -1608, 1012], [-580, 550, -554], [1, 1, -1], [2167, -853, 4589], [1497, -707, 2203], [2481, -985, 2341], [-1810, 1584, -2580], [533, -767, -425], [1366, -1466, 1634], [-2338, 1118, -2598], [1777, -1917, -1839], [1, 1, -1], [-1834, -1886, -306], [-290, 817, -1083], [1, 1, -1], [2370, -1463, 5205], [-2302, 2019, -2769], [1659, -2052, -1586], [1, 1, -1], [1, 1, -1], [857, -1007, -833], [-108, 455, -2577], [-1842, -1984, -260], [1707, -1967, -1637], [-2028, -1918, -110], [1589, -1863, -1489], [1, 1, -1], [-359, 472, -722], [2270, -1277, 1751], [-821, 445, -809], [1, 1, -1], [1, 1, -1], [-779, 614, -572], [1695, -2099, -1617], [-1764, 2037, 1709], [1660, -2074, -1642], [-130, -906, 2850], [1, 1, -1], [-1975, 838, -2340], [1, 1, -1], [2087, -436, 1846], [1277, -3166, 1648], [-259, 624, -882], [-1806, 2026, 1790], [1, 1, -1], [1, 1, -1], [595, -923, 3119], [-1777, 1961, 1771], [-903, 77, -2837], [-1717, -1915, -465], [1, 1, -1], [1, 1, -1], [454, -830, -130], [795, 352, 3042], [1, 1, -1], [-1918, -1993, -189], [1, 1, -1], [-1921, -1983, -173], [1692, -1992, -1640], [262, -641, 2003], [-1890, 1303, -1205], [-1786, -1942, -394], [-1086, 2207, -485], [1, 1, -1], [187, 487, -1551], [1692, -1992, -1640], [1, 1, -1], [-19, 937, -3345], [-1618, 1725, 2081], [-1852, -1965, -197], [2481, -985, 2341], [-357, 196, -2826], [446, -844, 2304], [-567, 1983, -1603], [-1981, -1960, -102], [-398, -115, 1673], [-1692, 1992, 1640], [-1717, -1915, -465], [-1984, 259, -1181], [-950, 218, 14], [-795, -352, -3042], [1890, -2044, 1400], [-849, 1271, -1511], [-357, 196, -2826], [-1471, -1715, -933], [-2023, -1910, -112], [1, 1, -1], [2798, -2204, 2752], [-1959, -1985, -131], [1777, -1961, -1771], [1, 1, -1], [468, -1782, 170], [158, 0, -964], [506, -1002, 1274], [1, 1, -1], [1674, -1092, 864], [-383, 480, -1386], [-1582, 1860, -2904], [-860, -350, 1298], [-1789, 2080, 1570], [-1050, -450, 1370], [-2025, -1946, -80], [1, 1, -1], [175, -1168, 842], [-1167, 2671, -1491], [-1891, -2001, -155], [-333, -616, 282], [-2094, 730, -434], [1, 1, -1], [1, 1, -1], [-383, 480, -1386], [-130, 432, -852], [1, 1, -1], [-1278, 943, -1077], [-1975, 838, -2340], [1, 1, -1], [-520, 1201, -2303], [-1921, -1983, -173], [1, 1, -1], [1670, -1853, -1641], [595, -923, 3119], [321, -461, -783], [-1976, -1949, -141], [-1674, 1249, -3435], [-2094, 730, -434], [1, 1, -1], [-1923, -1873, -203], [-610, -922, 1026], [342, -1404, 1312], [1707, -1967, -1637], [-1960, -1987, -163], [1, 1, -1], [1, 1, -1], [-172, 293, -2739], [-1190, 2292, -1384], [-1818, 1973, 1865], [-848, 390, -82], [-2132, 2220, -2452], [-2394, 1546, -2858], [1, 1, -1], [1, 1, -1], [-383, 480, -1386], [642, -599, 2677], [1, 1, -1], [1692, -1992, -1640], [1, 1, -1], [2094, -730, 434], [2338, -1118, 2598], [-580, 550, -554], [-1820, 1992, 1832], [-779, 614, -572], [-357, 196, -2826], [-1871, -2044, -86], [-1359, 1532, -1678], [1, 1, -1], [-1831, -1726, -456], [1, 1, -1], [1, 1, -1], [524, -1365, 83], [999, -2857, 1737], [-1563, 2003, 1465], [1, 1, -1], [1890, -1303, 1205], [1, 1, -1], [-2006, -1887, -195], [1619, -981, 709], [1, 1, -1], [-1936, -1702, -398], [-1984, 259, -1181], [1309, -2280, -1002], [-1922, -1967, -155], [2102, -1468, 2944], [-1389, 2196, 1398], [-1836, -1911, -415], [1, 1, -1], [1, 1, -1], [1582, -1860, 2904], [1692, -1992, -1640], [-1606, 1599, 1867], [1890, -1303, 1205], [857, -1007, -833], [2087, -436, 1846], [-1779, 1992, 1814], [1, 1, -1], [-1976, -1949, -141], [-1827, 1277, -1101], [-346, 442, -2794], [-785, 1346, -2132], [-1978, -1905, -205], [-2500, 926, -2290], [627, -1150, 3380], [1247, -2205, 2709], [1157, -707, 2499], [1, 1, -1], [1, 1, -1], [1696, -1177, 3207], [-823, 1385, 423], [809, -1163, 1971], [1, 1, -1], [-1658, 1765, 1913], [-1748, -1869, -517], [-849, 1271, -1511], [-867, 1280, -2146], [-1980, -1967, -135], [-2391, 719, -1987], [-1831, -1726, -456], [646, -336, -1236], [796, -914, 2702], [-664, -270, 1002], [-1740, 1969, 1641], [-1887, -1981, -207], [377, -783, 175], [-602, 864, -452], [1, 1, -1], [-1946, -2006, -154], [1, 1, -1], [2217, -1815, 1831], [1, 1, -1], [857, -1007, -833], [513, 892, -2878], [-1911, -1964, -294], [-504, 706, -2054], [-1282, 1624, -1212], [-1369, 1826, 1884], [1812, -1662, 1266], [1, 1, -1], [903, -367, 2963], [850, -1024, -684], [1, 1, -1], [1, 1, -1], [1698, -2067, -1639], [-468, 1782, -170], [1422, -373, 2319], [1, 1, -1], [1311, -30, 1340], [1, 1, -1], [-1190, 2292, -1384], [1890, -1303, 1205], [-231, 981, -973], [1615, -1870, -1476], [-1967, -1886, -200], [-1935, -2009, -123], [-1980, -1967, -135], [1692, -1992, -1640], [1, 1, -1], [-1967, -1886, -200], [-894, 1383, -1261], [-1692, 1992, 1640], [-1717, -1915, -465], [2094, -730, 434], [-776, -373, -3061], [1136, -2044, 1708], [2185, -799, 783], [-1282, 1624, -1212], [1, 1, -1], [-1717, -1915, -465], [-1105, 2590, -1672], [145, -840, 2782], [1764, -2037, -1709], [262, -641, 2003], [887, -1029, 1917], [-208, 988, -1196], [1309, -2280, -1002], [-2102, 1468, -2944], [-1, -1, 1], [1277, -3166, 1648], [1701, -1816, -1706], [1, 1, -1], [-1891, -2001, -155], [-1846, -1979, -271], [1, 1, -1], [-285, 530, -1564], [-1095, 535, -299], [646, -336, -1236]]

exec_time (ms): 452066.1220550537 ms
exec_time: 7m 32s 66.12205505371094ms