N: 55
n: 6
number_of_primes (d): 3
exp_register_width (qd): 5
primes: [2, 3, 7]

R: 11287
T: 3
t: 16
delta: 0.00010850933564202967
delta_inv: 9216Percent of combinations (with positive values of result vector) that gives % N = 1: 52.0%
Percent of combinations (with positive values of result vector) that give p and q: 27.6%
Vectors that gives p and q: [[-1950, -1891, -241], [1049, -1333, -290], [-3417, 2287, 1188], [-1759, -1656, -519], [696, -2586, 2956], [-1858, -1963, -269], [471, -838, 1049], [2107, -663, 3386], [-988, 3957, 1721], [-1792, -1930, -344], [-403, 1137, -1664], [-1767, 388, 269], [-731, 1272, -2155], [736, 429, -2439], [469, -1547, 116], [-1858, 519, -87], [1098, -68, -2872], [-1655, 2397, -548], [-3621, 1771, 1884], [-1966, -1938, -130], [767, -1835, 4654], [4789, -725, -582], [-2591, 2349, 112], [-2031, -2034, 59], [-3194, 518, -1490], [496, -972, -90], [-610, 1378, 1958], [939, -318, -1155], [51, -827, 2950], [-3303, 2292, 961], [317, -1150, 19], [-2375, -2548, 1137], [-2232, -2185, 211], [-1753, -1933, -344], [-1830, 172, 772], [123, -843, 578], [-1344, -1505, -1033], [3561, -2051, -1304], [-285, 1351, -2844], [-1730, -1715, -485], [1869, -2454, 899], [1200, -2621, 1599], [-2106, -1868, -200], [-1695, -1664, -679], [-2816, -1619, 869], [-645, 293, -2302], [418, -2062, 1034], [13, -1826, 855], [866, 295, -1583], [3417, -1972, -1703], [-1512, 3830, 1856], [-1837, -1819, -298], [-267, -1031, 2900], [1351, -1573, 1884], [758, -4429, -323], [2780, -1649, -1409], [1046, -751, -1169], [793, -552, -2811], [-251, 673, -1124], [1914, -376, -2428], [-1830, -1931, -281], [-958, 1986, 990], [-1880, -1901, -241], [-121, 1440, -5397], [-350, 1455, -4655], [-389, 918, -2615], [-1868, -1940, -326], [-103, 805, -2676], [98, 453, -1441], [-878, 874, -1262], [2798, -1027, 1039], [-58, -1118, 2926], [3, 1116, -4993], [-1703, -1844, -335], [-1904, -1919, -247], [737, -404, 4445], [951, 648, -1885], [116, -2667, 1265], [3165, -1750, -1065], [-431, -891, 1752], [-3458, 2281, 1255], [1396, 571, 1403], [-1972, 2301, -803], [865, -2045, -850], [3047, -2289, -1000], [366, -570, 2662], [1026, -286, -1634], [-635, 2492, -2443], [525, -930, 2435], [-1870, -1962, -282], [-1560, -2075, -395], [1134, 131, 1929], [-1947, -1778, -217], [-1838, -1813, -339], [926, -1742, -1390], [-1711, -1715, -472], [-1382, -2253, -407], [-1028, 1177, -1279], [-1601, -1577, -744], [-2332, 753, 169], [-1112, 1297, 1473], [-753, 966, -1355], [660, -1770, -680], [942, 1397, 1251], [171, -120, 3367], [1267, -1003, -1014], [-641, 2119, 92], [1678, -1045, -1959], [-1580, -1532, -842], [-559, 2292, 709], [-1124, -4097, -825], [-1486, -1143, -925], [-2188, -1423, 61], [-1967, -2003, -12], [-1532, -1478, -872], [1073, 168, -2371], [3530, -2022, -1422], [-2008, -1650, -56], [-1254, 119, 301], [-1743, -1449, -770], [1196, -2513, 259], [-508, 1007, -1509], [1153, -2126, -2805], [-84, 977, -2451], [704, -1452, -1074], [-247, 1305, -4604], [-149, 1278, -2575], [-162, 327, -2567], [-31, 209, -3308], [-1132, 1359, -645], [775, -882, -4247], [-356, -1233, 1155], [-2816, -2275, 953], [176, 655, -3273], [1152, -420, -226], [2572, -2427, -83], [3218, -1483, -1037], [-1282, 508, -1396], [-1497, 451, -988], [-1750, -1824, -384], [-3001, 1245, 1578], [711, -2067, -730], [162, 757, -2089], [569, -672, -639], [2679, -1353, 2540], [-91, 863, -2754], [-3686, 2216, 1444], [1873, -1207, 3664], [-302, 463, -1371], [-1273, -329, 1340], [-511, 831, -606], [3426, -1936, -1764], [1319, -1015, 1918], [-801, 1563, -424], [-2137, 299, 20], [-1860, 2561, -1159], [-2194, 2460, -468], [1528, 336, -2318], [-15, 121, -1104], [-1083, 826, 1555], [-2073, -1894, -115], [-1211, 1606, 1299], [-35, 1115, -5130], [1460, 486, 3456], [888, -30, -1884], [-1871, -1989, -246], [260, 634, -1516], [271, -1645, 1412], [-8, 970, -2756], [370, -3113, -2083], [885, -1186, 4579], [820, -610, 1740], [1926, -1599, 643], [2259, -2154, -851], [-1150, 1306, -1974], [-1169, 809, -1894], [-1931, -1969, -146], [-595, 1496, -719], [2603, -2100, -729], [-576, -777, 1811], [-2124, 1296, 218], [-898, 1494, 898], [2117, -1176, -2247], [-1593, -1779, -390], [725, -2378, -753], [1164, -1264, -1806], [529, -2097, 1266], [-1873, -1968, -249], [-1720, -1842, -372], [240, 1160, -2170], [445, -1351, 2564], [405, -532, 2573], [679, -122, -3759], [-1753, -1895, -406], [450, 1130, -2270], [767, -2526, -207], [632, -673, -689], [602, -1770, -1226], [-1775, -1711, -416], [977, -2178, -1249], [3385, -1589, -1534], [3217, 12, -719], [-337, -932, 759], [622, 596, -2220], [-2403, 643, 3142], [988, -367, 2209], [-373, 1088, 3607], [-706, -895, -1877], [-199, 845, -1888], [-1163, 794, 2083], [-941, -1908, -1725], [-469, 263, -100], [-126, 1489, -5413], [3194, -2018, -1290], [-2028, 325, 189], [-1837, 295, 416], [-3172, 2254, 980], [1486, 259, -1939], [1963, -946, 225], [-1177, 3273, -466], [188, 718, -2676], [-1791, -1753, -390], [330, 250, -1090], [669, -1657, 1686], [-870, 396, -664], [-3480, 2101, 1341], [756, -1273, -3621], [3361, -1621, -1214], [985, -3721, -1526], [884, -542, -1164], [-3023, 2366, 855], [2744, -2058, -460], [2603, -1384, 2467], [520, -425, 435], [-1435, 3865, 1380], [3413, -1907, -1556], [-1926, -1805, -287], [225, -1139, 1096], [-1958, -1804, -200], [-585, 42, 2817], [1090, -2137, -887], [-38, 647, -2699], [431, -770, 2757], [-1537, -1671, -670], [-16, -2026, 3092], [-1549, -2022, -595], [-1983, -770, 2419], [-337, -444, 2927], [-749, 1286, -2047], [1272, -895, -1291], [-15, -734, 1891], [659, -795, 338], [-1869, -1899, -282], [-447, 1647, -5262], [-953, -277, 1512], [-1046, 1227, 1305], [-2861, 828, -1949], [1392, -360, 2014], [-1922, -2245, -79], [-1132, 918, -1536], [1019, -2169, 1724], [-1755, -1777, -482], [-3054, 1785, 967], [734, 1187, -2095], [1012, -1591, -3487], [-1994, -1201, -499], [-2434, 647, 29], [282, 838, -2638], [-923, 1892, -3159], [-563, 1633, -4408], [-1906, 2192, -780], [2617, -1590, -761], [-1250, 159, 209], [511, -1708, 919], [1293, -300, 4161], [1087, -1100, -1121]]

exec_time (ms): 510112.75815963745 ms
exec_time: 8m 30s 112.75815963745117ms