N: 57
n: 6
number_of_primes (d): 3
exp_register_width (qd): 5
primes: [2, 5, 7]

R: 11287
T: 3
t: 16
delta: 0.00010850933564202967
delta_inv: 9216Percent of combinations (with positive values of result vector) that gives % N = 1: 55.7%
Percent of combinations (with positive values of result vector) that give p and q: 37.9%
Vectors that gives p and q: [[1, -1, 1], [-1819, 1831, -2091], [1, -1, 1], [844, -565, -416], [-3228, -1803, 1347], [1, -1, 1], [-2806, -479, 830], [1, -1, 1], [-409, -2075, -3598], [-1086, 1185, -2253], [-3452, 755, 896], [-1958, -637, -969], [-1583, -1045, 2545], [1, -1, 1], [1, -1, 1], [-2039, 1625, -1718], [-2884, -1931, 668], [-1565, 1379, -1975], [1, -1, 1], [-232, -113, -2267], [1, -1, 1], [1, -1, 1], [-1711, 1747, -1930], [1, -1, 1], [-954, -1647, 1173], [-1838, 1757, -1949], [1, -1, 1], [656, -3185, 317], [-1239, 1731, -2194], [-333, -1995, -3758], [1, -1, 1], [-1824, -1473, -646], [1, -1, 1], [2823, 1269, 539], [1, -1, 1], [1, -1, 1], [270, 1893, 3940], [-1826, 1679, -1788], [1493, -1139, -1308], [-324, -2241, -3621], [1, -1, 1], [1, -1, 1], [1, -1, 1], [-626, -1993, -911], [-1802, -1063, -951], [1, -1, 1], [-299, -2029, -3886], [-702, -327, 3071], [-845, -2977, -2695], [1082, -1019, 944], [1430, -437, -2118], [1, -1, 1], [-1558, -1727, -949], [-1287, 1551, -1337], [470, -2477, -3832], [-266, -2095, -3837], [-1044, -2781, -2676], [-1269, -1065, -1516], [1247, -227, -1176], [-155, -2935, 873], [-2472, -1035, 3121], [90, 417, 2230], [1332, -543, -2551], [-1934, 1769, -1773], [1, -1, 1], [-268, -1871, -3909], [-1796, 1727, -1762], [-3453, 729, 127], [-167, -1933, -4011], [3442, 1787, -1031], [-2166, 1641, -1549], [-1033, -2159, 867], [11, -179, -2331], [1247, -1085, -340], [-890, 623, -4159], [-3708, -1935, 1509], [-2975, -661, 91], [1, -1, 1], [-2808, -579, 533], [-1020, -1365, -1518], [-297, -201, 1691], [1, -1, 1], [1, -1, 1], [1, -1, 1], [3789, 735, -652], [-2805, -2115, 1597], [-374, -853, 1689], [1, -1, 1], [174, -2829, 555], [-3886, -1991, 1760], [1, -1, 1], [1, -1, 1], [-248, -2101, -3485], [1081, 2159, 3208], [-2257, -743, -860], [-2069, 1403, 616], [-2465, 323, 193], [3295, 89, 2068], [-1102, -2465, -3035], [2920, 2621, -1425], [1481, -1481, -658], [-3226, 409, 737], [-371, -2107, -438], [-48, 489, -1155], [1, -1, 1], [-1982, 1433, -1616], [-1569, -1179, 2360], [278, -1007, -37], [-3085, -2063, 1544], [733, -595, -607], [2001, -729, -1406], [-1198, -779, -1311], [1, -1, 1], [786, 1659, -1483], [3197, 2521, 747], [422, 295, -1196], [1685, -3497, -2075], [1, -1, 1], [1701, -489, -1669], [1, -1, 1], [1, -1, 1], [-1847, 1847, -1925], [1, -1, 1], [1, -1, 1], [1, -1, 1], [1, -1, 1], [-1890, 3483, 2190], [-45, -1983, -4000], [163, -2443, 411], [161, -3029, 537], [1591, -1345, -2332], [-818, -955, -1535], [1340, -1163, -662], [-1347, 393, 2460], [-3367, -1877, 1269], [-271, -1859, -3930], [-2075, 1637, -1732], [1, -1, 1], [1, -1, 1], [-1535, -1723, 1114], [-414, -1845, -3735], [-3148, -509, 403], [240, 225, -808], [1, -1, 1], [-490, -2075, -3532], [1, -1, 1], [-354, 2817, -487], [3623, 2071, -1691], [-1903, 1771, -1878], [2084, -1991, 2178], [-1584, 1713, -2072], [2545, 1379, -599], [-1957, -2531, -423], [-992, -2275, -2903], [1, -1, 1], [1, -1, 1], [-1945, 1765, -1825], [1, -1, 1], [-2403, -225, 1080], [-2098, 1633, -1551], [-1124, -1261, 1507], [-2579, -2185, 858], [-1943, 1511, -1835], [-267, -2127, -1329], [1, -1, 1], [1, -1, 1], [-24, -261, -2315], [-1949, -2551, -845], [1, -1, 1], [-514, -1943, -1108], [-274, -251, 1144], [-617, 653, 2500], [-818, -1801, -1352], [1, -1, 1], [1, -1, 1], [1724, -1463, 1601], [2337, 525, -2652], [-3669, -1989, 2020], [1189, 1733, -1725], [1, -1, 1], [1, -1, 1], [-1612, 1921, -2088], [338, -2705, -46], [567, 2331, 3030], [3028, 2483, 1154], [1, -1, 1], [1771, -1789, -722], [1, -1, 1], [1, -1, 1], [2114, -173, -38], [-831, 729, 413], [-1945, 1567, -1519], [-2213, 1163, -184], [-2306, 2957, 2420], [-1483, 1783, -2187], [1475, -3437, -2083], [-2938, -1685, 831], [-1435, 1537, 2460], [2153, 733, 847], [4674, 225, 1105], [1, -1, 1], [1, -1, 1], [-573, -2031, 1199], [-1603, 1609, -1766], [-1639, -779, -1389], [-2257, 1507, -1436], [656, 2287, 443], [1, -1, 1], [-3572, -2089, 1720], [1, -1, 1], [-4191, -1995, 1907], [1957, -1999, 1943], [676, 1703, 4082], [-3112, -2483, -786], [-882, -1353, 1397], [-749, -37, -1950], [104, 3055, -1375], [-321, -1851, -3772], [1, -1, 1], [-2438, -493, -1024], [1, -1, 1], [-180, -2049, -3938], [-352, -551, 1870], [1, -1, 1], [-483, -1707, -3907], [2209, -1159, 1413], [-1032, -1917, 1792], [1, -1, 1], [-2343, -1443, -11], [-2108, 1775, -1793], [-1679, 1541, -1980], [-3243, -2757, -866], [-1605, -843, 2184], [720, 495, -834], [-1294, 1105, -1942], [-1293, -1047, -1197], [717, -645, -216], [-125, -1063, -1943], [-2707, -2855, -679], [-1943, 3773, 2048], [-1917, 1893, -1928], [-1811, 1739, -1961], [1, -1, 1], [-1412, 377, 166], [1, -1, 1], [1, -1, 1], [1535, -3617, 625], [1, -1, 1], [1, -1, 1], [1, -1, 1], [3059, 805, -1014], [822, -3117, -1764], [-530, -1915, -3775], [-1576, 1315, -1822], [-1293, -2325, 1323], [-2691, 165, -497], [-650, -913, 1112], [-1906, 1795, -1862], [-933, -1959, 1526], [-1986, 1827, -1835], [1, -1, 1], [1, -1, 1], [1, -1, 1], [-3587, 1313, 932], [-3425, -2029, 1699], [-920, -775, 900], [-2177, 1547, -1577], [1464, 2535, 2302], [1, -1, 1], [1, -1, 1], [-564, 459, 2773], [-301, 805, -1648], [-996, -465, 197], [-2026, 1807, -1814], [990, 2055, 3094], [-127, -1931, -4077], [380, -3377, 293], [1, -1, 1], [2634, 705, 135], [1, -1, 1], [-1842, 2055, -2125], [1289, -593, -486], [527, -2735, -3164], [3572, 2329, -1724], [-913, 349, -3804], [-1098, -33, 598], [2691, 1965, -1193], [244, 665, -905], [1017, 429, -1417], [1994, 457, -3189], [1, -1, 1], [1591, -3439, -2175], [-755, 113, 2412], [1, -1, 1], [1, -1, 1], [1068, -2265, -264], [1430, -1571, 1914], [-270, -1881, -3978], [-451, -4373, 983], [-3273, -1533, 1221], [864, -855, 1143], [1, -1, 1], [1795, -1747, 1916], [-2191, 865, -284], [1818, -57, -2800], [1, -1, 1], [-1139, 1307, 1209], [1, -1, 1], [1, -1, 1], [1, -1, 1], [-1435, -1175, -1438], [1, -1, 1], [-1554, -309, 549], [-2281, 529, 369], [1, -1, 1], [-1062, -645, -2066], [-3089, -2245, 1745], [1, -1, 1], [1, -1, 1], [465, -987, -27], [-369, -1833, -3905], [-1946, 1925, -1989], [-1770, -1143, -1298], [-2036, 1187, -1848], [1, -1, 1], [-833, 857, -972], [-399, -51, 1449], [-1420, -785, -1909], [1052, -3005, 230], [-1514, 1499, -1912], [1, -1, 1], [420, -207, -754], [1328, -1391, -2071], [1, -1, 1], [-926, -1087, -1456], [-879, -2259, -938], [-1035, 1425, 1933], [-760, -2309, 800], [-1782, 1593, -1677], [3655, 1559, -1411], [204, -879, 2712], [-3917, -2149, 1921], [1676, -1679, 2020], [-3243, -1995, 1212], [-2635, -743, 676], [1, -1, 1], [1, -1, 1], [1, -1, 1], [-809, -1651, 1584], [1, -1, 1], [1, -1, 1], [-1400, 3131, 1946], [1, -1, 1], [-947, -1621, -3462], [-632, 779, 359], [2821, -523, 3017], [-1864, 1675, -1816], [1, -1, 1], [1, -1, 1], [-3572, -1459, 1471], [-608, 2189, 3630], [-166, -2141, -3932], [1, -1, 1], [-2147, 1289, -1500], [383, 1963, 3634], [-480, -2055, -3455], [-1970, -1249, -976], [900, 1425, 3454], [-458, -2557, 874], [593, 1813, 3735], [-3431, -1855, 1149], [-1, 1, -1], [-1941, 1695, -1819], [3792, 1563, -1560], [1, -1, 1], [843, 633, -1152], [1, -1, 1], [-1313, -3037, 2565], [1850, -1067, -1396]]

exec_time (ms): 514784.4271659851 ms
exec_time: 8m 34s 784.4271659851074ms