N: 69
n: 7
number_of_primes (d): 2
exp_register_width (qd): 6
primes: [2, 5]

R: 7315
T: 6
t: 15
delta: 0.0001367053998632946
delta_inv: 7315Percent of combinations (with positive values of result vector) that gives % N = 1: 51.5%
Percent of combinations (with positive values of result vector) that give p and q: 36.7%
Vectors that gives p and q: [[-1, 2], [-1, 2], [-1, 2], [-1, 2], [-1, 2], [-1, 2], [83, -1739], [-1, 2], [219, 1014], [723, 1095], [-1, 2], [3647, 923], [-1, 2], [31, 620], [-1, 2], [-1473, -2103], [17, 1297], [201, -908], [-103, 2241], [-371, -853], [-1, 2], [-1609, -192], [1, -2], [-1, 2], [-979, -517], [1, -2], [-1, 2], [-1, 2], [443, 1534], [-1, 2], [719, -943], [-1, 2], [-1, 2], [-1009, 489], [-269, 439], [-479, -802], [-1, 2], [-1443, -2185], [-49, -529], [-1, 2], [-1, 2], [-1, 2], [-911, -114], [485, -1300], [-413, -835], [-1, 2], [-1793, -528], [595, 856], [-1085, -30], [-1, 2], [-917, -58], [-981, 466], [-1, 2], [-1089, -627], [-693, -165], [-1005, 492], [-325, 837], [-1547, -1999], [397, -2895], [-159, 1913], [957, 1474], [-1, 2], [-1, 2], [1125, 2238], [-1169, -775], [-999, 491], [-61, 1343], [-2017, 1009], [-1, 2], [-1, 2], [-1, 2], [-1047, 521], [-1, 2], [1, -2], [-1, 2], [1933, -819], [-1, 2], [-1, 2], [-1, 2], [511, -747], [433, 1004], [-1615, -1720], [-831, 166], [-1, 2], [-1, 2], [-655, -175], [-1, 2], [-1513, -2067], [29, -619], [-865, 355], [-1, 2], [-1519, -2033], [-1, 2], [-1, 2], [-797, -661], [411, 2005], [-389, -102], [1, -2], [-1, 2], [111, -739], [1513, 2100], [767, -973], [-1013, 497], [-997, 487], [155, -2752], [-1003, 466], [-1, 2], [1, -2], [-1, 2], [-1, 2], [-137, -760], [-735, -1434], [-1013, 497], [-1, 2], [-1, 2], [-1, 2], [-1003, 477], [401, -2804], [-1, 2], [69, -897], [1333, -114], [-1, 2], [-1, 2], [-737, 1496], [-1, 2], [-1, 2], [-383, -818], [-1, 2], [-29, 421], [1575, 2031], [195, 831], [-1, 2], [-1003, 488], [-613, -292], [-1, 2], [-505, -2664], [-895, -1862], [-619, 545], [429, -3025], [-1, 2], [-1, 2], [-1, 2], [-2501, -1620], [-1, 2], [-503, 247], [-1, 2], [-1, 2], [-849, 477], [-1, 2], [-1, 2], [-1031, 500], [-2517, -1588], [-1, 2], [201, -754], [-1, 2], [-1005, 470], [657, 2162], [-1, 2], [-1, 2], [-1, 2], [-1, 2], [971, -1018], [423, 1024], [-1843, -1099], [1541, 2033], [-917, 404], [927, 1941], [-205, -987], [-1505, 216], [909, 756], [-939, 547], [-1999, 962], [-1, 2], [-1, 2], [1539, 2070], [-1537, -2041], [-1, 2], [1, -2], [-865, -613], [-523, -2562], [-895, 349], [-1, 2], [757, 224], [1, -2], [487, -1425], [-589, -483], [-1, 2], [1403, 2122], [1, -2], [-1, 2], [-1061, -188], [-1, 2], [-537, -2523], [2467, 401], [441, -1300], [441, 1989], [-2029, 1022], [-365, -392], [-1547, -2054], [-947, 420], [-823, -884], [-1, 2], [1, -2], [-891, -781], [-1537, -2052], [-1, 2], [-383, -1632], [-587, -113], [-2697, -799], [61, 1440], [-1, 2], [-1, 2], [-1, 2], [-917, -1224], [-389, -850], [-1, 2], [-1, 2], [-1, 2], [-1, 2], [321, -994], [-1041, 520], [-1909, 815], [-1, 2], [-1, 2], [-1, 2], [-1, 2], [-1, 2], [1, -2], [-1, 2], [-435, 2993], [-1, 2], [-1, 2], [-1, 2], [-1, 2], [-487, -1490], [1, -2], [-1, 2], [1397, 33], [-1, 2], [-1, 2], [-1511, -2071], [-243, -2440], [699, 2067], [-1025, 499], [105, -628], [-1, 2], [-1, 2], [511, 672], [-1, 2], [-985, 463], [1, -2], [-175, 735], [-1, 2], [-1, 2], [-1, 2], [-1, 2], [1, -2], [-1, 2], [-91, -2161], [-1, 2], [1, -2], [-2157, -1208], [-1015, 512], [-1695, -1351], [205, -883], [-1529, -2057], [-347, -780], [-1, 2], [-1, 2], [-1, 2], [-1517, -2048], [-1, 2], [213, 300], [45, -1047], [1, -2], [-989, 438], [-1, 2], [-1, 2], [-631, -1004], [145, -719], [-1, 2], [357, 1563], [-1553, -2020], [673, 1536], [-1475, -2077], [317, -524], [-1, 2], [-1, 2], [2443, 1626], [1547, 2021], [-1, 2], [-1, 2], [-563, 81], [-1, 2], [-1021, 513], [141, -524], [575, 1446], [1451, 2081], [-1, 2], [503, -3085], [-501, 243], [-999, 491], [-1, 2], [177, -596], [-1, 2], [-1419, -946], [1, -2], [243, -959], [-991, -834], [-1, 2], [-1, 2], [1, -2], [737, 759], [-1517, 427], [-1, 2], [-1, 2], [409, -818], [-2469, -1552], [2039, -206], [-1, 2], [1, -2], [-1, 2], [-1031, 665], [-1, 2], [-997, 487], [421, 2447], [-1, 2], [-285, -2400], [-333, 699], [-1, 2], [-1, 2], [197, -933], [-1057, -1142], [1, -2], [-1, 2], [-1, 2], [-1005, 492], [-1203, 1702], [1469, 2111], [-201, 897], [-1, 2], [-1, 2], [1509, 2064], [-1487, -2108], [-1, 2], [-697, -267], [-781, -341], [-1, 2], [189, 1206], [-1, 2], [-701, -215], [-1555, -2038], [-1537, -2052], [-1, 2], [-1595, -2035], [-1525, -2054], [-1, 2], [-579, -2516], [-989, 460], [-1, 2], [-1, 2], [-121, 759], [-1, 2], [-733, -1262], [-1, 2], [325, -804], [-1, 2]]

exec_time (ms): 244991.58811569214 ms
exec_time: 4m 4s 991.5881156921387ms