N: 91
n: 7
number_of_primes (d): 2
exp_register_width (qd): 6
primes: [2, 3]

R: 7315
T: 6
t: 15
delta: 0.0001367053998632946
delta_inv: 7315Percent of combinations (with positive values of result vector) that gives % N = 1: 30.4%
Percent of combinations (with positive values of result vector) that give p and q: 17.4%
Vectors that gives p and q: [[426, 1236], [-1020, -603], [-258, 414], [-18, 846], [-1548, -51], [-1524, 27], [-618, -330], [774, -816], [-720, -117], [-750, -138], [-1494, 42], [-1524, -3], [0, -1113], [72, -1839], [-228, -279], [-852, -591], [-762, 0], [12, 3063], [1068, 1983], [-1518, -12], [-1488, -51], [1692, 819], [-774, 1890], [720, -2277], [1512, 15], [-1002, -582], [-864, 153], [-1518, -6], [-1158, -24], [-180, -303], [-1536, -3], [246, -1302], [-696, -2499], [-336, -3051], [-762, 0], [1524, 3], [702, -2262], [762, 0], [-360, -681], [816, 1539], [216, 2061], [72, -657], [-42, -3048], [-612, 1779], [-366, -1404], [168, 1473], [-102, -1416], [-1554, -6], [-1620, 69], [312, -1155], [720, -687], [-1512, -9], [-1644, 33], [450, -2478], [-1542, -6], [12, 3027], [120, -819], [-1518, -6], [798, 198], [-216, -735], [-84, -711], [0, 3051], [-510, -804], [-648, 303], [624, -891], [-1524, -15], [84, 825], [774, 0], [264, 1377], [0, 1731], [510, 984], [-426, -792], [-1860, -801], [0, -705], [108, 2931], [6, -3072], [-1350, 636], [426, -414], [792, -771], [-612, 621], [-336, -567], [-60, -3045], [-750, 54], [-468, 1995], [-6, -1518], [156, -2421], [-162, -2292], [-252, -363], [-1446, -810], [-1638, 54], [-762, 0], [-816, 1293], [-1560, 63], [6, -3084], [-672, 891], [1500, 3], [-144, -1371], [756, 1509], [1416, 21], [-1530, 0], [-1428, -39], [-348, 1365], [420, -1071], [1500, -765], [714, 858], [-762, 0], [1044, -1149], [270, 732], [636, -1287], [888, 801], [-1518, -6], [-1530, -6], [-762, 0], [168, 1875], [-1470, -2196], [6, 726], [-1518, 0], [1506, -858], [48, 3165], [-1518, -6], [-330, 96], [1572, -2103], [-366, -1464], [-300, 1899], [-1482, -12], [1530, 18], [606, -696], [126, 1824], [90, -1218], [-1152, 579], [-1374, -738], [-2124, -93], [540, -681], [-408, 963], [-762, 0], [738, 186], [636, 777], [-42, -3048], [-6, -3030], [186, 1128], [-1536, -9], [36, -711], [396, -1227], [-150, -1500], [318, -318], [444, -759], [762, 0], [-1506, -18], [-666, -696], [-762, 0], [-630, -186], [-138, 1326], [-588, 585], [36, -3111], [1260, 117], [-288, 1377], [552, 1437], [-372, 519], [174, 642], [762, 0], [-756, -3], [60, -783], [618, 42], [618, -1476], [-408, 831], [126, 1146], [-6, 780], [-984, -321], [-1536, -15], [-1512, -3], [924, -1089], [66, 1278], [-1494, -24], [-1548, 9]]

exec_time (ms): 243483.9928150177 ms
exec_time: 4m 3s 483.9928150177002ms