N: 95
n: 7
number_of_primes (d): 2
exp_register_width (qd): 6
primes: [2, 3]

R: 7315
T: 6
t: 15
delta: 0.0001367053998632946
delta_inv: 7315Percent of combinations (with positive values of result vector) that gives % N = 1: 28.3%
Percent of combinations (with positive values of result vector) that give p and q: 15.7%
Vectors that gives p and q: [[702, -936], [-1552, -206], [-917, 425], [835, -1075], [-1077, -1335], [2066, 1036], [1317, -525], [-2036, -1246], [-578, 752], [-2052, -1026], [-122, -640], [119, -1175], [-418, -404], [-571, -377], [257, -1025], [312, -582], [-531, -2493], [-2063, -1021], [-283, -701], [-2048, -1018], [-1671, 879], [-687, 831], [395, 925], [-764, 218], [-1493, 1397], [-1230, 996], [-1393, 337], [-1544, 1538], [844, -1354], [-651, 39], [-83, 779], [-494, 308], [1471, -1495], [1530, -1512], [1886, -800], [-377, 389], [-713, 257], [-2058, -1020], [1455, -1455], [-2195, -961], [173, -1301], [-598, 1180], [-668, -1282], [1571, -395], [-1324, 970], [649, -1033], [-739, 187], [2034, 1044], [-658, 160], [-698, 728], [-1410, -1200], [764, -758], [659, 805], [2040, 1038], [551, 2497], [-1505, 1517], [1225, -421], [-901, 493], [-541, -2495], [-1390, 532], [-709, -1427], [2065, 1043], [1544, -1538], [-1521, 1521], [121, -757], [1172, 1318], [-1540, 1546], [-1505, 1481], [-638, 236], [-116, 1298], [1415, -1463], [-2037, -1023], [134, -236], [1482, -1464], [844, -886], [-696, 282], [-6, -1164], [487, -115], [-1522, 1528], [-955, 1987], [1204, -2038], [1580, -1538], [-1137, -339], [2313, -297], [-928, -542], [538, 392], [1358, 1276], [1535, -1547], [-1998, -1152], [343, -655], [-1445, 377], [546, 2532], [-613, -371], [2083, 1025], [1494, -1512], [1432, 722], [868, 1538], [887, 577], [-1552, -1106], [2700, -198], [-754, 184], [-776, -598], [278, -848], [679, 665], [480, 1410], [906, 264], [-1357, 373], [1406, -1400], [1624, -1594], [-571, -1097], [-1727, -133], [393, -285], [-1401, -1191], [-715, 199], [-362, -940], [769, -397], [-82, -596], [2065, 1007], [526, -1288], [1263, -795], [-1238, -1972], [-474, -948], [-1380, -438], [-263, 2579], [-1525, 1585], [-724, 190], [1350, 1548], [2053, 1019], [-1989, -1071], [-423, -909], [1621, 695], [1518, -1500], [1524, -1506], [-864, -846], [804, -210], [-2069, -1015], [589, 2519], [-622, 52], [-410, -352], [486, -1044], [1358, -1424], [-169, 229], [-1272, 822], [-2058, -1020], [-376, -1202], [-2056, -1034], [782, -272], [1503, -1431], [1510, -1516], [104, -1430], [-1607, -1765], [652, 494], [-273, -1275], [-163, 1951], [-1800, 1674], [382, -532], [691, -751]]

exec_time (ms): 278146.15511894226 ms
exec_time: 4m 38s 146.15511894226074ms