N: 21
n: 5
number_of_primes (d): 3
exp_register_width (qd): 4
primes: [2, 5, 11]

R: 6815
T: 2
t: 15
delta: 0.00017971311392393088
delta_inv: 5565Percent of combinations (with positive values of result vector) that gives % N = 1: 57.2%
Percent of combinations (with positive values of result vector) that give p and q: 44.3%
Vectors that gives p and q: [[-1, 1, 0], [1, -1, 0], [-1, 1, 0], [-1, 1, 0], [-1, 1, 0], [-1, 1, 0], [-1, 1, 0], [-1, 1, 0], [-1, 1, 0], [-1, 1, 0], [-1, 1, 0], [-1, 1, 0], [-1, 1, 0], [-1, 1, 0], [-1, 1, 0], [-1, 1, 0], [-1, 1, 0], [-1, 1, 0], [-1, 1, 0], [-1, 1, 0], [-1, 1, 0], [-1, 1, 0], [-1, 1, 0], [-1, 1, 0], [-1, 1, 0], [-1, 1, 0], [-1, 1, 0], [-1, 1, 0], [-1, 1, 0], [-1, 1, 0], [-1, 1, 0], [-1, 1, 0], [-1, 1, 0], [-1, 1, 0], [-1, 1, 0], [-1, 1, 0], [-1, 1, 0], [-1, 1, 0], [-1, 1, 0], [-1, 1, 0], [-1, 1, 0], [-1, 1, 0], [-1, 1, 0], [-1, 1, 0], [-1, 1, 0], [-1, 1, 0], [-1, 1, 0], [-1, 1, 0], [-1, 1, 0], [-1, 1, 0], [-1, 1, 0], [-1, 1, 0], [-1, 1, 0], [-1, 1, 0], [-1, 1, 0], [-1, 1, 0], [-1, 1, 0], [-1, 1, 0], [-1, 1, 0], [-1, 1, 0], [-1, 1, 0], [-1, 1, 0], [-1, 1, 0], [-1, 1, 0], [-1, 1, 0], [-1, 1, 0], [-1, 1, 0], [-1, 1, 0], [-1, 1, 0], [-1, 1, 0], [-1, 1, 0], [-1, 1, 0], [-1, 1, 0], [-1, 1, 0], [-1, 1, 0], [-1, 1, 0], [-1, 1, 0], [-1, 1, 0], [-1, 1, 0], [-1, 1, 0], [-1, 1, 0], [-1, 1, 0], [-1, 1, 0], [-1, 1, 0], [-1, 1, 0], [-1, 1, 0], [-1, 1, 0], [-1, 1, 0], [-1, 1, 0], [-1, 1, 0], [-1, 1, 0], [-1, 1, 0], [-1, 1, 0], [-1, 1, 0], [-1, 1, 0], [-1, 1, 0], [-1, 1, 0], [-1, 1, 0], [-1, 1, 0], [-1, 1, 0], [-1, 1, 0], [-1, 1, 0], [-1, 1, 0], [-1, 1, 0], [-1, 1, 0], [-1, 1, 0], [-1, 1, 0], [-1, 1, 0], [-1, 1, 0], [-1, 1, 0], [-1, 1, 0], [-1, 1, 0], [-1, 1, 0], [-1, 1, 0], [-1, 1, 0], [-1, 1, 0], [-1, 1, 0], [-1, 1, 0], [-1, 1, 0], [-1, 1, 0], [-1, 1, 0], [-1, 1, 0], [-1, 1, 0], [-1, 1, 0], [-1, 1, 0], [-1, 1, 0], [-1, 1, 0], [-1, 1, 0], [-1, 1, 0], [-1, 1, 0], [-1, 1, 0], [-1, 1, 0], [-1, 1, 0], [-1, 1, 0], [-1, 1, 0], [-1, 1, 0], [-1, 1, 0], [-1, 1, 0], [-1, 1, 0], [-1, 1, 0], [-1, 1, 0], [-1, 1, 0], [-1, 1, 0], [-1, 1, 0], [-1, 1, 0], [-1, 1, 0], [-1, 1, 0], [-1, 1, 0], [-1, 1, 0], [-1, 1, 0], [-1, 1, 0], [-1, 1, 0], [-1, 1, 0], [-1, 1, 0], [-1, 1, 0], [-1, 1, 0], [-1, 1, 0], [-1, 1, 0], [-1, 1, 0], [-1, 1, 0], [0, -1, -1], [-1, 1, 0], [-1, 1, 0], [-1, 1, 0], [-1, 1, 0], [-1, 1, 0], [-1, 1, 0], [-1, 1, 0], [-1, 1, 0], [-1, 1, 0], [1, -1, 0], [-1, 1, 0], [-1, 1, 0], [-1, 1, 0], [-1, 1, 0], [-1, 1, 0], [-1, 1, 0], [-1, 1, 0], [-1, 1, 0], [-1, 1, 0], [-1, 1, 0], [1, -1, 0], [-1, 1, 0], [-1, 1, 0], [-1, 1, 0], [-1, 1, 0], [-1, 1, 0], [-1, 1, 0], [-1, 1, 0], [-1, 1, 0], [-1, 1, 0], [-1, 1, 0], [-1, 1, 0], [-1, 1, 0], [-1, 1, 0], [-1, 1, 0], [-1, 1, 0], [-1, 1, 0], [-1, 1, 0], [-1, 1, 0], [-1, 1, 0], [-1, 1, 0], [-1, 1, 0], [-1, 1, 0], [-1, 1, 0], [-1, 1, 0], [-1, 1, 0], [-1, 1, 0], [-1, 1, 0], [-1, 1, 0], [-1, 1, 0], [-1, 1, 0], [-1, 1, 0], [-1, 1, 0], [-1, 1, 0], [-1, 1, 0], [-1, 1, 0], [-1, 1, 0], [-1, 1, 0], [-1, 1, 0], [-1, 1, 0], [-1, 1, 0], [-1, 1, 0], [-1, 1, 0], [-1, 1, 0], [-1, 1, 0], [-1, 1, 0], [-1, 1, 0], [-1, 1, 0], [-1, 1, 0], [-1, 1, 0], [-1, 1, 0], [-1, 1, 0], [-1, 1, 0], [-1, 1, 0], [-1, 1, 0], [-1, 1, 0], [-1, 1, 0], [-1, 1, 0], [-1, 1, 0], [-1, 1, 0], [-1, 1, 0], [-1, 1, 0], [-1, 1, 0], [-1, 1, 0], [-1, 1, 0], [-1, 1, 0], [-1, 1, 0], [-1, 1, 0], [-1, 1, 0], [-1, 1, 0], [-1, 1, 0], [-1, 1, 0], [-1, 1, 0], [-1, 1, 0], [-1, 1, 0], [-1, 1, 0], [-1, 1, 0], [-1, 1, 0], [-1, 1, 0], [-1, 1, 0], [-1, 1, 0], [-1, 1, 0], [-1, 1, 0], [-1, 1, 0], [-1, 1, 0], [-1, 1, 0], [1, -1, 0], [-1, 1, 0], [-1, 1, 0], [-1, 1, 0], [-1, 1, 0], [-1, 1, 0], [-1, 1, 0], [-1, 1, 0], [-1, 1, 0], [-1, 1, 0], [-1, 1, 0], [-1, 1, 0], [-1, 1, 0], [-1, 1, 0], [-1, 1, 0], [-1, 1, 0], [-1, 1, 0], [-1, 1, 0], [-1, 1, 0], [-1, 1, 0], [-1, 1, 0], [-1, 1, 0], [-1, 1, 0], [-1, 1, 0], [-1, 1, 0], [-1, 1, 0], [-1, 1, 0], [-1, 1, 0], [-1, 1, 0], [-1, 1, 0], [-1, 1, 0], [-1, 1, 0], [-1, 1, 0], [-1, 1, 0], [-1, 1, 0], [-1, 1, 0], [-1, 1, 0], [-1, 1, 0], [-1, 1, 0], [-1, 1, 0], [-1, 1, 0], [1, -1, 0], [-1, 1, 0], [-1, 1, 0], [-1, 1, 0], [-1, 1, 0], [-1, 1, 0], [-1, 1, 0], [-1, 1, 0], [-1, 1, 0], [-1, 1, 0], [-1, 1, 0], [-1, 1, 0], [-1, 1, 0], [-1, 1, 0], [-1, 1, 0], [-1, 1, 0], [-1, 1, 0], [-1, 1, 0], [-1, 1, 0], [-1, 1, 0], [-1, 1, 0], [-1, 1, 0], [-1, 1, 0], [-1, 1, 0], [-1, 1, 0], [-1, 1, 0], [-1, 1, 0], [-1, 1, 0], [-1, 1, 0], [1, -1, 0], [-1, 1, 0], [-1, 1, 0], [-1, 1, 0], [-1, 1, 0], [-1, 1, 0], [-1, 1, 0], [-1, 1, 0], [-1, 1, 0], [-1, 1, 0], [-1, 1, 0], [-1, 1, 0], [-1, 1, 0], [-1, 1, 0], [-1, 1, 0], [-1, 1, 0], [-1, 1, 0], [-1, 1, 0], [-1, 1, 0], [-1, 1, 0], [-1, 1, 0], [-1, 1, 0], [-1, 1, 0], [-1, 1, 0], [-1, 1, 0], [-1, 1, 0], [-1, 1, 0], [-1, 1, 0], [-1, 1, 0], [-1, 1, 0], [-1, 1, 0], [-1, 1, 0], [-1, 1, 0], [-1, 1, 0], [-1, 1, 0], [-1, 1, 0], [-1, 1, 0], [-1, 1, 0], [-1, 1, 0], [-1, 1, 0], [-1, 1, 0], [-1, 1, 0], [-1, 1, 0], [-1, 1, 0], [-1, 1, 0], [-1, 1, 0], [-1, 1, 0], [-1, 1, 0], [-1, 1, 0], [-1, 1, 0], [-1, 1, 0], [-1, 1, 0], [-1, 1, 0], [-1, 1, 0], [-1, 1, 0], [-1, 1, 0], [-1, 1, 0], [-1, 1, 0], [-1, 1, 0], [-1, 1, 0], [-1, 1, 0], [-1, 1, 0], [-1, 1, 0], [-1, 1, 0], [-1, 1, 0], [-1, 1, 0], [-1, 1, 0], [-1, 1, 0], [-1, 1, 0], [-1, 1, 0], [-1, 1, 0], [-1, 1, 0], [-1, 1, 0], [-1, 1, 0], [-1, 1, 0], [-1, 1, 0], [-1, 1, 0], [-1, 1, 0], [-1, 1, 0], [-1, 1, 0], [-1, 1, 0], [-1, 1, 0], [-1, 1, 0], [-1, 1, 0], [-1, 1, 0], [-1, 1, 0], [-1, 1, 0], [-1, 1, 0], [-1, 1, 0], [-1, 1, 0], [-1, 1, 0], [-1, 1, 0], [-1, 1, 0], [-1, 1, 0], [-1, 1, 0], [-1, 1, 0], [-1, 1, 0], [-1, 1, 0], [-1, 1, 0], [-1, 1, 0], [-1, 1, 0], [0, 1, 1], [-1, 1, 0], [-1, 1, 0], [-1, 1, 0], [-1, 1, 0]]

exec_time (ms): 462529.1299819946 ms
exec_time: 7m 42s 529.1299819946289ms