N: 51
n: 6
number_of_primes (d): 3
exp_register_width (qd): 5
primes: [2, 5, 7]

R: 11287
T: 3
t: 16
delta: 0.00010850933564202967
delta_inv: 9216Percent of combinations (with positive values of result vector) that gives % N = 1: 39.5%
Percent of combinations (with positive values of result vector) that give p and q: 36.3%
Vectors that gives p and q: [[1, 1, -1], [1, 1, -1], [0, 1, 1], [1, 1, -1], [0, 1, 1], [1, 1, -1], [1, 1, -1], [1, 1, -1], [0, 1, 1], [0, 1, 1], [0, 1, 1], [0, 1, 1], [1, 1, -1], [1, 1, -1], [0, 1, 1], [1, 1, -1], [1, 1, -1], [-1, -1, 1], [1, 1, -1], [0, -1, -1], [1, 1, -1], [0, 1, 1], [0, 1, 1], [1, 1, -1], [0, 1, 1], [0, 1, 1], [0, 1, 1], [0, 1, 1], [0, 1, 1], [0, 1, 1], [1, 1, -1], [0, 1, 1], [0, 1, 1], [1, 1, -1], [0, 1, 1], [1, 1, -1], [-1, -1, 1], [0, -1, -1], [-1, -1, 1], [1, 1, -1], [0, 1, 1], [0, 1, 1], [1, 1, -1], [0, 1, 1], [1, 1, -1], [-1, -1, 1], [0, 1, 1], [0, 1, 1], [0, 1, 1], [0, 1, 1], [1, 1, -1], [1, 1, -1], [1, 1, -1], [0, 1, 1], [0, 1, 1], [0, 1, 1], [0, 1, 1], [1, 1, -1], [1, 1, -1], [0, 1, 1], [0, 1, 1], [0, 1, 1], [0, 1, 1], [1, 1, -1], [1, 1, -1], [1, 1, -1], [1, 1, -1], [1, 1, -1], [0, 1, 1], [0, 1, 1], [1, 1, -1], [1, 1, -1], [1, 1, -1], [0, 1, 1], [0, 1, 1], [0, 1, 1], [1, 1, -1], [1, 1, -1], [0, 1, 1], [0, 1, 1], [1, 1, -1], [1, 1, -1], [0, 1, 1], [1, 1, -1], [1, 1, -1], [0, 1, 1], [0, 1, 1], [0, 1, 1], [1, 1, -1], [1, 1, -1], [1, 1, -1], [0, 1, 1], [0, 1, 1], [1, 1, -1], [1, 1, -1], [1, 1, -1], [0, 1, 1], [1, 1, -1], [1, 1, -1], [0, 1, 1], [0, 1, 1], [1, 1, -1], [-1, -1, 1], [0, 1, 1], [1, 1, -1], [1, 1, -1], [0, 1, 1], [1, 1, -1], [0, 1, 1], [0, 1, 1], [0, 1, 1], [1, 1, -1], [0, 1, 1], [1, 1, -1], [0, 1, 1], [0, 1, 1], [0, 1, 1], [1, 1, -1], [0, 1, 1], [0, 1, 1], [0, 1, 1], [1, 1, -1], [1, 1, -1], [0, 1, 1], [1, 1, -1], [1, 1, -1], [0, 1, 1], [1, 1, -1], [1, 1, -1], [0, 1, 1], [1, 1, -1], [-1, -1, 1], [1, 1, -1], [1, 1, -1], [-1, -1, 1], [1, 1, -1], [1, 1, -1], [1, 1, -1], [0, 1, 1], [1, 1, -1], [0, 1, 1], [0, 1, 1], [0, 1, 1], [0, 1, 1], [0, 1, 1], [1, 1, -1], [1, 1, -1], [1, 1, -1], [-1, -1, 1], [1, 1, -1], [1, 1, -1], [1, 1, -1], [0, 1, 1], [1, 1, -1], [1, 1, -1], [0, 1, 1], [1, 1, -1], [1, 1, -1], [1, 1, -1], [1, 1, -1], [1, 1, -1], [0, 1, 1], [1, 1, -1], [1, 1, -1], [0, 1, 1], [1, 1, -1], [1, 1, -1], [1, 1, -1], [1, 1, -1], [0, 1, 1], [1, 1, -1], [1, 1, -1], [1, 1, -1], [1, 1, -1], [0, -1, -1], [1, 1, -1], [0, 1, 1], [1, 1, -1], [1, 1, -1], [0, 1, 1], [0, 1, 1], [1, 1, -1], [1, 1, -1], [1, 1, -1], [1, 1, -1], [1, 1, -1], [1, 1, -1], [1, 1, -1], [1, 1, -1], [0, 1, 1], [0, 1, 1], [0, 1, 1], [1, 1, -1], [1, 1, -1], [1, 1, -1], [1, 1, -1], [0, 1, 1], [1, 1, -1], [1, 1, -1], [1, 1, -1], [1, 1, -1], [1, 1, -1], [1, 1, -1], [0, 1, 1], [1, 1, -1], [0, 1, 1], [-1, -1, 1], [1, 1, -1], [0, 1, 1], [1, 1, -1], [1, 1, -1], [1, 1, -1], [0, 1, 1], [-1, -1, 1], [0, 1, 1], [1, 1, -1], [0, 1, 1], [1, 1, -1], [1, 1, -1], [0, 1, 1], [0, 1, 1], [1, 1, -1], [0, 1, 1], [1, 1, -1], [0, 1, 1], [0, 1, 1], [0, 1, 1], [0, 1, 1], [0, 1, 1], [0, 1, 1], [1, 1, -1], [0, 1, 1], [0, 1, 1], [0, 1, 1], [1, 1, -1], [1, 1, -1], [0, 1, 1], [1, 1, -1], [1, 1, -1], [1, 1, -1], [0, 1, 1], [1, 1, -1], [1, 1, -1], [0, 1, 1], [-1, -1, 1], [0, 1, 1], [1, 1, -1], [1, 1, -1], [0, 1, 1], [0, 1, 1], [1, 1, -1], [1, 1, -1], [1, 1, -1], [1, 1, -1], [0, 1, 1], [1, 1, -1], [1, 1, -1], [0, 1, 1], [1, 1, -1], [1, 1, -1], [0, 1, 1], [1, 1, -1], [1, 1, -1], [0, 1, 1], [1, 1, -1], [0, 1, 1], [1, 1, -1], [1, 1, -1], [1, 1, -1], [1, 1, -1], [0, 1, 1], [1, 1, -1], [0, 1, 1], [1, 1, -1], [1, 1, -1], [1, 1, -1], [0, 1, 1], [0, 1, 1], [1, 1, -1], [1, 1, -1], [1, 1, -1], [1, 1, -1], [0, 1, 1], [1, 1, -1], [0, 1, 1], [1, 1, -1], [1, 1, -1], [0, 1, 1], [1, 1, -1], [1, 1, -1], [-1, -1, 1], [1, 1, -1], [0, 1, 1], [0, 1, 1], [0, 1, 1], [1, 1, -1], [1, 1, -1], [1, 1, -1], [1, 1, -1], [1, 1, -1], [0, 1, 1], [0, 1, 1], [1, 1, -1], [1, 1, -1], [1, 1, -1], [1, 1, -1], [1, 1, -1], [1, 1, -1], [0, 1, 1], [1, 1, -1], [0, 1, 1], [1, 1, -1], [0, 1, 1], [1, 1, -1], [0, 1, 1], [1, 1, -1], [0, 1, 1], [1, 1, -1], [1, 1, -1], [0, 1, 1], [1, 1, -1], [1, 1, -1], [0, 1, 1], [1, 1, -1], [0, 1, 1], [1, 1, -1], [1, 1, -1], [1, 1, -1], [1, 1, -1], [1, 1, -1], [0, 1, 1], [1, 1, -1], [1, 1, -1], [0, 1, 1], [0, 1, 1], [0, 1, 1], [0, 1, 1], [0, 1, 1], [1, 1, -1], [0, 1, 1], [1, 1, -1], [1, 1, -1], [1, 1, -1], [0, 1, 1], [1, 1, -1], [1, 1, -1], [1, 1, -1], [1, 1, -1], [1, 1, -1], [0, 1, 1], [0, 1, 1], [1, 1, -1], [0, 1, 1], [0, 1, 1], [1, 1, -1], [1, 1, -1], [1, 1, -1], [1, 1, -1], [0, 1, 1], [1, 1, -1], [0, 1, 1], [-1, -1, 1], [1, 1, -1]]

exec_time (ms): 412092.28110313416 ms
exec_time: 6m 52s 92.28110313415527ms