N: 33
n: 6
number_of_primes (d): 2
exp_register_width (qd): 5
primes: [2, 5]

R: 5431
T: 5
t: 14
delta: 0.00018412815319462345
delta_inv: 5431Percent of combinations (with positive values of result vector) that gives % N = 1: 71.5%
Percent of combinations (with positive values of result vector) that give p and q: 43.9%
Vectors that gives p and q: [[-491, -621], [-417, -807], [-2679, 291], [-445, -525], [714, -1441], [-387, -1267], [-1118, -703], [-587, 213], [-555, 155], [-456, -531], [1331, -989], [-469, -629], [-316, 1159], [-610, 2015], [-226, 99], [-501, -491], [-1994, 601], [2072, 607], [327, -1323], [-533, -593], [1548, -1147], [74, -1841], [1522, 377], [508, 553], [488, -1307], [2245, 685], [277, 1217], [121, 2421], [-750, -1275], [-502, -517], [948, -1437], [-443, -533], [-510, -475], [-911, 859], [994, -1441], [-496, -601], [690, 25], [766, -629], [1128, 843], [-649, 191], [2357, 107], [-530, -505], [-1162, 1623], [-931, -341], [2148, -647], [-221, -1001], [-2186, 849], [1051, 831], [-1013, -813], [-456, -531], [-1344, -1769], [651, -339], [-185, -1045], [781, -159], [-227, -1127], [1342, -343], [1179, 139], [342, -1233], [498, 583], [703, -217], [170, -785], [-547, -477], [164, -471], [1134, -371], [-157, 723], [-528, -473], [-881, 1499], [-147, 743], [-899, 1431], [-1740, 395], [410, -1965], [1075, -185], [955, -1385], [730, -665], [-448, -723], [512, 547], [991, -1539], [2478, 273], [-246, -1121], [-1328, 1797], [-488, -503], [853, -1507], [436, -1979], [802, -573], [-386, -751], [-478, -533], [781, -839], [525, -2005], [-872, 673], [-340, 1285], [-1291, 1639], [798, -867], [1666, 681], [-444, -559], [-1472, -207], [1122, 287], [-273, 1407], [-563, -503], [-965, -1025], [2084, -671], [1311, -1709], [-254, 1261], [-555, 205], [-607, 163], [1066, -1579], [-285, -1185], [-532, -487], [-1082, 883], [-710, 385], [-1043, 287], [-118, 757], [-1291, 509], [-235, -1465], [-490, -455], [-631, 249], [-1104, 1501], [-253, 667], [-520, -505], [-1809, -339], [-1029, 1521], [-219, 1941], [974, -1471], [752, -413], [745, -835], [-2012, -417], [-492, -517], [1245, 1045], [-1173, -243], [-1310, 55], [907, -753], [870, -275], [-1011, -331], [476, 581], [-512, -467], [-538, -453], [485, 595], [1688, 173], [-1788, -343], [-564, -499], [-244, 1351], [1254, -471], [-212, -2197], [-572, -197], [2070, 515], [1409, -201], [833, -147], [-348, -783], [570, 285], [1879, -731], [-1446, -871], [-966, -291], [598, -247], [-500, -515], [-528, -543], [192, -733], [1141, 781], [145, -525], [-509, -549], [-1609, -1499], [-956, -441], [-200, 665], [944, -1421], [791, -229], [559, -1241], [1341, -1639], [1775, 485], [-357, 1423], [748, -97], [1571, 231], [-529, -559], [-398, -673], [433, -1977], [-507, -507], [-512, -507], [-1526, 249], [-952, -967], [722, -2353], [1285, -715], [-525, -515], [-554, -509], [1588, 223], [-896, -1061], [2375, 105], [-36, 2489], [-515, -485], [181, -669], [-1328, -353], [1048, -257], [-2662, 303], [1962, -1673], [-517, -507], [-468, -583], [-455, -525], [-532, -507], [-1192, -197], [-2074, 521], [682, -833], [807, -1533], [-502, -487], [401, 1841], [-819, -359], [-2112, 713], [-493, -533], [-503, -563], [402, 847], [-327, -1037], [-490, -505], [-811, 1009], [870, -1255], [-869, 1401], [474, 549], [-132, -2307], [194, -941], [136, -649], [404, -1921], [464, 539], [-1060, 365], [-717, 193], [601, -849], [-612, -477], [-357, -847], [549, 509], [-494, -529], [-539, -469], [-1356, -751], [1931, 481], [-790, 1425], [-375, 715], [-242, -1117], [-2178, 617], [-463, -603], [-169, 711], [-958, 337], [-1138, -793], [501, -789], [-518, -573], [-810, -375], [669, -111], [-530, -485], [191, -699], [-1665, 1305], [321, 991], [1034, -191], [-156, 719], [-498, -573], [-1157, -297], [-444, -539], [789, -241], [1008, 1033], [1793, 483], [-1630, 375], [-1046, 1579], [-734, 461], [-1086, 379], [-938, 277], [179, -621], [-503, -593], [-731, 219], [-524, -539], [-799, 841], [-198, 77], [1113, -357], [194, -661], [-1621, -1261], [-427, -547], [620, -95], [-507, -507], [-584, 131], [-1972, 553], [-724, 131], [-580, 215], [-1614, -249], [-443, -1363], [-1127, 323], [1937, -493], [-521, 259], [-491, -521], [1574, -1181], [981, -1559], [-110, 335], [-303, 1237], [-1260, 235], [173, 1173], [-502, -587], [-496, -511], [679, -71], [1039, -1571], [-1340, -715], [-1069, 311], [-1042, 813], [668, -407], [-487, -537], [292, 1147], [-502, -517], [-520, -545], [-507, -477], [726, -169], [-1720, -75], [2159, 349], [-962, -367], [-1269, 931], [-2103, 737], [752, -843], [105, -335], [1116, 1701], [-817, 233], [-1960, -465], [955, 425], [1127, -1503], [-244, -1809], [-1540, -345], [398, -1907], [-225, -1265], [-507, -467], [-1723, 917], [-1365, -915], [492, 587], [-671, 289], [133, -657], [-1284, 581], [-573, -483], [2266, -639], [-553, -523], [1593, 63], [1389, -601], [543, 1633], [-610, 265], [-478, -573], [-213, 1267], [960, -165], [-282, 523], [-236, 1349], [-445, -525], [1746, 691], [1997, 1547], [-750, 625], [851, -819], [1388, 353], [-1060, -825], [-2684, 241], [909, -1381], [273, -667], [-2132, 723], [-478, -523], [774, -1411], [-480, -605], [2392, 177], [-250, 1345], [691, -149], [-488, -543], [-1179, -559], [847, -2163], [-263, -1153], [-192, 643], [11, -1289], [-960, 1365], [595, 1115], [-2573, 47], [-443, -953], [-674, 171], [1108, -1597], [340, 1035], [568, -787], [1822, 117], [266, -659], [238, -1197], [-453, -553], [-510, -575], [-773, 177], [769, -141], [-172, 703], [-705, 545], [-516, -491], [-444, -1479], [1024, 939], [515, 545], [-416, 1849], [216, -749], [-2158, 567], [-950, -915], [804, 1039], [-744, 241], [-1226, -281], [547, 537], [907, -1423], [-524, -519], [-482, -497], [-91, 659], [1567, -833], [993, -1577], [445, -735], [207, -493], [-452, -557], [-504, -549], [-964, 1451], [215, -675], [-1376, 999], [206, -629], [751, -239], [1752, 637], [707, -163], [-508, -503], [886, -1389], [-2055, 665], [981, -1569], [1201, 521], [-986, -931], [898, -1427], [-499, -499], [250, -1325], [-117, 743], [-1670, -205], [-712, 113], [-491, -581], [-1160, -365], [405, -1395], [-1803, -703], [-803, 37], [460, -1905], [-947, 843], [188, -727], [215, -745], [342, -1183], [-440, -665], [-780, 95], [-993, 1507], [776, -859], [-535, -485], [-433, -613], [690, -435], [-153, 707], [-359, -1079], [841, -1479], [-1039, 1581], [1151, -409], [313, -1337], [-498, -553], [-256, 1309], [-477, 2013]]

exec_time (ms): 252065.48237800598 ms
exec_time: 4m 12s 65.48237800598145ms