N: 35
n: 6
number_of_primes (d): 2
exp_register_width (qd): 5
primes: [2, 3]

R: 5431
T: 5
t: 14
delta: 0.00018412815319462345
delta_inv: 5431Percent of combinations (with positive values of result vector) that gives % N = 1: 64.9%
Percent of combinations (with positive values of result vector) that give p and q: 39.8%
Vectors that gives p and q: [[-356, 718], [34, -1532], [147, 1251], [-433, -877], [-882, 252], [-769, 419], [-1232, -278], [308, -706], [891, 1239], [-979, 485], [-485, -593], [-316, -1066], [-253, -1297], [1273, -911], [-581, 379], [-500, -590], [878, -1924], [-489, -561], [-791, 1873], [-952, -1066], [-539, -527], [653, -163], [-525, -501], [-496, -634], [488, -958], [-483, -591], [-698, 856], [697, -971], [-635, 157], [-384, -738], [-69, -1473], [-523, -523], [1016, -2050], [-577, -1081], [1048, 946], [222, -744], [409, -911], [-608, 226], [-517, -505], [-540, -510], [860, 1178], [-2007, -531], [-509, -521], [-554, -632], [32, 1166], [1638, 516], [-820, 194], [1939, -641], [18, -684], [1212, -234], [1175, 1007], [-927, -483], [577, -1643], [1694, -364], [1104, -2022], [114, 1308], [971, 347], [-639, 201], [-956, 1966], [-506, -548], [1836, 870], [-2237, 475], [-745, 143], [1073, 1013], [-1690, -304], [454, -248], [-2664, 594], [1287, 159], [-473, -605], [-459, -591], [225, -819], [-887, -371], [-899, 1165], [-471, -555], [-538, -508], [903, 1191], [1686, 840], [868, -230], [1057, -2063], [-973, -1045], [-995, -1139], [-2793, -165], [2110, -416], [-522, -576], [1387, 259], [-1756, -454], [414, -636], [-1076, -170], [-466, -772], [-108, -1230], [-999, 225], [128, 1994], [677, -151], [-390, -1008], [-573, -633], [-471, -759], [-490, -940], [2126, 788], [340, -1142], [-1527, -291], [-472, -658], [-477, -597], [222, -1668], [-1768, 50], [-500, -566], [-194, -1496], [901, -1943], [835, -749], [-476, -554], [-385, -1153], [119, 1343], [-559, -499], [959, -1045], [388, -1682], [-510, -528], [-891, -1695], [-1012, 1994], [-505, -529], [-177, -1449], [-531, -519], [1017, 405], [-700, 530], [-783, 729], [-525, -489], [133, -767], [-1806, -1176], [-1409, -809], [-538, -520], [-540, -510], [637, 625], [-44, 1582], [-278, 1432], [890, -1180], [-1332, 294], [-486, -540], [-1001, -869], [-295, 1829], [-495, -507], [-1047, 789], [292, -1634], [-180, -1506], [-4, -622], [1061, 965], [-994, -1036], [-526, -544], [907, 1219], [-2038, 1016], [1844, -442], [-933, -1089], [-1424, -254], [-1077, -357], [-599, -491], [1238, -2176], [-2053, 1223], [-1229, -269], [-511, -679], [1251, -633], [1261, -215], [1738, 1228], [1891, 415], [779, 1439], [-484, -2110], [-1018, -316], [-205, -1237], [-546, -516], [-517, -493], [1927, -209], [-1931, 445], [208, -1538], [-512, -566], [-1678, 344], [-505, 2651], [-2413, -97], [-1134, 348], [458, -1732], [-596, 166], [87, 627], [1301, -715], [324, -1434], [633, 1173], [1064, 986], [445, 853], [-1296, -438], [-642, 624], [-139, 713], [-408, -942], [-360, -1062], [776, 1334], [-1637, -257], [421, 733], [-808, 758], [789, -1191], [-576, -582], [-345, 759], [-805, 263], [-306, -1176], [-1361, 967], [403, -713], [-1165, -361], [1244, -226], [-686, 148], [1762, -344], [295, -773], [514, 628], [-1538, -272], [138, -684], [887, 1727], [-962, 196], [348, 1146], [352, 1138], [416, -1678], [1623, -249], [-2012, 250], [-385, -1045], [-1088, 346], [804, 1062], [-450, 1680], [131, -1681], [-2902, 740], [44, -1282], [837, -711], [1580, 1346], [-1259, 469], [-593, 703], [127, -1685], [619, -941], [-661, 131], [1396, -770], [-1612, 110], [-514, -616], [-1221, -357], [-657, -489], [-968, -914], [2615, -649], [-411, 825], [866, -1840], [-1052, -974], [-1929, 579], [-512, -626], [-938, -1160], [-536, -506], [893, 1277], [-367, -1063], [318, -144], [-1012, -382], [-1196, -362], [-1508, -842], [455, -661], [-978, -504], [-1041, 927], [-2116, 986], [887, 1907], [-161, -1481], [-1914, 336], [-567, -507], [-692, 178], [1295, 251], [-737, 151], [-130, 704], [-763, 113], [361, -1403], [308, -1762], [-1425, -321], [-1043, 2065], [333, -1767], [690, -192], [-497, -581], [190, -704], [-719, 337], [744, -882], [-289, 1643], [-284, -578], [-1434, -348], [-1982, -752], [492, 678], [-712, 230], [-414, -756], [390, 1008], [-591, 717], [-556, -514], [-1890, -312], [-1740, 402], [-749, 919], [1261, -947], [-477, 375], [-1108, 758], [-600, -606], [130, -1448], [-1072, -1018], [-16, 1526], [235, -617], [-920, -1130], [534, 636], [-424, -1198], [-2177, 967], [-467, -683], [-1893, 471], [-527, -479], [-274, -1276], [-578, 1828], [-477, -669], [-590, -488], [-381, 1707], [401, 785], [892, -1766], [672, 558], [1417, -1115], [-519, -555], [-473, -545], [-613, 803], [303, -1701], [-478, -592], [980, 1034], [1706, -328], [1482, 192], [-862, 1832], [-639, -159], [973, -1967], [-935, 205], [-1170, 456], [-268, -1150], [-1697, 235], [-493, -565], [-2293, -181], [-1106, 2020], [-603, -315], [-949, 275], [-19, 1481], [150, -552], [-2001, -765], [1348, 358], [-377, -1181], [-1315, 1001], [-822, 228], [1831, -353], [-450, -1140], [-512, -566], [-337, -853], [1010, 428], [-1177, 263], [-1241, -437], [-435, 1785], [1134, -2052], [1132, -770], [-760, 74], [719, -781], [1295, -313], [-1001, -1133], [246, 1200], [1221, -531], [-1277, 859], [355, 2119], [729, -939], [-2456, 490], [-487, -547], [1045, -1967], [792, -798], [-1086, 360], [-550, -496], [917, -667], [-659, 697], [-544, -502], [1419, 267], [396, -1542], [-1396, -286], [-548, 454], [-231, -1227], [1707, 759], [-993, -1377], [48, -654], [796, -710], [-468, -750], [-497, -641], [-575, -479], [1175, -301], [627, 543], [-295, -1207], [-382, -1156], [138, -684], [-1484, 1306], [-1777, 335], [-706, 284], [-1211, 241], [1133, 929], [802, -1208], [928, 1198], [-1089, -837], [1262, 356], [-498, 180], [500, 566], [-276, -1662], [-583, -391], [-287, -659], [957, 1089], [-427, 713], [-202, -1264], [-1650, 780], [-718, 164]]

exec_time (ms): 269358.0975532532 ms
exec_time: 4m 29s 358.0975532531738ms