N: 55
n: 6
number_of_primes (d): 2
exp_register_width (qd): 5
primes: [2, 3]

R: 5431
T: 5
t: 14
delta: 0.00018412815319462345
delta_inv: 5431Percent of combinations (with positive values of result vector) that gives % N = 1: 45.9%
Percent of combinations (with positive values of result vector) that give p and q: 23.9%
Vectors that gives p and q: [[118, -696], [203, -781], [1043, 199], [1357, -679], [2025, -835], [-605, -5], [754, -88], [1149, -783], [1464, 582], [-339, 1193], [-978, -964], [-692, 34], [-798, 76], [271, -777], [-1117, -141], [1560, -730], [-1976, 842], [699, 7], [-10, 940], [907, 1071], [-634, -72], [-506, -208], [-1290, -600], [-1472, -626], [1512, 526], [337, -1339], [-756, 682], [728, 54], [1064, 262], [-1276, -598], [-797, 779], [-1644, -322], [-483, 1521], [-2074, 1088], [175, -785], [-617, 1639], [-1592, 334], [-486, 1472], [-318, 1936], [-1015, -2295], [1063, 159], [-1403, 81], [-1125, -1905], [-1610, -640], [258, -756], [-1634, -252], [-1449, -677], [-1260, 890], [1549, 537], [452, -1334], [-1530, -500], [-108, 706], [1513, 629], [-551, -63], [-1565, -405], [228, -766], [-814, -972], [670, -340], [-1277, 479], [-554, -1072], [490, -1480], [-1521, -573], [-1324, -622], [264, -798], [312, -794], [-977, 359], [268, -2426], [-434, 1488], [840, -730], [-1518, -584], [1394, -748], [485, -1535], [500, -1490], [989, 857], [483, -1501], [1576, 458], [1249, -123], [741, 793], [1390, 640], [-795, 665], [-683, 221], [1264, -538], [814, -128], [-1322, -736], [-479, 1513], [-527, 449], [507, -1489], [-346, -568], [522, -1524], [-542, -996], [-520, -1270], [293, -791], [-636, 842], [-785, 675], [1525, -315], [167, -1469], [1103, 1999], [518, -1556], [1472, -1754], [363, 1079], [261, -1287], [976, 378], [509, -1563], [-658, 56], [459, -1493], [-1441, -673], [-430, 1500], [-1812, -1206], [-418, -564], [1540, 510], [866, -512], [-510, 140], [592, 606], [549, -1543], [-1710, 220], [-497, 1459], [-427, 1449], [-604, 1618], [524, -1498], [242, -724], [-1550, -520], [-102, 944], [1265, -775], [-1194, -92], [-1252, 714], [596, -1602], [202, -784], [-1161, -1853], [1020, 850], [-398, -1344], [1172, 1906], [-259, -27], [-458, 216], [-224, -2062], [-1458, -584], [469, -803], [1334, -748], [1370, -920], [1963, -861], [1312, 1186], [-1196, 622], [-1185, -1405], [605, -795], [2300, 170], [-1124, -162], [1107, 131], [-650, 0], [1738, 144], [-1374, 48], [-705, 1715], [-865, -565], [-761, 1367], [574, -1648], [2083, 439], [-954, -492], [247, -609], [1202, 16], [913, 809], [591, 823], [-442, -2196], [851, -117], [-557, 559], [-561, 1527], [432, -1474], [1045, 385], [912, 506], [356, -1462], [1543, 539], [513, -1511], [-503, -799], [299, -833], [-779, 93], [-539, 113], [-907, -591], [1031, -77], [208, 774], [524, -1538], [-637, -1041], [-525, 1635], [-533, 331], [-299, 1393], [-491, -283], [522, -1584], [-1390, -640], [-2007, 989], [89, -783], [-1501, -593], [1771, 583], [-1540, -490], [-2001, -133], [-1520, -450], [1228, -506], [-1201, 367], [-61, 1847], [-1371, -663], [806, -2172], [-1544, -562], [505, -1475], [-590, -920], [1607, 431], [-1300, -690], [-596, 322], [-1409, -657], [-1117, 319], [479, -313], [-1506, -468], [376, -722], [123, -461], [-828, -554], [1032, -194], [-1518, -584], [401, -1427], [-313, 1431], [-500, -210], [616, -42], [-221, 787], [1026, 268], [658, 4], [-630, 900], [-1525, -525], [-619, 93], [-977, 359], [571, 1183], [255, 395], [-642, 1624], [594, -1708], [-298, 816], [697, -839], [346, -372], [-657, 59], [-1430, 1700], [-1232, 114], [611, -577], [-709, 503], [-517, 1559], [496, -1622], [-1033, -269], [446, -1492], [-510, 880]]

exec_time (ms): 268141.3457393646 ms
exec_time: 4m 28s 141.34573936462402ms