N: 57
n: 6
number_of_primes (d): 2
exp_register_width (qd): 5
primes: [2, 5]

R: 5431
T: 5
t: 14
delta: 0.00018412815319462345
delta_inv: 5431Percent of combinations (with positive values of result vector) that gives % N = 1: 49.8%
Percent of combinations (with positive values of result vector) that give p and q: 28.7%
Vectors that gives p and q: [[758, 829], [-479, 2393], [-878, -331], [-368, -1273], [785, 523], [-643, 673], [-441, -1053], [239, -1163], [560, -737], [-1689, -1191], [-972, 783], [-1041, -543], [-913, -407], [1399, -1339], [635, -2261], [-563, -961], [999, -225], [1232, 391], [158, -1577], [-647, -1021], [-599, 497], [900, -1773], [-1942, -197], [675, -1719], [-888, 1545], [547, 1097], [1140, 147], [-1973, 1511], [838, -1219], [-1650, -411], [-548, -1903], [-566, 1355], [503, 1075], [1729, -1741], [334, 671], [-175, 1933], [-1334, 251], [-479, -1117], [1375, -1207], [-557, -175], [-673, 163], [-280, 1543], [787, -241], [625, -1087], [-606, -915], [1135, -1381], [-842, 1199], [943, 881], [-207, 1305], [1966, -529], [-369, 1305], [-481, -1001], [-1284, -921], [-1303, 163], [1290, 951], [-1512, 1485], [-2081, -163], [-1319, 335], [-647, 833], [57, -435], [-1202, -817], [-216, 963], [-131, 1145], [-591, -1011], [1326, -93], [590, 583], [-1083, 957], [167, 529], [1988, 841], [197, 607], [1181, 2287], [-364, -947], [-381, -2013], [-530, 329], [1657, 365], [-624, -897], [1152, -999], [69, 831], [63, 1611], [781, -505], [1940, -461], [7, -1009], [-480, -1041], [-508, -1109], [-1458, 1431], [-1239, -93], [969, 2145], [-978, 1689], [1141, -55], [-755, 1229], [166, -1699], [415, 527], [-1196, 311], [-321, -1461], [-377, -1183], [-596, -883], [-650, 269], [853, 395], [1370, 1999], [-1910, 287], [-1388, 413], [399, 1239], [275, -659], [-169, -1925], [-517, -263], [1274, -353], [-895, 619], [-779, 317], [-659, -253], [-1326, 327], [-2083, 529], [-623, 323], [-1351, 1309], [-687, -951], [723, -309], [913, 2045], [1548, -1683], [1209, -93], [-136, 1471], [1974, -399], [599, 1033], [-742, 205], [-395, -1255], [11, -1331], [-1270, -221], [-289, 1453], [-1252, 1201], [-1240, -305], [124, 827], [-1031, 281], [-1454, 1613], [1558, 221], [-752, 173], [-1219, 349], [1307, 235], [90, 747], [148, -853], [582, 651], [-1238, -835], [824, -911], [-769, 151], [-1222, 1135], [1176, -213], [-27, 1071], [184, -1321], [-663, -795], [108, 945], [777, 1491], [757, 2039], [-1465, 91], [1471, -1483], [822, -633], [-1259, -247], [668, 55], [-920, -2017], [-1097, 1553], [-593, -931], [572, 943], [963, -1629], [-501, 429], [925, -1729], [1074, -237], [-1185, -219], [390, 1149], [832, -709], [-556, -1007], [-398, -649], [-389, 647], [1416, -1353], [-1998, -81], [510, -699], [476, 1183], [-522, 1989], [-1024, 775], [-1113, -1011], [-1231, 631], [1737, -279], [-521, -2263], [-2018, 665], [-546, -939], [-1512, -441], [1824, 471], [-1039, -767], [2276, -833], [-1134, 441], [-1448, -607], [405, 2385], [1880, -23], [552, 1005], [-704, -973], [-1501, -1259], [-1417, 223], [-1090, -1265], [-790, 361], [1346, 1627], [1547, -1391], [-1054, 823], [238, -1087], [-959, -565], [-2009, 557], [-86, -1321], [-741, 2361], [451, 1265], [1103, -1793], [2258, -725], [1035, 1881], [-556, 217], [-2220, 1095], [-1163, -271], [-1360, 1255], [548, 1021], [-473, -1069], [-905, -421], [-1346, 1271], [2094, -465], [1269, 495], [-545, -1015], [-776, 197], [-1637, -193], [-1123, -809], [-1654, -359], [-210, 1785], [-550, -257], [569, 1027], [475, 1133], [-706, -137], [936, -1665], [2073, -507], [1091, 1351], [-712, 355], [622, 977], [-548, -985], [-509, -1069], [-1178, -319], [342, -495], [-232, -665], [882, -585], [-226, 967], [783, -297], [1606, -1501], [-494, -1075], [1723, -1681], [-829, 517], [1451, -1241], [1353, -57], [-565, -935], [431, -671], [719, -1211], [-323, -589], [-486, -1053], [1009, 365], [1284, -249], [1450, -319], [-1138, -119], [1450, 1373], [711, 873], [-993, 1119], [-2018, 539], [1129, -241], [1054, -1741], [1394, -491], [1590, -1563], [-65, -2521], [-497, -1009], [1358, -383], [-388, -383], [-1404, 1485], [624, 411], [1387, 1607], [1451, -593], [-641, 179], [499, 1001], [1617, -33], [-621, 9], [-157, 1591], [224, 1237], [-2700, -477], [-551, -1027], [-1476, 1431], [2268, -603], [361, 455], [2193, 741], [1402, 791], [519, 993], [-215, 1823], [-417, -1203], [-1961, 437]]

exec_time (ms): 265847.4111557007 ms
exec_time: 4m 25s 847.4111557006836ms