N: 65
n: 7
number_of_primes (d): 2
exp_register_width (qd): 5
primes: [2, 3]

R: 6517
T: 6
t: 15
delta: 0.00015344483658124905
delta_inv: 6517Percent of combinations (with positive values of result vector) that gives % N = 1: 38.3%
Percent of combinations (with positive values of result vector) that give p and q: 22.7%
Vectors that gives p and q: [[-234, 834], [-2344, -194], [-3194, -1018], [1296, -462], [986, 994], [206, -1574], [-2208, -618], [250, 1610], [1398, 990], [-2024, -1534], [-716, -1030], [468, -1410], [1724, -1754], [-450, -1098], [614, 1246], [-2220, -2610], [1876, 542], [1438, -430], [-1880, 446], [-1026, -774], [-1882, 1858], [1396, -274], [350, -1922], [-1374, -294], [-1124, -694], [160, -1246], [1660, -1678], [838, -358], [-148, -1166], [-1024, -806], [1906, 602], [2062, -2074], [1154, 250], [1798, 2762], [-1340, -874], [-3826, 694], [-152, 2450], [178, -1822], [-1982, 2006], [-1592, 1706], [110, -1262], [490, -1498], [-1902, 1602], [-1658, 1706], [-1348, 598], [1480, -1750], [594, -1218], [1400, -1514], [-824, -994], [-1572, -1746], [-2556, 198], [118, 1190], [-1522, 670], [-1352, 278], [-950, -706], [-2150, -586], [464, -1190], [-780, -1098], [-648, -2694], [1524, -1926], [244, -1486], [-1428, 414], [-1422, 546], [948, -918], [-346, 886], [-2954, -1378], [-542, 2162], [2010, 522], [-2004, -1314], [72, -1266], [-1770, -2670], [-1778, 1346], [-12, 1566], [-1716, 546], [60, -1350], [-1380, 378], [1884, -1806], [1958, -1586], [474, -1038], [-1898, 1826], [1044, -1086], [2372, 394], [-712, -2918], [278, -1262], [2146, 1250], [-1136, -814], [1598, -170], [-676, -4178], [-1472, 50], [-2346, -2622], [-2148, -594], [710, -2198], [-422, 1310], [776, -1070], [-1174, 466], [-1052, -1930], [-1802, 446], [1462, 674], [484, -1534], [-586, 1762], [-1072, -806], [1932, -1842], [-1648, -1574], [258, -642], [-1390, -782], [406, -1582], [532, -946], [-94, -2906], [2488, 626], [914, -1514], [748, -2410], [-430, -1034], [-1450, 1774], [212, -1790], [-744, -906], [-2854, -506], [-1750, 562], [-836, -1474], [-2038, 634], [-1810, 526], [910, -958], [792, -1422], [890, -1586], [240, -1254], [-1264, 430], [612, -1434], [2886, 54], [-2492, -334], [-782, -2818], [-2702, -178], [450, -1470], [-262, -2270], [-652, -1970], [-762, 1530], [816, 1614], [-1306, -1982], [74, -2966], [-2698, -1766], [262, -1486], [-1470, -594], [-1412, 554], [-1680, 582], [-1942, 1786], [480, -1518], [1882, 626], [1616, -1922], [-2206, -686], [358, -274], [-656, -1438], [402, -1386], [-754, -1298], [-1702, 1294], [-180, -1098], [-1624, 682], [1916, -1826], [-1814, 686], [-1240, -830], [-1190, -682], [-374, 1214], [-2338, -266], [312, 2178], [-1604, -2038], [1438, -2746], [-2696, -238], [-2688, -66], [1808, 154], [-1120, -1298], [-1094, -1162], [-718, -986], [452, -1622], [-202, 538], [-1396, 514], [-1240, -938], [722, 1942], [780, -162], [-1044, 318], [1096, -2602], [1442, -2834], [1474, 1562], [358, 1562], [-1598, 374], [350, -1346], [-1862, 1898], [-110, 1478], [-1116, -1962], [160, -1378], [3520, 998], [-1412, -1198], [-1478, 350], [538, -1558], [182, -1490], [-886, -1910], [-1470, 474], [-736, 2458], [760, -754], [-662, -4330], [1530, -258], [2324, -2438], [-878, -2830], [-1974, 1830], [-1942, 1846], [-1850, 1934], [-2002, 2002], [-778, 1258], [2268, 2814], [-1530, -4182], [960, -1626], [-1426, 370], [-2196, 2022], [-2450, -2794], [-2220, -1470], [-816, 834], [-2180, -2710], [-900, 1014], [1614, -1422], [-408, -2202], [-2026, -554], [314, -1298], [-1530, 906], [-2780, 74], [-466, 1042], [656, 1102], [-2812, -2510], [2340, 2478], [490, 1898], [1950, 1266], [780, -1782]]

exec_time (ms): 224476.04298591614 ms
exec_time: 3m 44s 476.0429859161377ms