N: 77
n: 7
number_of_primes (d): 2
exp_register_width (qd): 5
primes: [2, 3]

R: 6517
T: 6
t: 15
delta: 0.00015344483658124905
delta_inv: 6517Percent of combinations (with positive values of result vector) that gives % N = 1: 41.0%
Percent of combinations (with positive values of result vector) that give p and q: 28.2%
Vectors that gives p and q: [[-1582, 869], [-1, 2], [-1, 2], [-1805, -1100], [-2039, 1228], [-561, -2718], [-1, 2], [-1, 2], [-1764, 843], [-1, 2], [-2131, 1352], [-296, 1387], [1146, -3147], [-1, 2], [-1, 2], [-1268, -1769], [-1, 2], [641, 1298], [-1812, 1059], [-1999, 1088], [-1, 2], [-1913, 1276], [958, 1459], [-1, 2], [-582, -861], [-1, 2], [-1, 2], [3132, 1251], [-1803, -324], [-1, 2], [-1, 2], [-1, 2], [-1, 2], [-1, 2], [-1, 2], [-1, 2], [-1, 2], [-1, 2], [-1921, 872], [-1, 2], [181, 1258], [670, -185], [-2136, -1443], [-1, 2], [32, -649], [-1, 2], [-1, 2], [-1, 2], [-1, 2], [-1, 2], [2335, -440], [-1, 2], [-1, 2], [-1, 2], [-1, 2], [-608, -1019], [1174, 667], [309, 2142], [-1, 2], [-1, 2], [641, -892], [-1, 2], [-1, 2], [-1, 2], [-1, 2], [-1875, 1080], [-1, 2], [-1, 2], [-1557, 444], [1100, 2735], [1092, 2751], [-1823, 856], [-1, 2], [-663, -894], [-1, 2], [-1, 2], [-1, 2], [-1, 2], [-1, 2], [-1971, 972], [-979, 608], [-1881, -2118], [-1, 2], [-1, 2], [-1912, -391], [-536, -1103], [-1950, 945], [-1, 2], [-1, 2], [601, -1772], [-1, 2], [240, -1485], [-1, 2], [22, 1291], [-243, -1434], [-66, 1767], [572, -1489], [2034, -1173], [-1, 2], [291, -2982], [-775, -1600], [-1, 2], [-544, -157], [-1, 2], [-1964, -1097], [1060, -2375], [-1, 2], [-1, 2], [-1, 2], [-325, -1240], [-1014, -1587], [-1, 2], [1, -2], [-1, 2], [359, 1142], [-1, 2], [-733, -844], [-1, 2], [-1, 2], [-1, 2], [1, -2], [517, -2504], [-1, 2], [-1, 2], [-1, 2], [-1418, -989], [-1, 2], [-1, 2], [-1, 2], [-892, -1981], [-1, 2], [-1, 2], [-1542, -1491], [-1, 2], [-1, 2], [-1, 2], [-1, 2], [-1, 2], [-1442, -461], [-1, 2], [-1479, -1662], [-1, 2], [2711, 728], [-1284, -567], [-1, 2], [1402, 1861], [-1, 2], [269, -1588], [1599, 672], [824, -1483], [-1799, -422], [-1, 2], [-1917, 894], [-1, 2], [-2208, -129], [-1, 2], [-1, 2], [-1, 2], [-1, 2], [-699, 1548], [-1942, -1381], [2100, 1455], [-1, 2], [-2090, 1015], [-1, 2], [-1245, -210], [-1, 2], [-1, 2], [334, 1087], [-1, 2], [-423, -2004], [-1, 2], [2813, 2054], [-1, 2], [-1, 2], [-1268, -1379], [-1704, 753], [703, 1204], [-1, 2], [-1760, 835], [-2102, -251], [-1, 2], [-1119, -3792], [1119, 1122], [-1, 2], [-835, -670], [-1344, -147], [819, 222], [-1, 2], [1234, 127], [-1155, -1650], [-1, 2], [-1919, -392], [-241, -1978], [-1, 2], [-1, 2], [-178, 1361], [-572, -1001], [-1, 2], [-1684, -2377], [-1, 2], [-1, 2], [-1, 2], [-1, 2], [-1, 2], [-926, -2123], [-1, 2], [-1, 2], [-1792, 809], [-578, 1351], [406, -857], [-2527, 1274], [-1, 2], [-1, 2], [-1355, -50], [-1, 2], [-2186, 1027], [-1, 2], [1943, 2264], [-1, 2], [-1, 2], [-1, 2], [-1, 2], [-1, 2], [-787, -616], [-1909, 908], [-1, 2], [368, -1741], [-2088, 2421], [-792, -1971], [-1, 2], [1760, -1105], [-1490, -1355], [-1, 2], [-1, 2], [-1737, 774], [-555, -810], [-1, 2], [228, 2379], [-1812, 939], [-1, 2], [-2075, 1090], [505, -890], [-1, 2], [-837, -906], [-1, 2], [-2442, 9], [-1, 2], [-1, 2], [-1, 2], [552, 741], [-1, 2], [-1, 2], [-2196, -1083], [843, 2484], [-1, 2], [-1242, -951], [-1, 2], [-1, 2], [955, 1780], [-1899, 888], [-2095, -1630], [-1, 2], [389, 122], [-1, 2], [-1, 2], [-1544, -377], [-1, 2], [-2106, 987], [-848, -2039], [1303, 1114], [-1, 2], [-1, 2], [1233, 654], [-1, 2], [614, -103], [-1, 2], [-1, 2], [684, -963], [-1343, -74], [-1, 2], [1521, 468]]

exec_time (ms): 234405.27606010437 ms
exec_time: 3m 54s 405.2760601043701ms