N: 91
n: 7
number_of_primes (d): 2
exp_register_width (qd): 5
primes: [2, 3]

R: 6517
T: 6
t: 15
delta: 0.00015344483658124905
delta_inv: 6517Percent of combinations (with positive values of result vector) that gives % N = 1: 30.2%
Percent of combinations (with positive values of result vector) that give p and q: 15.5%
Vectors that gives p and q: [[-2016, 525], [-1080, 1995], [-54, -1122], [-822, -2226], [528, -1539], [384, -1041], [-846, -1332], [-1590, 30], [-1284, 423], [768, -927], [-636, -1623], [-390, 1338], [1374, 1860], [-2994, -150], [-1854, -2424], [-966, -1212], [-1308, 483], [222, 396], [0, -627], [-1776, 591], [-858, 300], [216, -1347], [-654, 918], [-1776, 1797], [-3066, -126], [396, -963], [1452, 987], [-366, 2310], [-2916, -117], [1818, -1206], [-678, -1782], [1098, -864], [-228, -1791], [2004, 81], [60, 2325], [-684, -1329], [1050, -3090], [636, -2253], [18, -2124], [-3000, -51], [1284, -2679], [2856, 33], [-2898, -132], [492, -2583], [-2832, -21], [-522, -1026], [312, 1137], [24, 1149], [1110, -2154], [1170, 1446], [198, -2868], [-2484, -519], [-1728, 597], [1734, -390], [-1848, 765], [1536, -3567], [-1404, -2493], [804, -1221], [-54, -2148], [720, 1173], [-1662, -1308], [630, -2028], [-942, -2106], [324, -1359], [-1470, 630], [-180, -1839], [-1428, -855], [-744, 2283], [-1302, -960], [540, -1311], [30, 1368], [600, -3027], [96, -2121], [-3072, -123], [1596, 807], [-2694, -126], [-2472, -1485], [-384, 777], [126, -1260], [192, -1395], [1560, -189], [516, -2871], [-2826, 0], [1128, -2583], [-2598, -72], [372, 2655], [-1320, -399], [-2904, -81], [-1074, -1098], [-558, -1188], [-1350, 2220], [1194, -2598], [816, -1017], [-1608, 2523], [930, 1002], [1296, -159], [-558, -1086], [2928, 117], [102, -1746], [-78, -1296], [42, -2112], [-24, -1887], [1314, 786], [-1356, 93], [774, -1194], [1290, -54], [-192, -255], [702, 1374], [-2832, 237], [-1128, -4191], [1938, -1548], [-714, -1080], [-1638, 348], [-1116, 393], [240, -2871], [-1014, -2796], [-2952, 9], [-54, -2190], [-984, 2829], [-666, 1764], [168, -1473], [-1242, 216], [-1218, 354], [-2868, -219], [-2940, -45], [-2766, -168], [-1248, 2097], [-1572, 387], [1626, 2472], [-1110, -1338], [-2064, -1053], [1488, 87], [1812, -1821], [186, -1680], [-2940, -87], [-840, -3357], [72, 1407], [-90, -306], [-1368, -561], [288, -2523], [132, -1851], [1038, -1452], [-1440, 63], [-30, 2394], [-1344, 813], [138, -1860], [-2892, -3], [-402, -3498], [-30, -2562], [-876, -3009], [546, 1566], [108, -1449], [-306, 1494], [2322, 24], [-930, -690]]

exec_time (ms): 224793.29562187195 ms
exec_time: 3m 44s 793.2956218719482ms