N: 21
n: 5
number_of_primes (d): 2
exp_register_width (qd): 4
primes: [2, 5]

R: 3871
T: 4
t: 14
delta: 0.0002583311805734952
delta_inv: 3871Percent of combinations (with positive values of result vector) that gives % N = 1: 99.0%
Percent of combinations (with positive values of result vector) that give p and q: 96.1%
Vectors that gives p and q: [[-1, 1], [-569, -829], [-1, 1], [-1, 1], [-1, 1], [-1, 1], [-1, 1], [-1, 1], [-1, 1], [-1, 1], [1, -1], [-1, 1], [-1, 1], [-1, 1], [-1, 1], [-1, 1], [-1, 1], [-1, 1], [-1, 1], [1, -1], [-1117, -1103], [-1, 1], [-1, 1], [-1, 1], [-1, 1], [-1, 1], [-1, 1], [-107, -1330], [-1, 1], [-1317, 1122], [-1, 1], [-1, 1], [1, -1], [-1, 1], [-1317, -1125], [-1, 1], [-1, 1], [-1, 1], [-1, 1], [-1, 1], [-1, 1], [-1, 1], [1, -1], [-1, 1], [243, -1182], [-1, 1], [-1, 1], [-1, 1], [-1, 1], [-1, 1], [-1, 1], [-1, 1], [-1, 1], [-1, 1], [-1, 1], [-1, 1], [-1, 1], [-1, 1], [1, -1], [-1199, 257], [-1, 1], [-1, 1], [-1, 1], [1, -1], [-1, 1], [-1, 1], [-1, 1], [-1, 1], [-1, 1], [-1, 1], [-1, 1], [-1, 1], [-1, 1], [-1, 1], [-1, 1], [-1, 1], [-1, 1], [-1, 1], [-1, 1], [1, -1], [-1, 1], [-1, 1], [1, -1], [1003, -1084], [-1, 1], [-1, 1], [-39, 1716], [-1, 1], [1, -1], [-1, 1], [-1, 1], [-1, 1], [-1, 1], [-1, 1], [-1, 1], [-1, 1], [-1113, 189], [-1, 1], [-1, 1], [-1, 1], [-1, 1], [-1, 1], [-1, 1], [1, -1], [-1, 1], [-1, 1], [-1635, -747], [-1, 1], [-1, 1], [-1, 1], [1, -1], [1, -1], [-1, 1], [-1, 1], [-1, 1], [-1, 1], [-1, 1], [-1, 1], [-1, 1], [1, -1], [-1, 1], [1, -1], [1, -1], [-1, 1], [-1, 1], [-1, 1], [-1, 1], [-1, 1], [-1, 1], [-1, 1], [-1, 1], [-1, 1], [1, -1], [-1, 1], [-1, 1], [-1, 1], [-1, 1], [-1, 1], [-1, 1], [-1, 1], [-1, 1], [1, -1], [-1, 1], [-1, 1], [1201, -202], [-1169, 1169], [-1, 1], [-1, 1], [-1, 1], [-1, 1], [-1, 1], [-419, -28], [105, -807], [-1, 1], [1, -1], [-1017, 1053], [-1, 1], [-1, 1], [-1, 1], [1, -1], [-1, 1], [-775, 1204], [-393, -2142], [-1, 1], [-1, 1], [-1, 1], [-1, 1], [-1, 1], [1, -1], [1, -1], [-1, 1], [-1, 1], [-1, 1], [-1, 1], [-1, 1], [-1, 1], [-1, 1], [-1415, 212], [-1, 1], [-1, 1], [-1, 1], [1, -1], [-1, 1], [-1, 1], [-1, 1], [1, -1], [-1, 1], [-1, 1], [-1, 1], [-1, 1], [-1, 1], [-1, 1], [-1, 1], [-1, 1], [-1, 1], [-1, 1], [-1, 1], [-1, 1], [-1225, -1106], [1, -1], [-1, 1], [-1, 1], [1, -1], [-1, 1], [-1, 1], [-1, 1], [-1, 1], [-1, 1], [-1, 1], [1, -1], [-1, 1], [-1, 1], [-1, 1], [-1, 1], [-1, 1], [1, -1], [-1, 1], [-1, 1], [-1, 1], [-1, 1], [1, -1], [-195, 411], [-1, 1], [39, -2085], [-1, 1], [-1, 1], [-1, 1], [-1, 1], [-1, 1], [-1, 1], [-1, 1], [-1, 1], [-815, 98], [-1, 1], [-1, 1], [59, -692], [-1, 1], [-1, 1], [1, -1], [-1, 1], [-1, 1], [-1, 1], [-1, 1], [-233, 2171], [-1, 1], [-1, 1], [-1, 1], [-1, 1], [-1, 1], [-1, 1], [-1, 1], [-1, 1], [-1, 1], [1, -1], [-1, 1], [-1, 1], [-1, 1], [-1, 1], [-1, 1], [-1, 1], [-1, 1], [-1, 1], [-1, 1], [-1, 1], [-1, 1], [-1, 1], [-1, 1], [-1, 1], [-1, 1], [1173, -1206], [-1, 1], [-1, 1], [-1, 1], [-1, 1], [-1, 1], [-1, 1], [1183, 320], [-1, 1], [-1, 1], [-1, 1], [-1, 1], [-1, 1], [-1, 1], [-1, 1], [-1, 1], [-1, 1], [-1, 1], [-1, 1], [-1, 1], [-1, 1], [1, -1], [-149, -1189], [-1, 1], [-1, 1], [1, -1], [1, -1], [-1, 1], [-1, 1], [-1, 1], [-1, 1], [-1, 1], [1, -1], [-1, 1], [-1, 1], [-1, 1], [-1, 1], [-1, 1], [-1, 1], [-1, 1], [135, -954], [-1, 1], [-1, 1], [-1, 1], [-1, 1], [-1, 1], [-1151, 176], [-1, 1], [-1, 1], [-1, 1], [1, -1], [1, -1], [-1, 1], [-1, 1], [-1, 1], [-1, 1], [-973, 1531], [-1, 1], [-1, 1], [-1, 1], [-1, 1], [-1, 1], [-1, 1], [-1, 1], [-1, 1], [-1039, 229], [-1, 1], [-1, 1], [-1, 1], [-1, 1], [-1, 1], [-1, 1], [-1, 1], [-1, 1], [-1, 1], [-1, 1], [-1, 1], [-771, 240], [-1, 1], [-1, 1], [1, -1], [-1, 1], [1, -1], [-1, 1], [-1, 1], [-1, 1], [-1, 1], [-1, 1], [-1283, 98], [-1, 1], [-1, 1], [-1, 1], [-1, 1], [-1, 1], [-1, 1], [-1, 1], [-1, 1], [-1, 1], [-1, 1], [1021, -667], [-1, 1], [-1, 1], [-1, 1], [-1, 1], [-1, 1], [-1, 1], [-1, 1], [227, -539], [-1, 1], [-707, -988], [-1, 1], [-1, 1], [-1, 1], [-1, 1], [-1, 1], [-1, 1], [-1, 1], [-1, 1], [1, -1], [-1, 1], [-1, 1], [-1, 1], [-1, 1], [-1, 1], [-53, -1144], [-1, 1], [-1, 1], [-1, 1], [-1, 1], [695, -1235], [-1, 1], [-1, 1], [-1, 1], [-1, 1], [-1, 1], [-1, 1], [-1, 1], [-1, 1], [-1, 1], [-1, 1], [-185, -2221], [-1, 1], [-1, 1], [-1, 1], [-1, 1], [1, -1], [-1, 1], [1, -1], [-1, 1], [-1, 1], [-1, 1], [-1, 1], [-1, 1], [-1, 1], [-1, 1], [-1, 1], [-1, 1], [-1, 1], [-1, 1], [-1, 1], [-1, 1], [-1, 1], [-1, 1], [1, -1], [-1, 1], [1, -1], [-1, 1], [-1, 1], [-1, 1], [-1, 1], [-1, 1], [-1, 1], [-1, 1], [-1139, -202], [-1, 1], [-1, 1], [-1, 1], [-1, 1], [-1, 1], [-1, 1], [-1, 1], [-1, 1], [-1, 1], [1, -1], [-1, 1], [-1, 1], [-1, 1], [-1, 1], [-1, 1], [-1, 1], [-1, 1], [-1, 1], [-1, 1], [1, -1], [-1, 1], [1719, -123], [-1, 1], [-1, 1], [-1, 1], [-1, 1], [-1, 1], [-1, 1], [3, -1440], [535, 1166], [-1, 1], [-1, 1], [-1, 1], [-1, 1], [-1, 1], [-1, 1], [-1, 1], [-1, 1], [-1, 1], [-1, 1], [-1, 1], [-1, 1], [1, -1], [-1, 1], [-875, -1564], [-1, 1], [-1, 1], [-1, 1], [-1, 1], [-1, 1], [-1, 1], [-1, 1], [-1, 1], [1, -1], [1, -1], [-1, 1], [-1, 1], [-1, 1], [1, -1], [-1, 1], [-1, 1], [-1, 1], [-1, 1], [-1, 1], [-1, 1], [-1, 1], [-1, 1], [1, -1], [-1, 1], [-1, 1], [-1, 1], [-1, 1], [-1, 1], [-1, 1], [-1, 1], [-1, 1], [-1, 1], [-1, 1], [-1, 1], [-1, 1], [-1, 1], [-1, 1], [205, -2062], [-1, 1], [-1, 1], [-1, 1], [-1, 1], [-1, 1], [-1, 1], [-1, 1], [-1, 1], [-1, 1], [-1, 1], [-1, 1], [-1, 1], [-1, 1], [-1, 1], [-1, 1], [-1, 1], [-1, 1], [-1, 1], [-1, 1], [-1, 1], [1, -1], [-1, 1], [-1, 1], [-1, 1], [1, -1], [-1, 1], [-1003, 568], [-1, 1], [-1, 1], [-1, 1], [-1, 1], [-1, 1], [-1, 1], [-1, 1], [883, -34], [-1, 1], [-993, 108], [-1, 1], [-1, 1], [-1, 1], [-1, 1], [-1, 1], [-1, 1], [-575, -718], [-1, 1], [-1, 1], [-1, 1], [-2077, -941], [-1, 1], [-1, 1], [-1, 1], [1, -1], [-1, 1], [-1, 1], [-1, 1], [-1, 1], [-1, 1], [-1, 1], [-1, 1], [-1, 1], [-1, 1], [-1, 1], [-1, 1], [-1, 1], [1, -1], [-1, 1], [-1, 1], [-1, 1], [-1, 1], [-1, 1], [-1, 1], [1, -1], [-1, 1], [-1, 1], [-1, 1], [1, -1], [-1, 1], [-1, 1], [-1, 1], [-1, 1], [-1, 1], [-1, 1], [-1, 1], [-1, 1], [1, -1], [-1, 1], [-1, 1], [-1, 1], [-1, 1], [-1, 1], [-1, 1], [-1, 1], [-1, 1], [-1, 1], [-1, 1], [-1, 1], [-1, 1], [-1, 1], [-1, 1], [333, -840], [-259, 574], [-1, 1], [-1, 1], [-1, 1], [-1, 1], [1193, -671], [-1, 1], [-1, 1], [-1, 1], [-1, 1], [-1, 1], [-1, 1], [-1, 1], [-1, 1], [-1, 1], [-1, 1], [-1, 1], [-1, 1], [1, -1], [-1, 1], [1, -1], [-1, 1], [-1, 1], [-1, 1], [-1, 1], [1, -1], [-1, 1], [-1, 1], [-1, 1], [-1, 1], [-1, 1], [151, -1219], [-1, 1], [-1, 1], [-1, 1], [-1, 1], [-1, 1], [-1, 1], [-1, 1], [1, -1], [-1, 1], [-1, 1], [-1, 1], [-1, 1], [1, -1], [-1, 1], [-1, 1], [-1, 1], [-1, 1], [-1, 1], [-1, 1], [-1, 1], [-1, 1], [1, -1], [-1, 1], [-1, 1], [-1, 1], [-1, 1], [-1, 1], [-1, 1], [-1, 1], [-1, 1], [-1, 1], [1, -1], [-1, 1], [-1, 1], [-1, 1], [-1, 1], [-1, 1], [-1, 1], [-1, 1], [-1, 1], [-1, 1], [-1, 1], [-1, 1], [-1, 1], [-1151, 326], [1, -1], [-1, 1], [219, -849], [-1, 1], [-1, 1], [-1, 1], [1, -1], [1, -1], [-1, 1], [-1, 1], [1, -1], [-1, 1], [35, -1427], [1, -1], [-309, 243], [-1, 1], [-1, 1], [-1, 1], [-1, 1], [-1, 1], [-1, 1], [-1785, -1353], [-1, 1], [-1, 1], [-1, 1], [-1, 1], [-1, 1], [-1, 1], [-1, 1], [-1, 1], [-1, 1], [-1, 1], [1, -1], [-1, 1], [-1, 1], [-1, 1], [-1, 1], [-1, 1], [-1, 1], [-1, 1], [-1, 1], [-1, 1], [-1209, 84], [-1, 1], [-1, 1], [-1, 1], [-1, 1], [1, -1], [-1, 1], [-1, 1], [-1, 1], [-1, 1], [1, -1], [-1, 1], [-1, 1], [-1, 1], [-1, 1], [-1, 1], [-1, 1], [-1, 1], [-1, 1], [-1, 1], [-1, 1], [1, -1], [-1, 1], [1, -1], [1, -1], [-1, 1], [-1, 1], [-1, 1], [-1, 1], [-1, 1], [1, -1], [-1, 1], [-1, 1], [-1, 1], [-1, 1], [-1, 1], [-1, 1], [-1, 1], [1, -1], [-1, 1], [-1, 1], [-1, 1], [1, -1], [-1, 1], [-1, 1], [1, -1], [-1, 1], [-1, 1], [-1, 1], [-1, 1], [-1, 1], [-1, 1], [1, -1], [-1, 1], [-409, 1024], [1, -1], [-1, 1], [-1, 1], [1, -1], [1, -1], [-1, 1], [-1, 1], [833, -1247], [1, -1], [1, -1], [-1, 1], [-1, 1], [-1, 1], [-1, 1], [-1, 1], [-1, 1], [-1, 1], [-1, 1], [-1, 1], [-1, 1], [-1, 1], [-1, 1], [1, -1], [-861, -1053], [-1, 1], [-1, 1], [-1, 1], [-1, 1], [-1, 1], [-1, 1], [-1, 1], [-1, 1], [-1, 1], [1, -1], [-1, 1], [-1, 1], [-1, 1], [1, -1], [-1, 1], [-1, 1], [1, -1], [-1, 1], [-1, 1], [-1, 1], [-1, 1], [-1, 1], [-1, 1], [1, -1], [-1, 1], [-1, 1], [-1, 1], [-1, 1], [-1, 1], [-1, 1], [-1, 1], [-1, 1], [-1, 1], [-1, 1], [-1, 1], [-1, 1], [-1, 1], [-1, 1], [-1, 1], [-1, 1], [-1, 1], [-1, 1], [-1, 1], [-1, 1], [-1, 1], [-1, 1], [-1, 1], [-1, 1], [-2135, -589], [-1, 1], [-1, 1], [1, -1], [-1, 1], [-123, -534], [1, -1], [-1, 1], [-1, 1], [-1, 1], [-1, 1], [-1, 1], [-1, 1], [-1, 1], [1, -1], [-1, 1], [-1, 1], [-1, 1], [-1, 1], [-1, 1], [-1, 1], [-1, 1], [-1, 1], [-1, 1], [-1, 1], [-1, 1], [1, -1], [-1, 1], [-1, 1], [-1, 1], [-1, 1], [-1337, -403], [-1, 1], [-1, 1], [-1, 1], [-1, 1], [-1, 1], [-1, 1], [-1, 1], [-1, 1], [-1, 1], [-1, 1], [-1, 1], [-1, 1], [-1, 1], [1013, 640], [-1, 1], [-1, 1], [-1, 1], [-1, 1], [-1, 1], [-1, 1], [-1, 1], [1, -1], [-1, 1], [-1, 1], [-1, 1], [-1, 1], [-1, 1], [-1, 1], [-1, 1], [1, -1], [-1, 1], [-1, 1], [-1, 1], [-1, 1], [-1, 1], [-1, 1], [-1, 1], [-1, 1], [-1, 1], [1, -1], [-1, 1], [1265, -1067], [-1, 1], [-1, 1], [-1, 1], [-1, 1], [-1, 1], [-1, 1], [-1, 1], [-1, 1], [-1, 1], [-1, 1], [-1, 1], [-1, 1], [-1, 1], [-1, 1], [-497, -1159]]

exec_time (ms): 190434.44561958313 ms
exec_time: 3m 10s 434.4456195831299ms