N: 39
n: 6
number_of_primes (d): 2
exp_register_width (qd): 5
primes: [2, 5]

R: 5431
T: 5
t: 14
delta: 0.00018412815319462345
delta_inv: 5431Percent of combinations (with positive values of result vector) that gives % N = 1: 65.1%
Percent of combinations (with positive values of result vector) that give p and q: 39.4%
Vectors that gives p and q: [[897, -1395], [-324, 1334], [1545, 1857], [60, -790], [1080, -1190], [-510, 1464], [-75, 2605], [387, 2359], [-1086, 300], [-3, 1], [-1674, -136], [-654, -484], [-588, 326], [-1113, -465], [1362, -1996], [597, -987], [-225, 1039], [-1110, 120], [1224, -62], [-357, 1363], [-711, 437], [378, -1028], [-927, -927], [210, -684], [567, -1141], [-2091, -1359], [2175, 1523], [402, 1260], [-591, -1011], [-558, -196], [1068, 1510], [-807, 149], [-336, -938], [-267, -799], [351, -509], [-741, -1681], [54, -1148], [606, 1744], [-225, -505], [-279, -1015], [-1056, -1794], [-177, -497], [-6, 1028], [240, -766], [-1713, 1435], [-591, -1299], [252, -662], [-819, 101], [1362, -280], [1335, -1413], [1434, 2220], [-459, -271], [-684, 134], [816, -118], [714, -112], [-534, -1088], [198, -1212], [-1200, -1102], [-756, 322], [477, -579], [33, -891], [-276, 1494], [-708, 102], [-513, -525], [795, 2047], [-1365, 583], [-390, -500], [1854, -464], [-384, -882], [-1266, 688], [-2133, -701], [-1113, 239], [-576, 822], [597, 1237], [-1107, -167], [-465, -1293], [-816, 1246], [624, 2222], [-390, -1256], [-603, -775], [-1641, 275], [1413, -307], [-1428, -138], [2460, -366], [1608, -714], [-2271, 509], [-2232, -2094], [-474, -964], [-663, 969], [-870, -1252], [-90, 1200], [-597, 1163], [-1044, 1594], [-537, -113], [-780, 510], [576, -818], [-1119, 13], [-933, 535], [636, -26], [-1602, 948], [-537, -289], [324, 478], [168, -674], [-663, 25], [1002, -1076], [792, -362], [201, -1127], [-954, 1080], [240, -538], [-627, 117], [-489, -1049], [-336, 1074], [-780, -890], [-696, 94], [-1344, 1682], [-2349, -493], [-81, -625], [-999, -851], [540, -798], [-1440, -30], [171, -721], [375, -733], [-774, 384], [33, -747], [867, -1273], [-114, 644], [996, -850], [1587, -1209], [-810, 524], [1029, -47], [243, 919], [1191, -1357], [-1011, -127], [1359, 875], [-3, 1], [456, -1266], [1644, 598], [1482, 972], [2310, 1704], [201, -747], [-195, -1083], [48, 2030], [-1959, 981], [300, -1298], [-1284, -1406], [756, 406], [1626, -1104], [-1884, -526], [510, -960], [-3, 1713], [600, 486], [-738, 116], [-948, 398], [81, -1143], [-807, 305], [1179, -193], [1701, -1555], [342, -816], [-660, 1266], [297, -1079], [-1659, 77], [-714, 64], [-1260, -2494], [-654, -2240], [-270, 728], [1059, 811], [1299, 111], [1359, 43], [-807, -1043], [-618, 60], [363, -941], [69, -1099], [1482, -1024], [1338, 1820], [-486, 384], [-1368, -1354], [-1206, 244], [0, 2622], [-333, -513], [-1116, -126], [726, -88], [-780, -1586], [-753, -137], [-603, 129], [-90, -1544], [-486, 1612], [-879, 1573], [-465, 739], [-1788, 358], [-2370, 176], [396, -1270], [1215, 727], [363, -665], [837, -955], [-1362, 860], [1230, -780], [-1026, 60], [-645, 983], [-966, 1980], [-576, -1394], [-1332, -886], [-636, -1254], [-882, -1164], [-828, 418], [-207, -1923], [-933, 327], [741, -231], [-504, -270], [303, 1379], [150, -1112], [-1908, 554], [-474, -432], [-1608, 586], [768, 550], [-558, 1256], [1212, -686], [-1230, -604], [-600, -118], [-1200, 1110], [-1149, -1161], [-732, 94], [-660, 390], [-489, -1117], [-702, -2792], [1461, 113], [-1701, -1653], [1932, -1506], [597, -1531], [-1206, 548], [705, -115], [765, -747], [2490, 56], [-1197, 79], [-423, -627], [-1713, 819], [579, 555], [-1035, 205], [795, 1223], [-942, 364], [1080, -38], [78, 1160], [663, -989], [945, 1129], [1599, -481], [255, -985], [-909, 395], [129, -891], [-672, 358], [1311, 711], [753, -307], [909, -915], [-981, 431], [-963, -1343], [-156, -486], [-1203, -783], [-72, -982], [-2121, 907], [678, -1228], [498, 1348], [-651, -1047], [1317, -891], [1911, -113], [483, 271], [-1467, 325], [1548, 1714], [-1368, 1370], [-123, -1551], [-204, 806], [1239, 435], [1236, 1378], [-570, -328], [633, 1513], [720, -30], [162, 1092], [-546, -76], [1212, -1026], [-522, -252], [-648, -78], [-2304, -1678], [129, -987], [-438, 1228], [-294, -2172], [-1254, 580], [-978, -860], [1257, 557], [-408, -1386], [-1548, -894], [861, 1069], [432, -970], [354, -1344], [-120, -962], [1197, -1171], [513, -403], [-405, 1547], [2256, -930], [723, 531], [-711, -2423], [-183, -931], [-1908, -834], [1266, 1440], [-1266, 480], [-1491, 1597], [-153, 771], [570, -920], [-1206, 1280], [-630, 20], [-1104, -582], [783, -697], [-957, -2017], [-1038, 808], [489, -1047], [-1227, 301], [-795, 501], [-1182, -1332], [-138, 1540], [-282, -440], [1137, -1239], [-735, 209], [-1947, -419], [-165, 811], [-516, -666], [-1287, 13], [1932, -674], [-513, -885], [336, -1426], [231, -1417], [-1221, -1313], [-1434, 76], [-624, -6], [651, -121], [1095, 1659], [-711, 385], [-465, -417], [-3, 1], [1206, -292], [1308, -1054], [1629, -947], [-1320, -34], [186, -516], [-1578, -1032], [42, -924], [-1056, 710], [-555, -203], [-570, -800], [-450, -360], [-528, -398], [-1107, -711], [-921, 59], [435, 2119], [-552, -642], [-507, 209], [-138, 1244], [1989, 321], [-282, 1740], [-1896, -426], [33, -1107], [1389, -1295], [-1593, 3], [96, 1454], [-1956, -898], [-558, -1092], [1110, -756], [750, 2328], [-1425, -257], [417, -1015], [459, -1137], [-768, 846], [1224, 1430], [1437, 1237], [-1098, 572], [-1935, -1591], [-666, 104], [135, -701], [-765, 1339], [-1434, 240], [1920, -142], [906, -1380], [-1455, 57], [-1494, -32], [-132, 418], [348, -1498], [-744, 258], [-45, 1515], [-669, 1939], [1986, -184], [777, 929], [-306, 1936], [-1086, 1120], [1350, -1320], [-1098, 444], [-732, 166], [2115, 979], [765, -1075], [-1980, -578]]

exec_time (ms): 271910.83669662476 ms
exec_time: 4m 31s 910.8366966247559ms