N: 51
n: 6
number_of_primes (d): 2
exp_register_width (qd): 5
primes: [2, 5]

R: 5431
T: 5
t: 14
delta: 0.00018412815319462345
delta_inv: 5431Percent of combinations (with positive values of result vector) that gives % N = 1: 53.6%
Percent of combinations (with positive values of result vector) that give p and q: 31.4%
Vectors that gives p and q: [[244, -1024], [665, 666], [573, 2], [1338, 1308], [1580, -752], [1187, 1630], [-808, -344], [-579, 98], [-410, -876], [161, -614], [2231, -314], [-1730, 68], [-524, 720], [1316, 1488], [132, -1520], [-973, -642], [109, -1262], [-1381, 830], [-763, 290], [-510, -516], [-1180, -176], [1318, -1852], [-2087, -438], [1262, -828], [1069, -990], [-1180, 128], [1573, -702], [-838, 444], [2117, -462], [884, -1392], [-607, 1194], [450, -660], [737, 282], [-1200, -696], [-2328, 24], [-1124, 1968], [-1998, -836], [-668, 144], [-394, 820], [214, -1180], [-2168, -1624], [-1099, -2446], [-1013, 1582], [-745, 790], [-964, -1840], [-868, -1888], [-777, 214], [436, 816], [-626, 212], [897, -1030], [-841, 262], [-1053, 366], [358, 740], [291, -658], [983, -1978], [-1577, -1722], [-1680, -1064], [-607, -534], [2409, 1562], [-749, -50], [284, -896], [971, -1506], [-666, -252], [-164, 1152], [340, -800], [587, 2238], [-1683, -926], [-1388, -336], [-806, 332], [1528, -616], [-955, -206], [-744, -2680], [-134, 1180], [1068, -1504], [392, -1272], [38, 740], [1902, -780], [-759, 810], [-607, -86], [-2326, -548], [1183, 358], [-540, -416], [447, -714], [-905, -682], [73, -1318], [-1597, 334], [1856, -888], [1603, -658], [555, -786], [-1074, -1004], [-1165, -418], [-2158, -276], [-700, 1376], [-1205, 894], [957, 1730], [-1626, 276], [-614, 1804], [358, -556], [-940, 352], [-1395, -974], [-991, -1158], [-236, -720], [-16, -1064], [-1578, -380], [-660, 304], [-1274, -764], [-1463, 1322], [-749, -802], [140, 1408], [1161, -870], [-1108, 1744], [-1441, 742], [-1454, -116], [-796, -1520], [207, -778], [8, -1352], [752, 72], [-216, -552], [-658, -732], [764, -2624], [-1785, -2090], [1804, 320], [630, -188], [-66, -3068], [75, -1202], [-567, 282], [-2736, 72], [1862, 2244], [-1183, -838], [448, 1256], [-837, -754], [-1632, -824], [-1898, 356], [1193, 10], [687, -10], [-1301, -2466], [2040, -56], [1545, 74], [48, -696], [-1984, 712], [-95, 1226], [-191, -950], [-760, 296], [-1554, 660], [-564, -2736], [-32, -2328], [-471, -598], [-805, 174], [1789, 1058], [-444, 144], [-1578, -1100], [-1345, 1942], [-257, -874], [651, 1342], [-310, -788], [-1028, -1008], [1456, -648], [1961, -902], [-1519, -166], [-959, -1254], [-416, -968], [1282, -1268], [-842, 196], [-1203, -958], [-1573, -2322], [-1124, -80], [942, 756], [531, 990], [-269, -562], [-569, -698], [999, 1206], [240, 2088], [-735, 1402], [-547, -2110], [1447, 230], [-974, 332], [438, -604], [-101, 1326], [-1095, 1594], [-2273, -538], [1212, 912], [1730, 1052], [976, 1160], [1255, -26], [-2045, 1134], [-848, -888], [-1210, 516], [-882, 36], [-1881, -1066], [-1339, 802], [1421, -142], [-1316, -496], [-921, -970], [-316, -960], [612, -832], [-865, 902], [-1270, -708], [-726, -84], [1693, -638], [-761, 118], [-790, 396], [-84, -560], [-588, 160], [1929, 186], [-294, 1340], [291, -2530], [-57, 1334], [1570, -996], [-802, -444], [1167, -746], [619, 990], [754, -212], [-1443, 818], [-630, 124], [-2175, 1066], [-1961, 854], [-670, -692], [1629, -1278], [-671, -886], [-2, -1404], [-1247, 10], [-688, 296], [-344, -1208], [-311, -998], [1353, 442], [-348, 1184], [-1264, -2520], [-1178, 1604], [1919, -218], [-1851, -1294], [1490, 588], [143, -538], [-989, -1650], [-968, 440], [513, 794], [243, -546], [-508, -688], [-883, 1394], [646, -92], [-512, 856], [-866, 2132], [-619, -238], [-977, 598], [-181, -1266], [86, -1116], [-25, 662], [1533, 146], [1882, 940], [789, -14], [18, -1060], [-15, -710], [1105, -710], [-978, 1444], [1310, -924], [-929, 246], [1089, -838], [-144, 1448], [-659, 114], [880, -1448], [1061, 914], [132, -1520], [-164, -960], [-1009, 454], [-802, 164], [-470, -980], [463, 486], [240, 1416], [2005, 978], [-744, 344], [707, -386], [208, -1304], [13, -1230], [532, -1168], [1127, -1578], [164, -784], [-1606, -84], [1637, -2142], [1133, -1230], [-538, -396], [-1217, -522], [-1496, 440], [-1192, -1032], [152, -1656], [-611, 146], [-1180, -720], [-1364, 224], [-651, 194], [1216, 824], [237, -990], [1065, 1082], [-712, 344], [777, -662], [2016, -696], [-1308, -368], [-1521, 38], [-1993, 38], [-766, 236], [-823, 1594], [-747, 450], [-558, 300], [-1213, -642], [-1730, 500], [-181, -914], [-587, 1522], [967, 1126], [-694, 364], [-297, -1002], [-963, -1150], [1058, -1108], [-163, -1710], [-339, -1966], [-664, -8], [-874, 516], [-954, -540]]

exec_time (ms): 263159.3396663666 ms
exec_time: 4m 23s 159.33966636657715ms