N: 57
n: 6
number_of_primes (d): 2
exp_register_width (qd): 5
primes: [2, 5]

R: 5431
T: 5
t: 14
delta: 0.00018412815319462345
delta_inv: 5431Percent of combinations (with positive values of result vector) that gives % N = 1: 48.9%
Percent of combinations (with positive values of result vector) that give p and q: 28.5%
Vectors that gives p and q: [[-71, -535], [-134, 1733], [-472, 331], [876, -543], [901, -823], [383, -965], [-1324, 985], [-638, 275], [-115, -683], [-70, -521], [-2051, -949], [-55, 571], [-528, -993], [513, -531], [-109, -1841], [-869, -1573], [-1141, -1097], [-453, 201], [74, -665], [-127, -473], [-241, -1007], [-1121, -385], [12, -1497], [-624, 93], [1279, 1517], [784, -751], [-1489, 1105], [534, 1437], [-731, 557], [-980, -193], [-1017, 243], [726, -771], [-709, -449], [-707, 191], [1766, 991], [-804, -537], [431, 895], [-250, -2555], [-822, -1401], [-1729, 1183], [-573, -39], [-772, 307], [-1127, -127], [-418, -2369], [-1723, 1339], [-1305, 99], [1572, 1443], [618, -537], [-964, 1399], [583, -541], [-402, -849], [-72, -657], [-2778, -21], [402, -951], [-1658, 1061], [818, -2525], [58, -1645], [-575, -1057], [-1090, 67], [197, -725], [-2174, -1141], [456, 741], [-678, -735], [-420, 1059], [201, 663], [-488, -685], [-627, 699], [-21, 759], [1655, -1949], [-29, 1601], [1123, -109], [1181, -1205], [2014, 503], [-474, -471], [834, -105], [-1842, -435], [-487, -743], [-525, 3], [-123, -1641], [257, -713], [546, 1587], [961, -2017], [-705, 579], [-1557, 873], [-1033, -467], [-1480, 637], [1744, -1621], [-650, 1205], [-20, -1297], [-584, 131], [-2014, -683], [905, 313], [-645, -1047], [-1115, 545], [1070, -923], [-529, -539], [1956, 231], [200, -467], [1161, -45], [-344, -2593], [-692, 203], [1834, -37], [268, -541], [1714, -313], [-1740, 579], [-140, 1199], [856, -2641], [419, 1681], [-1042, 487], [-1770, 663], [501, 3], [-821, -145], [-401, 281], [1618, 1583], [238, -2275], [-1387, -1103], [-1322, -1489], [-892, -401], [-106, 1783], [-955, 103], [-814, 493], [92, 1135], [721, -751], [640, 113], [-166, 619], [658, -49], [56, -1115], [631, -625], [-958, 727], [1196, -1463], [375, -1329], [-664, 1243], [-556, -521], [618, -1545], [-525, 147], [-1399, -101], [-495, -1215], [838, -13], [-315, 549], [-1535, 911], [590, 475], [-1232, -481], [1693, -373], [-944, -1021], [-374, -817], [769, 605], [1409, 1573], [604, -31], [646, 1979], [-1456, -1763], [162, -621], [-1234, 1003], [219, 915], [-1141, 145], [689, -677], [-3, 705], [-927, -819], [1217, -1601], [2219, -335], [600, 57], [-579, -609], [603, -441], [251, -959], [2011, 191], [2242, -1003], [322, 1187], [1268, 733], [599, 619], [-492, -489], [21, -723], [-1523, 1547], [590, -551], [-1255, 673], [-1734, 483], [1049, -101], [-2281, -1487], [-1639, -1103], [1234, -1435], [396, 1701], [-1282, 223], [673, 2069], [582, 813], [-1105, 307], [-2230, 469], [321, -1275], [-93, -1023], [-495, -1791], [799, -2053], [-566, 365], [-895, -767], [542, -1061], [-1534, -1055], [709, 863], [-1048, 1177], [-791, 653], [951, -483], [67, -2257], [-1504, 535], [311, -857], [-113, -907], [423, 1809], [-1076, 623], [-1067, 731], [-107, -1093], [-1166, -565], [-122, -2671], [1679, -983], [-411, -489], [577, -1291], [-1561, -1379], [-2146, -515], [-976, 1591], [711, 891], [1616, -965], [1352, -1043], [-1414, 805], [-523, -635], [15, -1023], [314, -2057], [750, -669], [-1044, -9], [826, -1387], [1170, -135], [-818, 257], [-1052, -13], [230, -767], [541, 1301], [-580, 133], [-900, 1269], [277, -1243], [617, -1487], [483, -2031], [1112, -371], [1732, 1253], [-623, -55], [-984, 1083], [1746, 873], [-410, 245], [24, -555], [440, -545], [-966, -1743], [814, -1609], [1269, 99], [-1865, -1333], [359, -1085], [-1492, -1511], [-1362, -213], [-294, -1155], [-825, -1353], [1141, -829], [-1943, 293], [-780, 69], [-1023, 825], [-350, -643], [-78, -1605], [-250, -935], [1582, -109], [-296, -985], [-46, 1687], [-1152, 783], [-663, -363], [867, -849], [-833, 425], [-429, 357], [1920, 555], [-240, 627], [1262, -2087], [-138, 795], [-943, 541], [422, -1643], [1872, -1197], [882, 549], [-564, -93], [981, 1827], [876, -705], [-648, 1125], [1615, -367], [-802, 319], [582, 453], [18, -1629], [-531, 1395], [-1577, 107], [899, -1337], [-529, -305], [1579, 29]]

exec_time (ms): 265052.38461494446 ms
exec_time: 4m 25s 52.38461494445801ms