N: 69
n: 7
number_of_primes (d): 2
exp_register_width (qd): 5
primes: [2, 5]

R: 6517
T: 6
t: 15
delta: 0.00015344483658124905
delta_inv: 6517Percent of combinations (with positive values of result vector) that gives % N = 1: 49.8%
Percent of combinations (with positive values of result vector) that give p and q: 29.1%
Vectors that gives p and q: [[-2077, -1984], [201, -1821], [1869, 2103], [69, -1139], [-1011, -651], [-1, 2], [563, 2251], [905, -1810], [725, -1307], [-2727, -1135], [355, 1424], [-2067, -2246], [1833, -1004], [-1, 2], [635, 1040], [-2385, -2171], [-2005, -962], [-47, -1215], [-1145, -31], [-229, -2138], [-2627, 249], [1, -2], [-1419, 165], [1163, -1468], [143, -2167], [2161, 1057], [-1, 2], [1, -2], [1, -2], [-407, -1078], [2807, 1976], [2733, -758], [1, -2], [-2007, -2091], [1, -2], [-1, 2], [-2389, -1371], [1, -2], [-777, -745], [-1, 2], [3925, 125], [1133, -1122], [-1, 2], [-707, 2470], [2247, -1887], [341, -1353], [-2025, 2180], [1599, -1416], [63, -2909], [549, -1054], [1287, -1694], [-1071, -2401], [441, 1219], [-3189, -24], [-1415, 135], [-1659, 1734], [-1, 2], [2043, 1150], [-1087, 51], [-2629, 286], [-889, -1643], [-3341, 159], [-1133, 341], [-533, -1629], [-1049, -2159], [-1, 2], [-1, 2], [-2587, 1863], [-2397, -1839], [-847, 253], [239, 336], [479, -2212], [549, -823], [905, -765], [15, -2461], [1, -2], [1621, -1570], [1, -2], [555, -2683], [-2357, -1281], [-1117, 1], [1193, -1055], [-551, -2264], [-659, -2103], [-3071, -73], [1, -2], [-1407, 911], [-2509, -2176], [-1273, 489], [-3209, 82], [-1, 2], [1289, -2105], [857, 398], [2499, -1533], [-1077, -1531], [-1197, 568], [287, -1542], [-129, -2030], [-1869, 944], [141, 1797], [1071, -1889], [-1545, 230], [-639, 24], [-13, -1613], [795, -402], [-1747, 755], [-2419, -1344], [2543, 29], [1, -2], [-193, -1110], [-2093, 1381], [1513, -1475], [821, 2351], [-7, -1185], [557, -1950], [-835, -1410], [635, 2107], [441, -2026], [-1501, 1473], [465, -1084], [231, -1485], [-1, 2], [-157, 3702], [-1449, 1446], [-1995, 74], [445, 1959], [-1447, 133], [-1253, -1036], [1, -2], [1773, -2336], [-755, 1862], [415, -2216], [537, -2449], [-3057, -739], [1799, 538], [-1, 2], [703, -1252], [-133, -1120], [-1317, 115], [-905, -1204], [-157, -2073], [-1155, 539], [1, -2], [-93, -1310], [-1649, -2059], [-1, 2], [1, -2], [-581, -1115], [-865, -547], [-2901, -1172], [245, 2997], [-797, -551], [-839, 292], [799, -2786], [-1225, -1114], [1, -2], [-767, -941], [-1081, 83], [-2427, -2219], [195, 2459], [1, -2], [-493, 2449], [-1251, 60], [-525, -2173], [-93, -1981], [2313, -1557], [2409, -319], [-1559, 93], [-963, 364], [-1, 2], [381, -1334], [1, -2], [1127, 1574], [-589, -956], [291, 2058], [1397, -1287], [-1049, -2071], [-1277, -1109], [-1111, 770], [879, 354], [2841, -666], [43, -2132], [-347, 1145], [1065, -1437], [531, -864], [-1189, 1938], [-925, -515], [-415, 1017], [2681, -5], [-661, -878], [-1047, -40], [465, -1029], [-125, -1378], [-1253, -2873], [-1469, 45], [-1, 2], [-1673, 1366], [321, -2226], [-51, -1999], [1007, 1682], [-785, 217], [-743, -3772], [-1, 2], [-1919, 505], [-1831, -1013], [-2643, 391], [-1, 2], [645, 1636], [1325, -98], [2693, 1192], [-1315, 1486], [-1361, -2041], [-757, -939], [-1301, -2480], [-2701, -1242], [-695, -1129], [-1075, 82], [-3523, 1799], [-1497, 1311], [745, 1546], [-2529, -178], [-1395, -1555], [-3137, -524], [-2495, -2325], [1291, 278], [-1289, 312], [1101, 449], [837, -992], [829, -1834], [1861, -1357], [1385, 926], [1635, -1642], [-1, 2], [-2041, -1748], [1, -2], [-2827, 1375], [-1, 2], [1013, -1201], [-3515, 1035], [255, 3560], [515, -1074], [1199, -1991], [-2741, -1184], [-1475, 2015], [-1, 2], [-1795, 1676], [905, -1359], [-2495, -1104], [-861, 1293], [-1023, 396], [-411, -1037], [293, -2456], [349, -720], [149, -1178], [563, -620], [1213, -1623], [-1615, 1580], [349, -1281], [-1413, 494], [1339, 2129], [-1295, 280], [-939, -1708], [1285, -337], [1, -2], [1, -2], [-2469, -1145], [-2653, 224], [-95, -2098], [1, -2], [-1461, 1107], [-1569, -1394], [-171, -1099], [-905, -863], [237, -2058], [275, -1287], [777, -1400], [-761, -2174], [1491, -870], [-1233, -438], [1393, -443], [-1007, 166], [-3279, 112], [-997, -1955], [1719, -2415], [857, -1142], [503, -1171], [-1245, 70], [1165, -9], [371, -1919], [-117, 1356], [1665, -1207]]

exec_time (ms): 229763.3717060089 ms
exec_time: 3m 49s 763.3717060089111ms