N: 77
n: 7
number_of_primes (d): 2
exp_register_width (qd): 5
primes: [2, 3]

R: 6517
T: 6
t: 15
delta: 0.00015344483658124905
delta_inv: 6517Percent of combinations (with positive values of result vector) that gives % N = 1: 34.9%
Percent of combinations (with positive values of result vector) that give p and q: 20.7%
Vectors that gives p and q: [[-542, -1811], [1, -2], [-916, 1847], [-903, -654], [46, 1183], [-2428, -139], [-1557, 984], [-864, -1617], [-2536, 347], [-1209, -252], [1, -2], [48, -1251], [1192, 1921], [1510, 55], [392, 2021], [-2980, -835], [-2764, 1103], [283, -1856], [-1711, 662], [1, -2], [1, -2], [-1410, -1215], [169, -1298], [27, 666], [1, -2], [232, -2819], [-1088, -779], [-1654, -247], [114, -903], [-1186, 1067], [-1225, 650], [-810, -1095], [2219, -658], [840, -2685], [-1433, -1694], [-237, 2364], [600, 885], [-1451, -1688], [-525, -1380], [-1441, -1918], [1, -2], [1129, -1388], [-1220, -185], [-608, -809], [3, -2016], [-1, 2], [-2342, 139], [199, -1448], [-1, 2], [1685, -640], [-97, 794], [-3034, -127], [661, -1562], [-547, 1724], [-1248, -999], [1047, -1014], [-2864, -347], [-1, 2], [1, -2], [-218, 1651], [1, -2], [-1121, 172], [-1086, -363], [72, -1629], [1913, 1874], [-2219, -542], [1, -2], [1, -2], [-1, 2], [-1742, -1211], [-1731, -1368], [-1079, 1738], [-1370, -1625], [489, -1698], [-1037, 784], [316, -1817], [-2331, 12], [-1411, -58], [-2269, -862], [1197, -1134], [-902, -2141], [1, -2], [-246, -2343], [-1605, 210], [-788, 421], [-1699, -2872], [-1, 2], [-1560, -2085], [1, -2], [215, -1180], [2639, -868], [1, -2], [1824, 2217], [1037, 1466], [1, -2], [-1, 2], [2310, 15], [484, -2303], [-1016, 517], [1505, -1750], [-1, 2], [-1211, -218], [1668, -1281], [2428, -1211], [1384, -1853], [-1956, 417], [1119, -48], [-541, 1502], [-1011, 462], [1817, -334], [-532, 1409], [-723, -2094], [-2613, 216], [1612, -449], [1855, 400], [-3167, -1286], [-1705, -1570], [-1226, 187], [-95, -1040], [-1218, 261], [-296, -1043], [-1, 2], [-958, -3139], [-1, 2], [112, -1439], [-582, -2151], [-1903, -874], [-2219, 268], [-2158, -769], [-2014, -907], [-1155, 270], [-1111, 482], [204, -3483], [487, -1634], [1, -2], [1, -2], [-1576, -763], [3123, -786], [-1619, 388], [1336, 523], [-1971, 1302], [-1700, -935], [-1, 2], [391, -1322], [448, 1939], [854, -1993], [-628, -1189], [2079, -1188], [-461, -338], [1770, 1545], [155, -1210], [-1444, 533], [-1446, 897], [697, 1366], [357, -3084], [-1392, 249], [-771, 552], [-3059, -1472], [257, -1294], [-1416, 87], [-1301, 682], [-1257, 684], [-1, 2], [-2531, 472], [-1731, -648], [-1, 2], [171, -1722], [-1175, -1580], [29, 1142], [306, -1107], [-2129, 538], [-1, 2], [296, -1087], [-1458, 1161], [-739, -2152], [2043, 864], [442, -1559], [-1, 2], [1, -2], [1348, -2321], [-1281, -2088], [-1968, -549], [1225, -290], [2, 1331], [-1, 2], [798, 879], [1, -2], [-502, 629], [-590, -845], [749, -2428], [1877, -94], [1679, -88], [399, -1698], [-1728, -549], [80, -1225], [-1007, 754], [-531, 1662], [-1060, -235], [-837, 234], [-3648, -609], [1, -2], [35, -1450], [-1, 2], [813, 1254], [-1050, 165], [-1170, -1635], [-1732, 1229]]

exec_time (ms): 233136.49249076843 ms
exec_time: 3m 53s 136.49249076843262ms