N: 85
n: 7
number_of_primes (d): 2
exp_register_width (qd): 5
primes: [2, 3]

R: 6517
T: 6
t: 15
delta: 0.00015344483658124905
delta_inv: 6517Percent of combinations (with positive values of result vector) that gives % N = 1: 29.5%
Percent of combinations (with positive values of result vector) that give p and q: 16.1%
Vectors that gives p and q: [[2270, -2308], [-2236, -640], [-1122, -964], [-852, -2784], [-3252, 1248], [338, -2220], [-176, -2040], [-1356, -1168], [498, -780], [-2422, 1300], [164, -1120], [-1426, 556], [-2206, 948], [-32, -1352], [-1106, -36], [1152, -1080], [1532, 1024], [-494, 740], [-774, -988], [-2260, 1376], [-338, -2948], [1220, 960], [1670, -1348], [-1912, -2136], [1136, -1304], [-1080, -2248], [1470, 1500], [-1922, 620], [1828, 1968], [1298, 2548], [-1564, -128], [92, -1216], [480, -1256], [-1642, 348], [-150, -2956], [2, -1468], [-1666, 1884], [-3098, -148], [592, 2808], [1132, -880], [-1662, 564], [-954, 412], [-1312, -56], [2364, -192], [-2162, 76], [244, 2416], [90, -1164], [-1180, -1264], [-1076, 1008], [888, 1160], [694, -1540], [52, 464], [-1452, 64], [228, -1216], [1104, -2056], [-1734, 500], [-592, -1064], [-1244, 1872], [1212, 1104], [1282, 660], [-1002, -2212], [-3156, -240], [-3020, -512], [254, -1396], [-1016, 1592], [-1660, -1280], [3408, 104], [-1602, 508], [968, -1048], [-4196, -2032], [-1452, -32], [-118, -1100], [114, 2068], [-898, 1964], [-2228, -112], [-570, -884], [-534, -956], [-838, -828], [2072, -472], [-1394, 476], [258, -1180], [528, 3240], [-1300, 928], [-502, -2140], [1516, -256], [948, -128], [1482, 772], [-2012, -784], [376, 2728], [-526, -972], [-856, -328], [-3066, -1380], [814, -1796], [-612, -960], [172, -1312], [-2870, -1372], [-1252, 96], [-1132, 1088], [1008, 1208], [-14, -956], [204, -1536], [-2280, -1288], [2520, -568], [-356, -816], [28, 1040], [-738, -2804], [-1746, 316], [-1460, -880], [408, 3032], [1566, 2732], [1940, -192], [-360, 1000], [258, -2348], [-1076, -128], [1014, -1284], [3258, -1020], [2440, -2664], [-1196, -1152], [1894, -1476], [-678, -524], [-1580, 1344], [-2520, -2920], [970, 1012], [-136, 984], [1472, 968], [42, -1212], [-1494, 740], [-1454, 436], [410, 2116], [1606, 348], [160, -3176], [-1894, -3276], [2860, -1968], [-682, -756], [2256, 280], [-2104, 1048], [-1526, -1452], [-1416, 344], [-1716, -736], [-2838, 836], [-842, -1428], [322, 2148], [-1356, 112], [-776, 504], [-582, 2532], [-20, -3328], [-1834, -804], [234, 3012], [3286, -1172], [392, -1800], [648, -552], [-150, 740], [-890, -3028], [-614, -1708], [-1354, 1292], [1130, -1980], [552, -1016], [50, -1788], [-400, -1048], [-2472, -136], [-1144, 1032]]

exec_time (ms): 234761.25359535217 ms
exec_time: 3m 54s 761.2535953521729ms