N: 21
n: 5
number_of_primes (d): 2
exp_register_width (qd): 5
primes: [2, 5]

R: 4345
T: 4
t: 14
delta: 0.00023014959723820482
delta_inv: 4345Percent of combinations (with positive values of result vector) that gives % N = 1: 99.9%
Percent of combinations (with positive values of result vector) that give p and q: 99.3%
Vectors that gives p and q: [[-1, 1], [-1, 1], [-1, 1], [1, -1], [-1, 1], [-1, 1], [-1, 1], [-1, 1], [-1, 1], [-1, 1], [-1, 1], [-1, 1], [-1, 1], [-1, 1], [-1, 1], [-1, 1], [-1, 1], [-1, 1], [-1, 1], [-1, 1], [-1, 1], [-1, 1], [-1, 1], [-1, 1], [-1, 1], [-1, 1], [-1, 1], [-663, 132], [-1, 1], [-1, 1], [-1, 1], [-1, 1], [-1, 1], [-1, 1], [-1, 1], [-1, 1], [-1, 1], [-1, 1], [-1, 1], [-1, 1], [-1, 1], [-1, 1], [-1, 1], [1, -1], [-1, 1], [-1, 1], [-1, 1], [-1, 1], [-1, 1], [-1, 1], [-1, 1], [-1, 1], [-1, 1], [-1, 1], [-1, 1], [-1, 1], [-1, 1], [-1, 1], [-1, 1], [-1, 1], [-1, 1], [1, -1], [-1, 1], [-1, 1], [-1, 1], [1, -1], [-1, 1], [-1, 1], [-1, 1], [-1, 1], [-1, 1], [-1, 1], [-1, 1], [-1, 1], [-1, 1], [1, -1], [-1, 1], [-1, 1], [-1, 1], [-1, 1], [-1, 1], [-1, 1], [-1, 1], [-1, 1], [-1, 1], [-1, 1], [-1, 1], [-1, 1], [1, -1], [-1, 1], [-1, 1], [-1, 1], [-1, 1], [-1, 1], [-1, 1], [-1, 1], [-1, 1], [-1, 1], [-1, 1], [-1, 1], [-1, 1], [1, -1], [-1, 1], [-1, 1], [-1, 1], [-1, 1], [-1, 1], [-1, 1], [-1, 1], [-1, 1], [-1, 1], [1, -1], [-1, 1], [-1, 1], [-1, 1], [-1, 1], [-113, 1145], [-1, 1], [-1, 1], [-1, 1], [-1, 1], [-1, 1], [-1, 1], [-1, 1], [-1, 1], [1, -1], [-1, 1], [-1, 1], [1, -1], [-1, 1], [1, -1], [-1, 1], [-1, 1], [-1, 1], [-1, 1], [-1, 1], [-1, 1], [-1, 1], [-1, 1], [-1, 1], [-1, 1], [-1, 1], [-1, 1], [-1, 1], [-1, 1], [-1, 1], [-1, 1], [-1, 1], [-1, 1], [-1, 1], [-1, 1], [-1, 1], [-1, 1], [-1, 1], [-1, 1], [-1, 1], [-1, 1], [-1, 1], [-1, 1], [-1, 1], [-1, 1], [-1, 1], [-1, 1], [-1, 1], [1, -1], [-1, 1], [1, -1], [-1, 1], [-1, 1], [1, -1], [-1, 1], [-1, 1], [-1, 1], [1, -1], [1, -1], [-1, 1], [1, -1], [1, -1], [-1, 1], [-1, 1], [-1, 1], [-1, 1], [-1, 1], [-1, 1], [-1, 1], [-1, 1], [-1, 1], [-973, -431], [-1, 1], [-1, 1], [-1, 1], [-1, 1], [-1, 1], [-1, 1], [-1, 1], [-1, 1], [-241, -746], [-1, 1], [-1, 1], [1, -1], [-1, 1], [-1, 1], [-1, 1], [-1, 1], [-1, 1], [-1, 1], [-1, 1], [-1, 1], [-1, 1], [-1, 1], [-1, 1], [-1, 1], [-1, 1], [-1, 1], [-1, 1], [-1, 1], [629, -629], [-1, 1], [-1, 1], [1, -1], [-1, 1], [-1, 1], [-1, 1], [-1, 1], [-1, 1], [-1, 1], [-1, 1], [-1, 1], [-1, 1], [-1, 1], [-1, 1], [1, -1], [-1, 1], [-1, 1], [-1, 1], [-1, 1], [-1, 1], [-1, 1], [-1, 1], [-1, 1], [-1, 1], [-1, 1], [-1, 1], [-1, 1], [-1, 1], [-1, 1], [-1, 1], [-1, 1], [-1, 1], [-1, 1], [-1, 1], [-1, 1], [-1, 1], [-1, 1], [-1, 1], [-1, 1], [-1, 1], [-1, 1], [-1, 1], [-1, 1], [-1, 1], [-1, 1], [-1, 1], [-1, 1], [-1, 1], [-1, 1], [-1, 1], [-1, 1], [-1, 1], [-1, 1], [-1, 1], [-1, 1], [-1, 1], [-1, 1], [-1, 1], [-1, 1], [-1, 1], [-1, 1], [-1, 1], [-1, 1], [-761, -805], [-1, 1], [-1, 1], [-1, 1], [-1, 1], [-1, 1], [1, -1], [1, -1], [-1, 1], [1, -1], [-1, 1], [-1, 1], [-1, 1], [-1, 1], [-1, 1], [-1, 1], [-1, 1], [-1, 1], [-1, 1], [-1, 1], [-1, 1], [-1, 1], [-1, 1], [-1, 1], [-1, 1], [-1, 1], [-1, 1], [1, -1], [-1, 1], [-1, 1], [-1, 1], [-1, 1], [-1, 1], [-1, 1], [1, -1], [-1, 1], [-1, 1], [-1, 1], [-1, 1], [-1, 1], [-1, 1], [-1, 1], [-1, 1], [-1, 1], [-1, 1], [-1, 1], [-1, 1], [-1, 1], [-449, -592], [-1, 1], [-1, 1], [-1, 1], [-1, 1], [-1, 1], [-1, 1], [-1, 1], [-1, 1], [-1, 1], [-1, 1], [-1, 1], [-1, 1], [-1, 1], [-1, 1], [-1, 1], [-1, 1], [-1, 1], [-1, 1], [-1, 1], [-1, 1], [-1, 1], [-1, 1], [-1, 1], [-1, 1], [-1, 1], [1, -1], [-1, 1], [-1, 1], [-1, 1], [-1, 1], [-1, 1], [-1, 1], [-1, 1], [-1, 1], [-1, 1], [-1, 1], [-1, 1], [-1, 1], [-1, 1], [-1, 1], [-1, 1], [-1, 1], [-1, 1], [-1, 1], [-1, 1], [-1, 1], [-1671, -156], [-735, 729], [-1, 1], [-1, 1], [-1, 1], [-1, 1], [-1, 1], [-43, -626], [-1, 1], [-1, 1], [1, -1], [-1, 1], [-1, 1], [-1, 1], [-1, 1], [-1, 1], [1, -1], [-1, 1], [-1, 1], [-1, 1], [-1, 1], [-1, 1], [-1, 1], [-1, 1], [-1, 1], [-1, 1], [-1, 1], [-1, 1], [-1, 1], [-1, 1], [-1, 1], [-1, 1], [-1, 1], [-1, 1], [-1, 1], [-1, 1], [-1, 1], [-1, 1], [-1, 1], [-1, 1], [-1, 1], [-1, 1], [-1, 1], [-1, 1], [-1399, -1400], [-1, 1], [-1, 1], [-1, 1], [-1, 1], [-1, 1], [-1, 1], [-1, 1], [-1, 1], [-1, 1], [-1, 1], [-1, 1], [-1, 1], [-1, 1], [-1, 1], [-1, 1], [-1, 1], [-1, 1], [-1, 1], [-1, 1], [-1, 1], [-1, 1], [-1, 1], [-1, 1], [-1, 1], [-1, 1], [-1, 1], [-1, 1], [-1, 1], [-1, 1], [-1, 1], [-1, 1], [-1, 1], [-1, 1], [-1, 1], [-1, 1], [-1, 1], [-1, 1], [-1, 1], [-1, 1], [-1, 1], [-1, 1], [-1, 1], [-1, 1], [-1, 1], [-1, 1], [-1, 1], [-1, 1], [-1, 1], [-1, 1], [-1, 1], [-1, 1], [-1, 1], [-1, 1], [-1, 1], [-1, 1], [-1, 1], [-1, 1], [-1, 1], [-1, 1], [-1, 1], [-1, 1], [-1, 1], [-1, 1], [-1, 1], [-1, 1], [-1, 1], [-1, 1], [-1, 1], [-1, 1], [-1, 1], [-1, 1], [-1, 1], [-1, 1], [-1, 1], [-1, 1], [-1, 1], [-1, 1], [1, -1], [-1, 1], [-1, 1], [-1, 1], [-1, 1], [-1, 1], [-1, 1], [-1, 1], [-1, 1], [-1, 1], [-1, 1], [-1, 1], [-1, 1], [-1, 1], [-1, 1], [-1, 1], [-1, 1], [-1, 1], [-1, 1], [-1, 1], [-1, 1], [-1, 1], [-1, 1], [-1, 1], [-1, 1], [-1, 1], [-1, 1], [-1, 1], [-1, 1], [-1, 1], [-1, 1], [-1, 1], [-1, 1], [-1, 1], [-1, 1], [-1, 1], [-1, 1], [-1, 1], [-1, 1], [-1, 1], [-1, 1], [-1, 1], [-1, 1], [-1, 1], [-1, 1], [-1, 1], [-1, 1], [-1, 1], [-1, 1], [-1, 1], [-1, 1], [-1, 1], [-1, 1], [-1, 1], [-1, 1], [-1, 1], [245, -518], [-1, 1], [-1, 1], [-1, 1], [-1, 1], [-1, 1], [-1, 1], [-1, 1], [685, 752], [-1, 1], [-1, 1], [-1, 1], [-1, 1], [1, -1], [-1, 1], [-1, 1], [-1, 1], [-1, 1], [-1, 1], [-1, 1], [-1, 1], [-1, 1], [-1, 1], [-1, 1], [-1, 1], [-1, 1], [-1, 1], [1, -1], [-1, 1], [-1, 1], [-1, 1], [-1, 1], [-1, 1], [-1, 1], [-1, 1], [-1, 1], [-1, 1], [-1, 1], [-1, 1], [-1, 1], [-1, 1], [-1, 1], [-1, 1], [1, -1], [-1, 1], [-1, 1], [1, -1], [-1, 1], [-1, 1], [-1, 1], [-1, 1], [-1, 1], [-1, 1], [-1, 1], [-1, 1], [-1, 1], [1, -1], [-1, 1], [-1069, 613], [-1, 1], [-1, 1], [-1, 1], [-1, 1], [-1, 1], [-1, 1], [-1, 1], [-1, 1], [-1, 1], [-1, 1], [-1, 1], [-1, 1], [1, -1], [-1, 1], [-1, 1], [-1, 1], [-1, 1], [-1, 1], [-1, 1], [-1, 1], [-1, 1], [-1, 1], [-1, 1], [-1, 1], [-1, 1], [-1, 1], [-1, 1], [-1, 1], [-1, 1], [-1, 1], [1637, 634], [-1, 1], [-1, 1], [-1, 1], [-1, 1], [-1, 1], [-1, 1], [-1, 1], [63, -720], [-1, 1], [-1, 1], [-1, 1], [-1, 1], [-1, 1], [-1, 1], [-1, 1], [-1, 1], [-1, 1], [-1, 1], [-1, 1], [-1, 1], [-1, 1], [1, -1], [-1, 1], [-1, 1], [-1, 1], [-1, 1], [1, -1], [-1, 1], [-1, 1], [-1, 1], [-1, 1], [-1, 1], [1, -1], [-1, 1], [-1, 1], [-1, 1], [-1, 1], [-1, 1], [-1, 1], [-1, 1], [-1, 1], [-1, 1], [-1, 1], [-1, 1], [-1, 1], [-1, 1], [-1, 1], [-1, 1], [-1, 1], [1, -1], [-1, 1], [-1, 1], [-1, 1], [-1, 1], [-1, 1], [-1, 1], [-1, 1], [-1, 1], [-1, 1], [-1, 1], [-1, 1], [-1, 1], [-1, 1], [-1, 1], [-1, 1], [-1, 1], [-1, 1], [-1, 1], [-1, 1], [-1, 1], [-1, 1], [-1, 1], [-1, 1], [-1, 1], [-1, 1], [-1, 1], [-1, 1], [-1, 1], [-1, 1], [-1, 1], [-1, 1], [-1, 1], [-1, 1], [-1, 1], [-1, 1], [-1, 1], [-1, 1], [-1, 1], [-1, 1], [-1, 1], [-1, 1], [-1, 1], [-1, 1], [-1, 1], [-1, 1], [-1, 1], [-1, 1], [-1, 1], [-1, 1], [-1, 1], [-1, 1], [-1, 1], [-1, 1], [-1, 1], [-1, 1], [-1, 1], [-1, 1], [-1, 1], [-1, 1], [-1, 1], [-1, 1], [-1, 1], [-1, 1], [-1, 1], [-1, 1], [-1, 1], [-1, 1], [-1, 1], [-1, 1], [-1, 1], [-1, 1], [-583, 172], [-1, 1], [-1, 1], [-1, 1], [1, -1], [-1, 1], [-1, 1], [-1, 1], [-1, 1], [1, -1], [-1, 1], [-1, 1], [-1, 1], [-1, 1], [-1, 1], [-1, 1], [-1, 1], [-1, 1], [-1, 1], [-1, 1], [-1, 1], [-1, 1], [-1, 1], [-1, 1], [-1, 1], [1, -1], [-1, 1], [-1, 1], [-1, 1], [-1, 1], [-1, 1], [-1, 1], [-1, 1], [-1, 1], [-1, 1], [-1, 1], [-1, 1], [-1, 1], [-1, 1], [-1, 1], [-1, 1], [-1, 1], [-1, 1], [-1, 1], [-1, 1], [-1, 1], [-1, 1], [-1, 1], [-1, 1], [-1, 1], [-1, 1], [1, -1], [-1, 1], [-1, 1], [-1, 1], [-1, 1], [-1, 1], [-1, 1], [-1, 1], [-1, 1], [-1, 1], [-597, -21], [-1, 1], [-1, 1], [-1, 1], [-1, 1], [-1, 1], [-1, 1], [-1, 1], [-1, 1], [-1, 1], [-1, 1], [-1, 1], [-1, 1], [-1, 1], [-1, 1], [1, -1], [-1, 1], [-1, 1], [-1, 1], [-1, 1], [-1627, 88], [-1, 1], [-1, 1], [-1, 1], [-1, 1], [-1, 1], [-1, 1], [-1, 1], [-1, 1], [-1, 1], [-1, 1], [-1, 1], [-1, 1], [-1, 1], [-1, 1], [-1, 1], [-1, 1], [-1, 1], [-1, 1], [-1, 1], [1, -1], [-1, 1], [-1, 1], [-1, 1], [1, -1], [1, -1], [-1, 1], [-1, 1], [-1, 1], [-1, 1], [1, -1], [-1, 1], [-1, 1], [-1, 1], [-1, 1], [-1, 1], [1, -1], [-1, 1], [-1, 1], [-1, 1], [-1, 1], [1, -1], [-1, 1], [-1, 1], [-1, 1], [-1, 1], [225, -1323], [-1, 1], [-1, 1], [-1, 1], [-1, 1], [-1, 1], [1, -1], [-1, 1], [-1, 1], [-1, 1], [-1, 1], [-1, 1], [-1, 1], [-1, 1], [-1, 1], [-1, 1], [-1, 1], [-1, 1], [-1, 1], [-1, 1], [1, -1], [-1, 1], [-1, 1], [-1, 1], [-1, 1], [-1, 1], [-1, 1], [-1, 1], [-1, 1], [-1, 1], [-1, 1], [-1, 1], [-1, 1], [-1, 1], [-1, 1], [-1, 1], [-1, 1], [1, -1], [-1, 1], [-1, 1], [-1, 1], [-1, 1], [-1, 1], [-1, 1], [-1, 1], [-1, 1], [-1, 1], [-1, 1], [-1, 1], [-1, 1], [1, -1], [-1, 1], [-1, 1], [-1, 1], [-1, 1], [-1, 1], [-1, 1], [-1, 1], [-1, 1], [-1, 1], [-1, 1], [-1, 1], [-1, 1], [1, -1], [-1, 1], [-1, 1], [-1, 1], [-1, 1], [-1, 1], [-1, 1], [-1, 1], [-1, 1], [-1, 1], [1, -1], [-1, 1], [-1, 1], [-1, 1], [-1, 1], [-1, 1], [-1, 1], [-1, 1], [-1, 1], [-1, 1], [-1, 1], [-1, 1], [-1, 1], [-1, 1], [-1, 1], [-1, 1], [-1, 1], [-1, 1], [-1, 1], [-1, 1], [-1, 1], [-1, 1], [-1, 1], [-1, 1], [-1, 1], [-1, 1], [1, -1], [-1, 1], [-1, 1]]

exec_time (ms): 253952.33988761902 ms
exec_time: 4m 13s 952.3398876190186ms