N: 33
n: 6
number_of_primes (d): 2
exp_register_width (qd): 5
primes: [2, 5]

R: 5431
T: 5
t: 14
delta: 0.00018412815319462345
delta_inv: 5431Percent of combinations (with positive values of result vector) that gives % N = 1: 90.9%
Percent of combinations (with positive values of result vector) that give p and q: 76.4%
Vectors that gives p and q: [[1, 1], [1, 1], [1, 1], [1, 1], [1, 1], [1, 1], [1, 1], [1, 1], [1, 1], [1, 1], [1, 1], [1, 1], [1, 1], [-1, 9], [1, 1], [1, 1], [-1, 9], [1, 1], [1, 1], [1, 1], [1, 1], [2, 7], [-1, -1], [1, 1], [1, 1], [1, 1], [-1, 9], [1, 1], [1, 1], [0, 5], [0, 5], [0, 5], [1, 1], [-3, 7], [-1, 9], [1, 1], [-1, 9], [1, 1], [1, 1], [0, 5], [-1, -1], [1, 1], [0, 5], [3, 3], [1, 1], [-1, -1], [1, 1], [2, 7], [1, 1], [1, 1], [1, 1], [-1, -1], [2, 7], [4, -1], [1, 1], [1, 1], [-1, -1], [1, 1], [-1, 9], [1, 1], [1, 1], [-1, -1], [-1, 9], [1, 1], [1, 1], [1, 1], [5, -5], [-1, -1], [1, 1], [4, 9], [1, 1], [0, 5], [3, 3], [3, 3], [0, 5], [1, 1], [0, 5], [1, 1], [1, 1], [-1, 9], [-1, -1], [1, 1], [5, -5], [1, 1], [2, 7], [1, 1], [1, 1], [-1, 9], [9, -1], [1, 1], [-1, 9], [-3, 7], [4, -1], [-1, 9], [0, 5], [1, 1], [0, 5], [-1, 9], [1, 1], [0, 5], [2, 7], [0, 5], [7, -3], [-1, -1], [1, 1], [0, 5], [5, 5], [2, 7], [1, 1], [1, 1], [1, 1], [1, 1], [2, 7], [1, 1], [1, 1], [1, 1], [1, 1], [-5, 5], [-1, -1], [9, -1], [1, 1], [-1, 9], [0, 5], [-1, 9], [0, 5], [0, 5], [1, 1], [2, 7], [3, 3], [1, 1], [2, 7], [1, 1], [-1, 9], [1, 1], [1, 1], [-1, 9], [1, 1], [4, -1], [1, 1], [3, 3], [1, 1], [1, 1], [-1, 9], [1, 1], [0, 5], [1, 1], [1, 1], [1, 1], [0, 5], [-1, -1], [1, 1], [8, -7], [-1, 9], [-1, -1], [1, 1], [-1, 9], [1, 1], [1, 1], [1, 1], [1, 1], [1, 1], [1, 1], [3, 3], [1, 1], [1, 1], [2, 7], [5, -5], [-1, 9], [-1, -1], [1, 1], [2, 7], [1, 1], [-1, -1], [2, 7], [1, 1], [1, 1], [9, -1], [1, 1], [1, 1], [5, 5], [0, 5], [2, 7], [1, 1], [1, 1], [-1, 9], [-1, -1], [-1, -1], [1, 1], [0, 5], [1, 1], [1, 1], [1, 1], [-1, 9], [1, 1], [2, 7], [-1, 9], [1, 1], [-5, 5], [1, 1], [1, 1], [1, 1], [8, -7], [5, -5], [1, 1], [1, 1], [1, 1], [1, 1], [1, 1], [1, 1], [1, 1], [1, 1], [5, -5], [1, 1], [-1, -1], [0, 5], [1, 1], [1, 1], [2, 7], [1, 1], [2, 7], [1, 1], [1, 1], [1, 1], [3, 3], [1, 1], [3, 3], [1, 1], [1, 1], [1, 1], [1, 1], [-3, 7], [-1, -1], [1, 1], [1, 1], [1, 1], [-1, 9], [0, 5], [2, 7], [2, 7], [0, 5], [1, 1], [1, 1], [0, 5], [1, 1], [1, 1], [-1, 9], [1, 1], [1, 1], [1, 1], [1, 1], [1, 1], [-1, 9], [1, 1], [1, 1], [1, 1], [0, 5], [0, 5], [1, 1], [1, 1], [2, 7], [5, -5], [2, 7], [1, 1], [3, 3], [1, 1], [1, 1], [1, 1], [1, 1], [1, 1], [-5, 5], [1, 1], [1, 1], [1, 1], [1, 1], [1, 1], [1, 1], [1, 1], [2, 7], [1, 1], [4, -1], [0, 5], [1, 1], [-1, -1], [3, 3], [1, 1], [1, 1], [1, 1], [2, 7], [0, 5], [1, 1], [1, 1], [1, 1], [1, 1], [3, 3], [2, 7], [1, 1], [3, 3], [1, 1], [1, 1], [1, 1], [1, 1], [1, 1], [1, 1], [1, 1], [1, 1], [1, 1], [4, -1], [2, 7], [1, 1], [1, 1], [0, 5], [1, 1], [3, 3], [1, 1], [1, 1], [0, 5], [1, 1], [-1, 9], [2, 7], [1, 1], [1, 1], [-1, 9], [-1, 9], [0, 5], [1, 1], [-1, -1], [2, 7], [1, 1], [6, 1], [10, 5], [1, 1], [3, 3], [-1, -1], [-1, 9], [1, 1], [-1, 9], [1, 1], [1, 1], [1, 1], [1, 1], [1, 1], [1, 1], [1, 1], [8, -7], [1, 1], [1, 1], [1, 1], [1, 1], [-1, -1], [2, 7], [1, 1], [0, 5], [1, 1], [-1, 9], [1, 1], [-1, 9], [1, 1], [1, 1], [-1, 9], [-5, 5], [1, 1], [1, 1], [1, 1], [1, 1], [3, 3], [1, 1], [3, 3], [5, -5], [1, 1], [1, 1], [1, 1], [1, 1], [3, 3], [1, 1], [-1, 9], [1, 1], [-1, -1], [1, 1], [1, 1], [0, 5], [1, 1], [0, 5], [0, 5], [0, 5], [1, 1], [0, 5], [3, 3], [1, 1], [1, 1], [-1, 9], [1, 1], [1, 1], [1, 1], [-1, 9], [1, 1], [0, 5], [1, 1], [5, 5], [1, 1], [2, 7], [1, 1], [1, 1], [1, 1], [-3, 7], [2, 7], [-5, 5], [2, 7], [4, -1], [1, 1], [1, 1], [1, 1], [1, 1], [0, 5], [3, 3], [3, 3], [2, 7], [3, 3], [0, 5], [2, 7], [2, 7], [0, 5], [1, 1], [0, 5], [0, 5], [1, 1], [0, 5], [-1, 9], [1, 1], [1, 1], [1, 1], [0, 5], [2, 7], [1, 1], [1, 1], [1, 1], [0, 5], [2, 7], [1, 1], [1, 1], [1, 1], [1, 1], [2, 7], [0, 5], [1, 1], [1, 1], [1, 1], [1, 1], [2, 7], [1, 1], [-1, -1], [3, 3], [1, 1], [2, 7], [1, 1], [-1, 9], [4, -1], [1, 1], [1, 1], [1, 1], [1, 1], [3, 3], [1, 1], [1, 1], [-1, -1], [0, 5], [-3, 7], [1, 1], [1, 1], [-1, 9], [0, 5], [-1, -1], [5, -5], [1, 1], [1, 1], [3, 3], [1, 1], [2, 7], [3, 3], [1, 1], [2, 7], [1, 1], [1, 1], [1, 1], [0, 5], [1, 1], [1, 1], [1, 1], [1, 1], [1, 1], [1, 1], [1, 1], [1, 1], [1, 1], [1, 1], [1, 1], [0, 5], [2, -3], [1, 1], [1, 1], [1, 1], [1, 1], [2, 7], [-1, 9], [1, 1], [1, 1], [1, 1], [2, 7], [1, 1], [2, 7], [1, 1], [-1, 9], [1, 1], [-1, 9], [1, 1], [2, 7], [-3, 7], [1, 1], [3, 3], [1, 1], [1, 1], [0, 5], [0, 5], [1, 1], [1, 1], [0, 5], [1, 1], [1, 1], [1, 1], [0, 5], [2, 7], [1, 1], [1, 1], [1, 1], [2, 7], [1, 1], [0, 5], [1, 1], [5, -5], [0, 5], [-5, 5], [1, 1], [1, 1], [1, 1], [1, 1], [1, 1], [8, -7], [1, 1], [1, 1], [1, 1], [1, 1], [-1, 9], [2, 7], [1, 1], [0, 5], [-3, 7], [1, 1], [0, 5], [0, 5], [1, 1], [1, 1], [1, 1], [1, 1], [1, 1], [1, 1], [1, 1], [1, 1], [-1, -1], [1, 1], [1, 1], [1, 1], [0, 5], [1, 1], [-1, 9], [2, 7], [1, 1], [2, 7], [1, 1], [-1, 9], [5, -5], [1, 1], [1, 1], [-1, 9], [0, 5], [1, 1], [1, 1], [1, 1], [1, 1], [1, 1], [1, 1], [1, 1], [1, 1], [1, 1], [1, 1], [3, 3], [1, 1], [-1, 9], [0, 5], [-1, 9], [3, 3], [1, 1], [-1, -1], [1, 1], [1, 1], [1, 1], [-1, -1], [1, 1], [0, 5], [1, 1], [1, 1], [2, 7], [1, 1], [1, 1], [1, 1], [1, 1], [1, 1], [1, 1], [1, 1], [4, -1], [-1, 9], [1, 1], [1, 1], [1, 1], [1, 1], [1, 1], [1, 1], [1, 1], [-1, 9], [2, 7], [1, 1], [1, 1], [4, -1], [0, 5], [1, 1], [-1, 9], [1, 1], [1, 1], [-1, 9], [2, 7], [1, 1], [1, 1], [-1, -1], [2, 7], [1, 1], [1, 1], [1, 1], [9, -1], [0, 5], [0, 5], [1, 1], [1, 1], [1, 1], [1, 1], [0, 5], [1, 1], [1, 1], [1, 1], [-1, 9], [0, 5], [-1, -1], [1, 1], [-5, 5], [2, 7], [1, 1], [1, 1], [1, 1], [1, 1], [1, 1], [10, -5], [1, 1], [3, 3], [1, 1], [3, 3], [1, 1], [1, 1], [2, 7], [3, 3], [1, 1], [3, 3], [3, 3], [1, 1], [2, 7], [1, 1], [1, 1], [0, 5], [1, 1], [1, 1], [2, -3], [1, 1], [1, 1], [1, 1], [-1, -1], [1, 1], [-1, -1], [0, 5], [1, 1], [0, 5], [1, 1], [1, 1], [1, 1], [1, 1], [1, 1], [0, 5], [-1, -1], [1, 1], [0, 5], [1, 1], [0, 5], [1, 1], [1, 1], [2, 7], [1, 1], [0, 5], [0, 5], [1, 1], [1, 1], [1, 1], [1, 1], [0, 5], [1, 1], [1, 1], [1, 1], [-1, -1], [3, 3], [-1, -1], [9, -1], [-1, -1], [1, 1], [1, 1], [1, 1], [1, 1], [0, 5], [1, 1], [1, 1], [2, 7], [0, 5], [1, 1], [1, 1], [3, 3], [2, 7], [1, 1], [3, 3], [1, 1], [2, 7], [0, 5], [1, 1], [0, 5], [1, 1], [2, 7], [1, 1], [1, 1], [0, 5], [3, 3], [-1, 9], [1, 1], [1, 1], [1, 1], [1, 1], [0, 5], [4, -1], [1, 1], [1, 1], [0, 5], [1, 1], [1, 1]]

exec_time (ms): 270671.04268074036 ms
exec_time: 4m 30s 671.0426807403564ms