N: 35
n: 6
number_of_primes (d): 2
exp_register_width (qd): 5
primes: [2, 3]

R: 5431
T: 5
t: 14
delta: 0.00018412815319462345
delta_inv: 5431Percent of combinations (with positive values of result vector) that gives % N = 1: 65.5%
Percent of combinations (with positive values of result vector) that give p and q: 40.8%
Vectors that gives p and q: [[-303, -567], [-1137, 1251], [1002, -972], [-165, 795], [1389, 2121], [-2037, 243], [-597, -381], [-253, -1525], [-1029, -801], [1330, -152], [-1029, 1131], [730, -1136], [508, -1874], [-784, -1282], [60, 1578], [218, 944], [229, 553], [-461, -1901], [-362, 2248], [-873, 27], [156, 570], [529, -1571], [-11, -1979], [-118, -1012], [-71, -599], [66, -612], [1858, 808], [2009, 1181], [-841, 971], [-90, -1056], [-840, 30], [-612, 1626], [-1472, 1282], [-632, -854], [-1399, -475], [-2050, -28], [-2335, 5], [1255, -449], [-1247, 217], [624, -138], [-1268, 106], [-1164, 414], [-704, 106], [-993, 783], [-2536, 386], [-664, 746], [-701, 283], [167, -721], [117, -1095], [1542, 156], [-118, -556], [1268, -1198], [1032, -846], [-521, -1049], [138, 1692], [-1010, 1288], [-1199, 217], [357, -1695], [-761, 1459], [-966, 324], [686, 1040], [-868, -922], [-95, 901], [-715, -91], [935, 83], [-290, 1588], [-533, 427], [-1060, -2278], [907, -545], [-717, -813], [-685, 431], [1213, 1729], [201, -951], [-411, -339], [-915, -1347], [1242, -228], [1417, -1043], [676, 610], [2276, -490], [-720, 810], [-8, -590], [885, -1119], [2235, -33], [-328, -1102], [1451, 335], [-604, -130], [2083, 643], [-1753, 35], [1484, 1358], [1692, 306], [-74, -764], [1987, 175], [1242, 1788], [-743, -2531], [658, -8], [595, -1781], [2356, -218], [-1101, -93], [-569, 499], [-327, 1365], [637, -11], [-777, 579], [78, -660], [1285, -887], [1051, -65], [-1187, 1597], [1298, 788], [-1431, -1503], [-710, -1448], [-57, -1605], [1253, -547], [1272, -1446], [-665, 199], [-756, 126], [978, 876], [-968, 118], [-149, -1241], [832, -830], [2243, -1261], [1427, 599], [1880, -454], [-1081, -313], [1449, 1629], [-77, 1963], [-60, -558], [-761, 163], [106, -800], [-24, 762], [271, -1481], [920, 1106], [-1097, -1145], [-407, 217], [394, -1520], [-743, 901], [-1065, 1467], [932, 398], [426, 948], [-1034, -968], [-1046, -1424], [-1141, 899], [-776, 550], [600, -1698], [350, -520], [1228, 1630], [-34, 1172], [-634, 116], [924, -1134], [-3, -639], [-1272, 354], [488, 350], [-161, 823], [-1134, -780], [978, 2040], [2287, 1807], [-300, -522], [-1614, 636], [-655, -895], [102, -684], [1314, -924], [-761, 307], [1279, 331], [-730, 116], [623, -2161], [-632, -590], [-27, -2331], [755, 1259], [-203, 865], [-704, 142], [-597, 639], [663, 1275], [2767, -437], [-71, 2233], [-1149, -321], [-502, 1616], [1129, -743], [-1353, -477], [283, -1733], [-695, 97], [1060, -50], [1186, -1472], [-1131, -915], [-238, -1168], [944, -742], [-794, 292], [-1066, -1924], [621, -255], [-635, 961], [482, -904], [2414, 68], [-2224, 86], [-1199, 1273], [-1432, -586], [24, -690], [-553, -2677], [-702, -2532], [-1039, 1505], [-1581, -345], [1285, -1595], [-5, -1085], [-25, -1765], [-1298, 364], [637, -875], [2167, -89], [777, -963], [-1263, 621], [-91, -1159], [1326, 1152], [-683, 49], [828, -1614], [73, -731], [-1169, 151], [-306, -360], [520, -1646], [80, -730], [-1400, -1118], [1461, 2049], [1012, 1654], [-546, 516], [36, 2034], [-1356, 834], [1317, 657], [-845, -845], [-942, 660], [340, -2030], [-718, 80], [-1033, 1343], [-1121, 19], [2031, -81], [-1021, 1619], [8, -1270], [476, -1354], [-181, 875], [-654, -1020], [-894, 1080], [-1028, 178], [-1642, -1768], [316, -710], [-56, 1990], [-1065, -69], [1906, -1112], [64, -914], [-875, -1931], [-686, 172], [-96, -2046], [214, 1180], [830, -412], [-350, 1492], [-615, -2319], [73, 1369], [-41, 1495], [-313, -529], [405, 477], [431, -1489], [691, -929], [-1301, -1157], [357, -915], [-113, -2393], [1733, -1735], [-1271, 73], [-762, 1044], [293, -463], [144, 786], [-482, 1696], [-1629, -153], [733, -695], [-1997, 175], [-2215, 629], [-629, -953], [-719, 925], [724, -14], [-309, 2127], [-1178, 256], [-667, 101], [-1451, 385], [-1037, -1865], [-1385, 511], [663, 99], [-374, -968], [2510, 200], [1338, -1896], [1148, 914], [1836, 66], [660, 474], [-884, 430], [-169, -469], [733, 421], [-1690, 1124], [-131, -563], [-1296, -1350], [137, -859], [886, 364], [38, -1840], [-1277, -1565], [-520, -202], [81, -771], [128, -598], [-1498, -2476], [-766, 80], [-892, 626], [-2878, 488], [-784, 866], [-837, 111], [58, 1144], [-1937, 1135], [-1062, -720], [-1879, -55], [1057, -107], [-662, 64], [9, -1335], [1646, -220], [-1293, -621], [-1672, 26], [14, -640], [290, 1412], [528, 1110], [318, 996], [-630, -552], [-506, -1640], [-403, -991], [-323, -2795], [-2018, -1112], [-453, 495], [-817, 851], [-1470, 324], [462, -588], [-1202, 364], [1475, 539], [-470, -1724], [-1106, -260], [-704, 106], [-260, -890], [-361, -493], [273, 1257], [653, -511], [-410, -524], [-1339, -103], [-563, 481], [1195, -1193], [1822, -8], [567, 591], [-1367, 1033], [-234, -1032], [-702, 924], [237, -483], [204, -978], [-1328, 1018], [1499, 119], [1794, 984], [99, -2157], [-1062, 192], [1309, -1031], [556, 1498], [483, 435], [1145, 1361], [7, -2513], [253, -1019], [-657, 459], [-1313, -713], [-1719, 33], [-529, -397], [-559, -667], [2015, 431], [593, -7], [-1511, -311], [503, 1667], [1350, -1032], [-715, 329], [2062, 700], [-465, 975], [1811, -745], [-576, 738], [269, -1783], [-1088, 178], [-1459, -175], [147, -693], [1276, 946], [651, -21], [1420, -2558], [-1402, -688], [590, -1540], [763, 1207], [-102, -240], [-407, 325], [-93, 1179], [1756, 706], [241, 2149], [-25, 1331], [137, 1997], [-1030, 236], [1312, 898], [-1913, 1147], [-1675, -115], [-452, 1582], [-2224, 650], [359, 1175], [1725, -1371], [-1039, 833], [-211, -1063], [-805, -493], [-820, 2798], [1145, -223], [100, -1106], [716, -10], [1051, 775], [1260, -990], [2382, 1176], [-1563, -207], [-389, -2201]]

exec_time (ms): 269575.99544525146 ms
exec_time: 4m 29s 575.9954452514648ms