N: 51
n: 6
number_of_primes (d): 2
exp_register_width (qd): 5
primes: [2, 5]

R: 5431
T: 5
t: 14
delta: 0.00018412815319462345
delta_inv: 5431Percent of combinations (with positive values of result vector) that gives % N = 1: 54.7%
Percent of combinations (with positive values of result vector) that give p and q: 30.9%
Vectors that gives p and q: [[-851, 258], [804, -1360], [-768, -104], [3, -2], [76, -2784], [-913, -1402], [143, -682], [-531, -782], [652, -1184], [196, 992], [-674, 196], [-1486, 172], [-1422, 156], [-204, -1504], [469, -1230], [-2412, -880], [-95, 1370], [317, -446], [48, -712], [-579, 418], [418, 1516], [-1574, -1156], [487, -506], [-756, 160], [-425, -554], [-1635, 114], [227, -1186], [-1548, 912], [-1246, 364], [-535, 1082], [108, -752], [2445, 178], [660, -48], [1234, 1932], [130, -1748], [641, -22], [-599, -998], [150, 1188], [1959, -186], [3, -2], [-1024, -776], [51, -1266], [57, 1610], [160, -728], [-155, -1566], [-1356, -2512], [-1116, 784], [31, -650], [39, -714], [-483, -942], [-1566, -660], [-1138, 324], [-756, -992], [926, 548], [-2003, -126], [632, 1576], [-577, -1018], [-692, -2352], [143, -1802], [689, -886], [3, -2], [1540, -544], [772, -384], [-1753, 598], [623, -74], [-35, -1806], [74, 1036], [-1686, 300], [33, -662], [2, -1092], [-456, -312], [-595, -1086], [-767, 634], [1678, -732], [-738, -892], [-946, -1180], [-1658, -220], [398, -1660], [47, -1130], [539, -578], [1914, -1108], [554, -1940], [-1223, -230], [-2336, 232], [-720, 728], [168, 1624], [774, -28], [330, 556], [193, -2118], [96, -504], [696, -792], [-1825, 22], [-1290, 564], [-784, 824], [486, -1788], [-93, -578], [-254, 764], [-2089, -730], [-115, -638], [-1388, 0], [-911, -22], [651, -546], [-692, 192], [348, -1056], [-1208, -1736], [889, 1082], [-1656, -120], [1258, -900], [-1528, 40], [69, -638], [-605, -930], [-575, 426], [-1362, -1596], [-227, 1442], [1003, -290], [-354, 1332], [-1895, 506], [-1978, 1172], [-641, -1082], [-690, 212], [84, 528], [-2108, 224], [-544, -968], [676, -240], [-830, 1372], [-55, -1606], [-308, 1632], [-736, -248], [954, -1156], [136, -2040], [45, -590], [893, 2354], [145, 1002], [-1504, -1192], [-1365, 894], [375, -506], [-1769, -826], [-1127, -166], [162, -2148], [-336, -920], [1261, -974], [-1351, 298], [-162, 628], [-1738, -972], [1839, 294], [-774, 588], [-1856, 984], [1204, -208], [-477, 1038], [1298, 396], [1348, 48], [-468, 1136], [-617, -1194], [1162, 92], [171, -674], [346, -1076], [-626, 644], [-553, 470], [-996, -944], [-847, -2038], [77, 1010], [583, -2474], [-1588, 880], [-1179, -2078], [44, -1552], [325, 482], [-567, -1014], [-1797, -2258], [-2116, 576], [-1337, 134], [485, 834], [203, -738], [1043, 894], [1160, -1528], [-1007, -438], [-1233, 118], [-930, -956], [642, -1236], [530, 1532], [-2069, 798], [-1392, -680], [-1944, 536], [732, -784], [1552, -856], [1824, 1080], [1273, -326], [623, 982], [-1288, 280], [-1158, 1500], [1821, 530], [-1132, 320], [-1881, -2634], [89, 1674], [1384, -104], [210, -980], [-1608, -792], [-930, -2252], [-1173, 94], [-375, -550], [-654, 252], [-1194, -1404], [997, -1662], [504, 584], [-940, -560], [-67, -2750], [1829, 706], [-659, -622], [287, -2266], [-622, 476], [75, -418], [2049, 698], [-779, -446], [-47, -1078], [1277, 1538], [-178, 1316], [-58, 1844], [578, -596], [-2298, 1124], [-1023, 10], [-1310, 44], [581, 418], [66, -596], [54, 1396], [-1610, 212], [207, 374], [1574, -268], [145, 474], [-542, -196], [326, -876], [-240, -1048], [34, -2036], [555, 382], [-1984, -216], [1203, 1262], [-966, 540], [-30, -564], [-934, -1412], [251, -866], [-1004, -208], [0, -1752], [-1587, 818], [880, -1432], [-437, -2210], [1912, 744], [-2, -636], [821, 402], [-271, 1370], [364, -1856], [-490, 692], [732, -1168], [30, -1468], [-15, -2118], [-115, -1054], [99, -690], [616, -2008], [-51, -1054], [-882, -844], [297, -486], [86, -588], [559, 1942], [-21, -658], [-704, 968], [128, 792], [35, -818], [1175, 598], [-985, 486], [-1833, -762], [224, -2344], [-2785, -2074], [-1148, -1872], [-951, 1786], [1039, 1830], [1449, 1498], [1588, -48], [1764, -848], [-683, -1262], [-464, -952], [-622, -436], [-239, 938], [507, 510], [-1263, -102], [1605, 610], [-1645, 542], [173, -1390], [104, -680], [-809, 1494], [-178, -1324], [-373, 1838], [-594, 116], [-709, -418], [1211, -146], [-1400, 88], [-1670, -164], [-1882, 1588], [-29, -1058], [-1717, -482], [32, -1800], [-130, 1108], [-1632, -696], [83, 1966], [25, -1302], [1257, 1130], [-190, -916], [-974, -2132], [-506, 1188], [652, 576], [2226, -852], [-3, 706], [-756, 1264]]

exec_time (ms): 270012.9973888397 ms
exec_time: 4m 30s 12.99738883972168ms