N: 55
n: 6
number_of_primes (d): 2
exp_register_width (qd): 5
primes: [2, 3]

R: 5431
T: 5
t: 14
delta: 0.00018412815319462345
delta_inv: 5431Percent of combinations (with positive values of result vector) that gives % N = 1: 48.0%
Percent of combinations (with positive values of result vector) that give p and q: 27.9%
Vectors that gives p and q: [[-983, 61], [1894, 1192], [-1170, -1120], [-1437, 699], [-373, 371], [281, -807], [-1735, -1135], [-872, 2274], [971, -217], [669, -883], [92, 1086], [386, -772], [-211, 1217], [-1185, 435], [163, -741], [-630, 260], [-969, 1223], [1009, -543], [-1262, 1324], [-640, 970], [805, -1315], [-224, 1318], [-320, -1050], [-1091, -443], [-2011, -243], [374, -488], [-820, 190], [237, -639], [477, 1461], [-214, -1192], [-1165, -705], [992, -814], [-694, 2348], [-1039, 1433], [-1602, -296], [-1551, 1377], [-1632, -1386], [896, -282], [723, -781], [648, -906], [-2238, -984], [457, 741], [-975, -2215], [412, -1974], [1834, -1868], [-668, -874], [-1678, -1084], [267, -1609], [828, 874], [1212, -1174], [-1328, 686], [-676, 2], [826, 728], [1610, 920], [723, -941], [475, -845], [1098, -196], [2180, -470], [1078, 1284], [1242, 736], [659, -73], [-817, 279], [-422, -256], [-1082, 204], [-1347, 769], [107, -709], [1204, 1742], [76, -982], [-582, 724], [599, -693], [1250, 400], [-1509, -1277], [1344, 242], [-280, -890], [-1386, -1188], [-703, 141], [-3, 1], [-1032, -906], [-592, -126], [57, 1641], [1676, 758], [245, -755], [-1392, -1406], [-543, -339], [151, 1663], [1651, -1497], [-1476, -1298], [-52, -566], [-222, -1036], [-815, 365], [-2499, -307], [137, -999], [-312, -346], [252, -1834], [-496, -698], [128, -626], [-918, -1084], [-456, -478], [-281, 1367], [914, -1268], [-548, -1414], [193, -771], [-412, -1166], [-228, -1794], [802, -1004], [-2275, -915], [-1693, 791], [856, 1418], [281, -1507], [1216, 418], [1228, -46], [379, -873], [27, 831], [-331, -463], [-182, -496], [627, -1129], [183, -601], [39, -593], [-348, -1154], [181, -927], [208, -566], [749, -1283], [1669, -243], [-1088, 1166], [101, -627], [-999, -1387], [1621, -607], [-325, -805], [-1473, 611], [764, -1878], [-596, 962], [-794, -1312], [-534, -1072], [-40, -1090], [-1487, -1291], [969, 77], [-198, -764], [-1118, 336], [-175, 1905], [644, -1978], [-597, 99], [-1010, -640], [-1077, 1059], [1560, -1050], [544, -178], [1905, 945], [257, -699], [218, -2136], [-711, 77], [521, -647], [-671, 877], [-737, 499], [870, -800], [643, 119], [-1122, 144], [346, -832], [-1941, 767], [-263, -739], [483, 679], [-833, 1511], [-116, -558], [547, 1631], [-615, -135], [-1031, -63], [-986, -1288], [-1528, -2314], [-834, -892], [-1104, -1582], [-550, -140], [-371, -983], [596, 98], [-1170, -1260], [229, 777], [318, 2064], [-1163, -159], [-2111, 737], [-284, -1602], [237, 1061], [1183, 619], [817, -1139], [1831, 463], [-1668, -134], [356, 1078], [133, -671], [63, -1761], [297, -579], [-525, 1935], [248, 1634], [812, -2114], [1507, 751], [248, -1286], [651, -857], [-583, 461], [899, 1347], [471, 2203], [-660, 70], [480, -2030], [-689, -1497], [-46, 1772], [-676, -38], [-1344, 98], [-493, -809], [-1068, 286], [-67, -1051], [-1012, 1714], [-1340, 250], [-1428, -694], [1013, -1051], [-688, 66], [-889, 123], [-1196, -1238], [-1413, 231], [-616, -178], [1245, -1755], [-1068, -694], [471, 1543], [1539, -1453], [-6, -1288], [241, -767], [-2097, 1159], [-1165, 295], [-920, 1070], [1030, 500], [783, 1079], [1210, -300], [-698, 176], [1260, -1130], [-813, -1109], [663, -1281], [-143, -1039], [1190, 300], [-720, -990], [-361, -1173], [-2310, -1040], [-1432, -1226], [57, -639], [-1501, -293], [-1655, 705], [2355, 55], [990, -1100], [-1360, 670], [1624, 922], [-1461, -1233], [74, -1328], [1670, 40], [238, -796], [116, 678], [-1033, -609], [-2152, 494], [-1125, 655], [-168, 626], [-1507, -811], [136, -722], [1377, -779], [-1048, -654], [1468, -506], [-2045, 855], [1079, 687], [189, -623], [-651, 217], [1558, -1676], [-2028, -254], [750, 1380], [223, -721], [1509, -323], [1408, -526], [370, -900], [291, -677], [250, -1900], [-337, -901], [-774, 808], [-1309, -1557], [899, -913], [-448, -274], [-1219, -447], [-676, 102], [286, -732], [-697, 79], [579, 267]]

exec_time (ms): 264413.0482673645 ms
exec_time: 4m 24s 413.04826736450195ms