N: 65
n: 7
number_of_primes (d): 2
exp_register_width (qd): 6
primes: [2, 3]

R: 7315
T: 6
t: 15
delta: 0.0001367053998632946
delta_inv: 7315Percent of combinations (with positive values of result vector) that gives % N = 1: 64.7%
Percent of combinations (with positive values of result vector) that give p and q: 27.9%
Vectors that gives p and q: [[4, 14], [0, 6], [2, 10], [2, 10], [0, 6], [6, 6], [6, 6], [2, 10], [6, 6], [-14, 14], [6, 6], [2, 10], [0, 6], [6, 6], [6, 6], [2, 10], [6, 6], [-2, 2], [-2, 2], [6, 6], [0, 6], [6, 6], [-2, 14], [2, 10], [2, 10], [6, 6], [2, -2], [-2, 2], [2, 10], [0, 6], [-2, 14], [-2, 14], [6, 6], [0, 6], [10, 2], [-8, 2], [-2, 2], [-2, 14], [0, 6], [8, -2], [6, 6], [2, 10], [14, -14], [4, 2], [2, 10], [0, 6], [-8, 2], [6, 6], [-2, 14], [-2, 2], [6, 6], [6, 6], [-2, 14], [2, -2], [0, 6], [6, 6], [2, -2], [-2, 14], [10, 2], [6, 6], [6, 6], [-2, 2], [4, 14], [0, 6], [6, 6], [0, 6], [6, 6], [6, 6], [6, 6], [6, 6], [2, 10], [-2, 14], [2, 10], [10, 2], [6, 6], [0, 6], [4, 2], [-2, 14], [14, -2], [-2, 14], [14, -2], [-2, 14], [10, 2], [2, 10], [0, 6], [14, -2], [2, 10], [14, -2], [4, 2], [-8, 2], [0, 6], [2, 10], [0, 6], [2, -2], [-8, 2], [2, 10], [0, 6], [-2, 14], [0, 6], [6, 6], [6, 6], [6, 6], [-8, 2], [6, 6], [0, 6], [6, 6], [12, -6], [0, 6], [-2, 14], [-2, 14], [-8, 2], [14, -2], [6, 6], [0, 6], [6, 6], [14, -14], [10, 2], [0, 6], [-8, 2], [6, 6], [-2, 2], [4, 14], [2, 10], [0, 6], [-2, 14], [-8, 2], [0, 6], [6, 6], [6, 6], [0, 6], [2, 10], [14, -2], [4, 14], [-8, 2], [-8, 2], [0, 6], [4, 14], [2, 10], [0, 6], [0, 6], [6, 6], [10, 2], [6, 6], [14, -2], [2, 10], [0, 6], [6, 6], [-2, 14], [2, 10], [2, 10], [14, -2], [6, 6], [-2, 2], [10, 2], [-14, 14], [10, 2], [14, -14], [6, 6], [0, 6], [2, 10], [2, 10], [2, 10], [-2, 14], [0, 6], [0, 6], [-8, 2], [-2, 2], [0, 6], [6, 6], [0, 6], [6, 6], [0, 6], [6, 6], [2, 10], [8, -2], [-2, 2], [-8, 2], [-2, 14], [0, 6], [6, 6], [6, 6], [6, 6], [6, 6], [6, 6], [-2, 2], [2, 10], [6, 6], [0, 6], [14, -2], [6, 6], [6, 6], [6, 6], [6, -6], [6, 6], [-2, 14], [0, 6], [2, 10], [2, -2], [0, 6], [0, 6], [6, 6], [4, 2], [10, 2], [-8, 2], [-2, 14], [-2, 14], [0, 6], [14, -14], [6, 6], [-2, 14], [2, 10], [12, -6], [6, 6], [6, 6], [-2, 14], [0, 6], [-2, 2], [14, -2], [6, 6], [2, 10], [-2, 14], [2, 10], [-2, 14], [2, -2], [-8, 2], [6, 6], [0, 6], [10, 2], [4, 2], [6, 6], [-2, 14], [0, 6], [6, 6], [6, 6], [2, 10], [6, 6], [6, 6], [-2, 2], [4, 14], [6, 6], [0, 6], [6, 6], [6, 6], [0, 6], [-2, 14], [6, 6], [0, 6], [14, -2], [2, 10], [6, 6], [-2, 14], [0, 6], [0, 6], [0, 6], [6, 6], [0, 6], [6, 6], [6, 6], [0, 6], [4, 2], [6, 6], [4, 14], [6, 6], [6, 6], [2, 10], [0, 6], [-2, 14], [-8, 2], [-8, 2], [6, 6], [2, 10], [6, 6], [6, 6], [-2, 14], [6, 6], [0, 6], [-8, 2], [2, 10], [6, 6]]

exec_time (ms): 297931.6215515137 ms
exec_time: 4m 57s 931.6215515136719ms