N: 69
n: 7
number_of_primes (d): 2
exp_register_width (qd): 6
primes: [2, 5]

R: 7315
T: 6
t: 15
delta: 0.0001367053998632946
delta_inv: 7315Percent of combinations (with positive values of result vector) that gives % N = 1: 44.5%
Percent of combinations (with positive values of result vector) that give p and q: 28.6%
Vectors that gives p and q: [[9, 4], [7, 8], [1, -2], [-7, 3], [7, 8], [7, -3], [-1, 13], [1, 9], [-1, 13], [1, -2], [3, 5], [-7, 3], [-11, 0], [1, -2], [-1, 13], [1, 9], [-3, 6], [-7, 3], [1, -2], [-7, 3], [9, 4], [1, -2], [7, -3], [1, -2], [7, 8], [-11, 0], [-7, 3], [-11, 0], [1, -2], [-11, 0], [-1, 13], [3, 16], [1, 9], [-11, 0], [-5, 10], [1, 9], [3, 5], [1, -2], [7, 8], [-1, 2], [-5, 10], [1, 9], [-3, 6], [-5, 10], [1, -2], [1, -2], [-1, 2], [-3, 6], [1, 9], [-1, 2], [-7, 3], [-11, 0], [-1, 2], [-3, 6], [1, -2], [-3, 6], [7, 8], [1, 9], [1, -2], [1, 9], [-3, 6], [-7, 3], [1, 9], [1, -2], [-1, 2], [1, 9], [-5, 10], [7, 8], [1, 9], [-7, 3], [-1, 2], [1, -2], [-1, 2], [1, -2], [1, 9], [-5, 10], [1, -2], [1, 9], [1, -2], [1, 9], [-5, 10], [-11, 0], [-1, 2], [-1, 13], [7, 8], [-7, 3], [7, 8], [5, 1], [7, 8], [-1, 2], [-1, 2], [1, -2], [1, -2], [-11, 0], [1, -2], [1, 9], [-7, 3], [-1, 2], [-11, 0], [1, -2], [-7, 3], [1, 9], [-7, 3], [1, 9], [1, 9], [-5, 10], [7, 8], [1, 9], [-7, 3], [5, 1], [1, -2], [1, -2], [-5, 10], [7, 8], [-3, 6], [-7, 3], [-7, 3], [-1, 2], [-7, 3], [-1, 2], [-7, 3], [7, 8], [-1, 2], [3, 5], [7, 8], [-1, 13], [1, -2], [7, 8], [9, 4], [-9, -4], [7, 8], [-11, 0], [-1, 2], [1, -2], [1, -2], [-11, 0], [-11, 0], [7, 8], [-1, 2], [1, 9], [1, 9], [-5, 10], [1, -2], [7, 8], [9, 4], [-1, 13], [-7, 3], [7, 8], [7, 8], [1, -2], [1, 9], [-7, 3], [9, 4], [1, 9], [-5, 10], [-7, 3], [-5, 10], [7, 8], [-1, 2], [1, 9], [3, 5], [3, 16], [-5, 10], [-9, -4], [-7, 3], [-11, 0], [-3, 6], [7, 8], [1, 9], [1, -2], [-7, 3], [1, -2], [-1, 2], [-11, 0], [5, 1], [7, 8], [7, 8], [7, 8], [-7, 3], [7, 8], [-5, 10], [7, 8], [1, -2], [-1, 2], [-1, 2], [7, -3], [-5, 10], [1, -2], [-5, 10], [7, 8], [-7, 3], [-11, 0], [-5, 10], [1, -2], [-7, 3], [1, 9], [-5, 10], [-1, 2], [-5, 10], [-11, 0], [-1, 2], [-3, 6], [1, 9], [-7, 3], [-11, 0], [-7, 3], [-7, 3], [-5, 10], [-1, 2], [-11, 0], [-1, 2], [-1, 2], [-1, 13], [-7, 3], [-11, 0], [-7, 3], [-7, 3], [1, -2], [-3, 6], [-5, 10], [7, 8], [1, 9], [-1, 2], [-1, 2], [-7, 3], [-7, 3], [-7, 3], [-7, 3], [7, -3], [1, 9], [-7, 3], [1, 9], [1, 9], [-9, -4], [1, 9], [7, 8], [7, 8], [1, -2], [-1, 2], [1, 9], [-7, 3], [13, -4], [7, 8], [5, 1], [7, 8], [1, 9], [1, 9], [3, 5], [1, 9], [-7, 3], [1, 9], [7, 8], [-1, 2], [1, -2], [-7, 3], [1, 9], [1, 9], [-5, 10], [-1, 2], [-7, 3], [1, 9], [3, 5], [-11, 0], [1, -2], [-1, 2], [1, 9], [1, 9], [-7, 3], [5, 1], [-3, -5], [-5, 10], [-1, 2], [1, -2], [-7, 3], [1, 9], [-5, 10], [-7, 3], [1, 9], [-3, 6], [-7, 3], [1, 9], [-1, 2], [-11, 0], [1, 9], [3, 5], [7, -3]]

exec_time (ms): 283765.1948928833 ms
exec_time: 4m 43s 765.1948928833008ms