N: 85
n: 7
number_of_primes (d): 2
exp_register_width (qd): 6
primes: [2, 3]

R: 7315
T: 6
t: 15
delta: 0.0001367053998632946
delta_inv: 7315Percent of combinations (with positive values of result vector) that gives % N = 1: 47.4%
Percent of combinations (with positive values of result vector) that give p and q: 29.9%
Vectors that gives p and q: [[-8, 8], [0, 8], [-4, 0], [-12, 0], [0, 8], [0, 8], [0, 8], [-8, 8], [-12, 0], [0, 8], [-12, 0], [2, 4], [0, 8], [0, 8], [0, 8], [-4, 0], [0, 8], [12, 0], [4, 0], [-8, 8], [0, 8], [4, 0], [0, 8], [0, 8], [-8, 8], [6, -4], [-4, 0], [0, 8], [-12, 0], [6, -4], [12, 0], [-12, 0], [12, 0], [8, -8], [0, 8], [0, 8], [6, -4], [0, 8], [0, 8], [8, -8], [4, 0], [0, 8], [-4, 0], [-12, 0], [-4, 0], [0, 8], [0, 8], [0, 8], [0, 8], [-8, 8], [0, 8], [4, 0], [-12, 0], [0, 8], [0, 8], [-12, 0], [-4, 0], [8, -8], [-12, 0], [0, 8], [-12, 0], [8, -8], [0, 8], [6, -4], [0, 8], [0, 8], [8, -8], [0, 8], [8, -8], [0, 8], [-4, 0], [0, 8], [0, 8], [-4, 0], [0, 8], [0, 8], [-12, 0], [0, 8], [4, 0], [4, 0], [0, 8], [-12, 0], [0, 8], [12, 0], [4, 0], [0, 8], [0, 8], [4, 0], [0, 8], [0, 8], [-12, 0], [-8, 8], [-8, 8], [0, 8], [0, 8], [-12, 0], [6, -4], [4, 0], [12, 0], [-12, 0], [0, 8], [0, 8], [8, -8], [6, -4], [12, 0], [0, 8], [-12, 0], [8, -8], [0, 8], [0, 8], [0, 8], [4, 0], [0, 8], [-8, 8], [6, -4], [0, 8], [0, 8], [0, 8], [-4, 0], [0, 8], [12, 0], [-8, 8], [-4, 0], [0, 8], [8, -8], [0, 8], [6, -4], [8, 8], [0, 8], [0, 8], [8, -8], [0, 8], [-12, 0], [6, -4], [0, 8], [12, 0], [4, 0], [12, 0], [8, -8], [0, 8], [4, 0], [0, 8], [-8, 8], [0, 8], [0, 8], [0, 8], [0, 8], [2, 4], [4, 0], [-4, 0], [0, 8], [-12, 0], [8, -8], [0, 8], [0, 8], [0, 8], [0, 8], [12, 0], [12, 0], [-4, 0], [-12, 0], [-12, 0], [0, 8], [14, -4], [-8, 8], [0, 8], [-4, 0], [0, 8], [8, -8], [-12, 0], [0, 8], [4, 0], [8, -8], [8, -8], [-12, 0], [0, 8], [8, -8], [12, 0], [0, 8], [0, 8], [-4, 0], [0, 8], [-4, 0], [0, 8], [-12, 0], [0, 8], [-12, 0], [-12, 0], [-12, 0], [4, 0], [2, 4], [0, 8], [12, 0], [0, 8], [-12, 0], [-12, 0], [0, 8], [12, 0], [8, -8], [8, -8], [-4, 0], [12, 0], [-4, 0], [4, 0], [8, -8], [0, 8], [0, 8], [8, -8], [4, 0], [6, -4], [12, 0], [0, 8], [2, 4], [12, 0], [2, 4], [0, 8], [-4, 0], [0, 8], [-12, 0], [0, 8], [-8, 8], [4, 0], [0, 8], [-12, 0], [0, 8], [0, 8], [0, 8], [0, 8], [0, 8], [-12, 0], [0, 8], [0, 8], [0, 8], [0, 8], [12, 0], [0, 8], [0, 8], [-4, 0], [12, 0], [0, 8], [0, 8], [8, -8], [-8, -8], [8, -8], [-8, 8], [4, 0], [0, 8], [0, 8], [-4, 0], [-12, 0], [12, 0], [4, 0], [-12, 0], [4, 0], [-12, 0], [12, 0], [-4, 0], [0, 8], [0, 8], [0, 8], [4, 0], [0, 8], [-12, 0], [8, -8], [8, -8], [0, 8], [4, 0], [4, 0], [4, 0], [0, 8], [8, -8], [12, 0], [0, 8], [-12, 0], [4, 0], [0, 8], [12, 0], [0, 8], [0, 8], [-12, 0], [4, 0], [0, 8], [4, 0], [0, 8], [0, 8], [-8, 8], [0, 8], [0, 8], [0, 8], [0, 8], [0, 8], [-4, 0], [8, -8], [0, 8], [-12, 0], [-12, 0], [0, 8], [12, 0], [12, 0]]

exec_time (ms): 294238.01016807556 ms
exec_time: 4m 54s 238.01016807556152ms