N: 33
n: 6
number_of_primes (d): 2
exp_register_width (qd): 5
primes: [2, 5]

R: 5431
T: 5
t: 14
delta: 0.00018412815319462345
delta_inv: 5431Percent of combinations (with positive values of result vector) that gives % N = 1: 65.6%
Percent of combinations (with positive values of result vector) that give p and q: 40.9%
Vectors that gives p and q: [[-223, 1607], [402, -1133], [888, 1303], [-206, 759], [181, -2689], [-494, -519], [985, -1525], [505, -285], [1387, 1027], [-552, -477], [1153, 563], [-1039, 1501], [-473, -553], [-1182, -317], [224, -361], [-298, 147], [1834, -321], [993, -767], [-2, 3], [-497, -537], [613, -707], [-746, 499], [-466, -551], [-485, -525], [1250, -1765], [-1274, -779], [1017, -233], [-1434, 971], [530, -775], [1390, -915], [1414, 619], [-490, 235], [-906, 1519], [-349, 161], [-168, -2213], [741, 31], [52, 617], [111, -719], [-482, -537], [-4, 1], [-1279, 921], [-90, -1035], [-244, -789], [2423, 93], [-1501, 959], [832, -743], [1649, 889], [-317, -1307], [-704, 941], [-478, -543], [1800, -425], [661, -29], [-1188, -33], [-353, 817], [167, -703], [-1528, 987], [-377, 1073], [1307, -863], [-1357, -317], [-1178, -543], [1402, -983], [1, 621], [-467, -517], [-1651, -241], [-1470, 935], [-631, 2149], [982, -1493], [929, -1401], [1986, -369], [-2, 3], [-615, 705], [-329, 121], [-495, -465], [-534, -499], [-529, -459], [-4, 1], [364, 839], [785, 5], [801, -1069], [-266, -571], [-1751, -1541], [158, 1023], [1029, -101], [1040, -1535], [862, -193], [-584, -439], [703, -747], [-478, -563], [-370, -1265], [322, -1163], [1467, -933], [2624, -81], [-512, -507], [-159, -649], [-993, 1507], [-1297, 793], [-558, -443], [-1519, -379], [-498, -513], [-531, -501], [-533, -493], [-506, -501], [-552, -467], [-1597, 1093], [-1305, -665], [-1440, 995], [717, -623], [147, -803], [550, 285], [929, -1401], [195, -635], [828, -2317], [-498, -513], [-1487, 973], [-1412, 693], [456, -729], [-238, -1493], [-1475, 995], [-1398, 977], [525, -2055], [-298, 147], [1546, -1029], [80, 1575], [-796, 919], [-227, 683], [-491, -521], [-635, -435], [-521, -501], [-1507, 1013], [-502, -517], [-1468, -1543], [-1629, -1429], [-508, -513], [-732, 283], [747, -1283], [-555, -415], [461, -749], [-510, -515], [-552, -477], [-227, 863], [84, -341], [-529, -489], [-495, -525], [-519, -509], [753, -147], [-488, -513], [747, -703], [35, 645], [1384, -841], [182, -603], [1454, -991], [-514, -499], [-501, -501], [-520, -495], [-477, -537], [441, -709], [-528, -493], [1017, -283], [-343, 67], [567, -2213], [-513, -503], [778, -347], [-493, -523], [772, -503], [1984, -521], [2206, 611], [-617, 243], [-503, -513], [-4, 1], [-469, -549], [-1461, 239], [-573, 257], [1347, -953], [-763, 747], [287, -1373], [-591, 259], [-1475, 995], [-606, -441], [-603, -463], [470, -2015], [-522, -467], [580, 295], [1418, -847], [329, -691], [-778, 347], [-97, 713], [-506, -521], [-614, 211], [333, -2007], [-451, 719], [-481, -521], [-1022, -317], [-896, -131], [-1684, -589], [87, -343], [735, 185], [731, -1269], [-494, -509], [-518, -493], [1501, -989], [-699, 251], [-1456, 469], [-608, -323], [-153, 777], [-262, 1193], [-522, -497], [1491, -969], [770, -735], [729, -111], [-955, 1505], [-389, 821], [-542, -517], [-738, 457], [-446, -541], [-611, -1251], [-755, 235], [641, -79], [1335, -445], [-38, 827], [-521, 209], [1389, 719], [182, -813], [-1490, 995], [1464, 319], [-1538, 1027], [-1414, 971], [-691, -1621], [1449, -831], [-1929, 431], [-477, -557], [-4, 1], [-1530, -1535], [1506, -1019], [-1051, -71], [-712, 363], [2040, -425], [-743, 487], [-1455, 945], [1508, -977], [713, -387], [1017, 1137], [795, -545], [-526, -491], [-572, -457], [-1407, -1547], [1503, -977], [-156, 1289], [459, -721], [-170, -1905], [58, 2563], [-496, -511], [1194, -231], [-743, 487], [-662, 143], [90, -685], [-1440, -1605], [-1497, -1557], [139, -191], [737, -13], [-647, 323], [-1340, 895], [1686, 91], [-480, -525], [-1418, 827], [-1480, 895], [-1051, -331], [-558, -443], [280, -825], [1509, -931], [-507, -517], [-191, 1889], [609, -251], [195, -635], [703, -747], [1853, 453], [1776, -1159], [-1401, 929], [1007, -1573], [-516, 139], [-503, -513], [1504, 1539], [-368, 247], [-993, 1537], [-502, -517], [1241, -889], [353, -687], [1363, 733], [1169, 1099], [1806, -379], [-626, -371], [-1160, -345], [1476, -999], [-194, 621], [-542, -497], [-477, -577], [-482, -537], [-513, -503], [959, -1501], [-1742, -227], [310, -1335], [-1506, 1019], [1401, -929], [-632, 233], [1611, -369], [-444, -539], [-263, 697], [2428, -17], [-1783, 1317], [-490, -515], [-493, -483], [-477, -537], [-1141, -81], [2585, -105], [-1401, 929], [-1210, -1015], [-226, 2049], [400, -615], [-259, 511], [1456, -989], [-523, -1253], [695, -215], [-762, -277], [-445, 1955], [-496, -531], [-530, -495], [-2234, 731], [-1465, 975], [-1468, -1543], [241, -1899], [1001, -1519], [459, -721], [-181, -1781], [-595, -355], [1030, -1535], [-434, -779], [-637, 213], [153, -527], [-1463, 1007], [-662, 243], [-140, -635], [-742, -1837], [214, 1829], [-178, 657], [36, 2661], [-483, -533], [-119, 341], [1301, -899], [-1482, 1023], [700, 1175], [-343, 87], [1301, -899], [785, 295], [-1033, 257], [-973, 1487], [-704, 1411], [-528, -503], [41, -1129], [-319, 1211], [-506, -521], [898, -1187], [-546, -511], [-261, 709], [-512, -507], [-632, 273], [-477, -527], [-1468, 1007], [5, 1325], [-341, -1101], [-567, -477], [1296, -329], [387, -713], [-485, 725], [-1299, 111], [1332, -263], [-639, -319], [-540, -475], [-1511, 1029], [-500, -535], [1205, -415], [-517, -497], [-503, -513], [951, 1141], [-1005, 845], [-1918, 427], [-511, -501], [-500, 275], [-1005, 1545], [-1302, 883], [567, -2213], [-485, -515], [75, -335], [-4, 1], [-220, -695], [-378, -553], [-1221, 199], [-607, 173], [-632, 333], [-1715, 345], [-349, 781], [-567, 2213], [-1347, 953], [-668, -513], [1886, -189], [-508, -493], [-2, 3], [1505, -1015], [135, -515], [-1054, -329], [2255, -705]]

exec_time (ms): 180498.30150604248 ms
exec_time: 3m 498.30150604248047ms