N: 33
n: 6
number_of_primes (d): 2
exp_register_width (qd): 5
primes: [2, 5]

R: 5431
T: 5
t: 14
delta: 0.00018412815319462345
delta_inv: 5431Percent of combinations (with positive values of result vector) that gives % N = 1: 72.9%
Percent of combinations (with positive values of result vector) that give p and q: 43.8%
Vectors that gives p and q: [[570, 565], [-567, -437], [1047, -263], [-1381, 249], [145, -965], [-2453, 17], [52, -1883], [400, 845], [-1112, 1733], [-473, -553], [1421, -169], [375, -1325], [-9, -639], [-1243, 897], [-281, 279], [1997, 117], [-1461, 939], [-607, -527], [-481, -2141], [-1193, -163], [1154, -591], [-166, 1899], [2487, 87], [-56, 1909], [-997, 1533], [680, 495], [566, 121], [-116, 719], [-458, -533], [829, -181], [-847, 943], [1978, 253], [-512, -487], [1777, -53], [-571, -361], [-508, -473], [2128, -1067], [80, -2785], [-504, -519], [1830, 865], [-296, 1849], [-451, -561], [147, -2543], [-1837, -767], [-465, -515], [-1698, -863], [447, -1983], [-723, 337], [1041, -269], [-1756, 1309], [879, -921], [267, -743], [1189, 729], [199, -651], [-427, -637], [-551, -501], [33, 1253], [-930, 215], [666, 381], [-99, -1219], [-569, -429], [1307, -863], [-458, -573], [1048, -427], [-507, -517], [-523, -453], [461, 1861], [-526, -541], [811, -919], [977, -1503], [-490, -545], [-1679, 901], [-777, 303], [-847, -1157], [-461, -531], [789, -231], [-909, 191], [1017, 897], [-798, 157], [138, -787], [-1234, 471], [-547, -487], [-383, 1297], [-805, 1145], [-522, 183], [-533, -683], [2136, -609], [209, -711], [-920, 1175], [-724, 211], [-1063, 1507], [-744, 221], [945, -1515], [-564, -599], [-759, 81], [-564, -469], [-424, -499], [750, -235], [-666, -1491], [732, -223], [-975, 1515], [472, -1433], [1007, -2473], [195, -1945], [907, -213], [-597, -397], [-638, -153], [-216, 1329], [-652, 123], [-746, 239], [330, 895], [-2, -757], [1082, 1027], [-462, -517], [-793, 177], [-565, -485], [320, -1315], [-266, 1969], [1465, 455], [-561, 2079], [415, -1995], [-812, 173], [-591, -441], [-783, -423], [-612, -517], [-197, 923], [899, 1079], [-589, 2081], [-1719, -179], [805, -1505], [1812, -423], [776, -259], [-1107, 363], [150, -725], [2149, -711], [-1013, 1527], [925, -825], [-967, -1037], [779, 1329], [-753, 327], [829, 1129], [-724, 191], [1040, 1015], [242, -983], [704, -611], [-551, -461], [-908, 2217], [-504, 781], [1093, 853], [1538, -987], [-545, -505], [-911, 199], [-2155, 635], [-856, 229], [1760, -1535], [-140, -1805], [1807, 427], [-454, -729], [-1543, -1633], [-1394, -349], [-656, 99], [-131, -1111], [1071, -1539], [-2087, 593], [-608, 187], [-182, 1933], [-736, 339], [-180, -1775], [1890, 125], [986, -1459], [-858, -1273], [488, -2077], [144, -791], [-1055, 1515], [-678, -463], [195, -925], [1184, 689], [721, 281], [-759, 881], [1795, 175], [-661, 109], [-1470, -255], [-759, 161], [-1103, 1647], [1098, -1627], [-1528, -213], [-263, 707], [-634, -539], [161, -569], [-508, -613], [-998, 247], [-670, 245], [484, 499], [1000, 575], [-566, -461], [-757, 213], [-552, -567], [2618, 1143], [2603, 23], [1437, -1873], [-152, 823], [-161, -1751], [-623, 2097], [-600, 1405], [1509, -951], [2699, -711], [-1610, 1055], [492, 627], [1019, 289], [132, -653], [-727, 163], [-188, 1007], [-666, -411], [-564, -409], [-597, 183], [-512, -487], [1667, -953], [168, -687], [-2490, -45], [-514, -439], [484, -2041], [2581, 81], [142, -663], [880, 1095], [158, 1883], [-1661, -2221], [183, -767], [-270, 1295], [159, 1879], [-1534, -1619], [-783, 227], [-534, -299], [-1160, -705], [-1855, -235], [-216, 729], [275, 1095], [-582, -487], [996, -1529], [-1040, 1135], [-1004, -979], [388, 853], [-750, -1165], [-1032, 393], [-52, 1903], [-528, -543], [-580, -475], [235, 1575], [432, -2043], [994, 939], [-2024, -189], [692, -883], [-2113, 397], [-799, 231], [840, -295], [-429, -539], [-1128, -873], [-541, 249], [-540, -465], [1885, -105], [-444, -669], [-572, -257], [-700, 745], [-65, 1275], [-286, 1209], [-1073, -963], [285, -1325], [-55, 835], [-1500, 1625], [866, -809], [-654, -499], [710, 435], [-529, -399], [-491, -541], [-911, -1041], [332, -1373], [119, -731], [1128, 753], [-1012, 283], [-2581, -21], [2053, -487], [-555, -555], [-494, -499], [-102, 2473], [-581, -451], [-494, -589], [722, -183], [-1406, 19], [1507, 437], [227, -643], [-495, -625], [1550, -985], [1114, -1491], [-971, 1539], [-196, -1761], [1668, 973], [-872, 1313], [1499, -741], [-734, 211], [855, 1635], [-1463, -443], [-581, -581], [1403, -317], [892, -973], [830, -845], [-1550, 965], [-393, -1083], [958, -1317], [1530, -965], [-2076, 469], [678, 503], [1041, 901], [-1773, -303], [90, -695], [-430, 1975], [700, 465], [-2494, -39], [-657, -397], [951, -609], [-1768, 1197], [1349, 1539], [-218, 727], [817, -873], [291, -749], [766, -319], [929, 1069], [-376, -871], [-1230, -585], [2301, -619], [-697, 623], [-989, 1511], [679, -211], [-990, -1055], [-580, -425], [-1450, 685], [269, -1921], [938, -1057], [144, -681], [542, 577], [-1446, -281], [-520, -475], [174, 1839], [-473, -703], [-547, -547], [-1146, -921], [2338, 243], [-112, 1123], [-2398, -1933], [194, -1331], [-641, -451], [487, 727], [1019, -1501], [416, -1989], [-1460, 1185], [-512, 2043], [-855, 2795], [487, -1973], [-945, 845], [1257, 677], [-1528, 1007], [-842, 213], [-1012, 313], [-488, -533], [976, -1269], [-247, 1283], [-424, -759], [-697, 173], [-634, -289], [-773, 517], [1979, -361], [428, -747], [1496, -969], [319, 1119], [312, -1303], [-1430, 85], [1052, 1067], [855, -895], [-1141, -861], [-728, 297], [-1145, -965], [338, -737], [-2098, 507], [-1014, -1059], [-729, -1329], [254, -1091], [1630, -55], [1666, 1101], [1039, -1451], [-1874, -239], [-2184, 721], [162, 1817], [-79, 2611], [-1182, 563], [137, -613], [-550, -435], [-739, 231], [-462, -537], [-1069, -929], [-486, -581], [733, -787], [132, -693], [-966, 1399], [1976, 391], [998, -1517], [924, -1441], [811, -129], [2109, -511], [1698, 813], [-145, -2105], [242, 1897], [-221, -1131], [-421, 1989], [-2150, 555], [833, -177], [-694, 231], [-124, 1311], [244, 1529], [187, -693], [-223, -1003], [-1379, -449], [-763, 287], [-168, -663], [1884, 189], [927, -473], [1837, 1157], [96, -769], [-984, 231], [-2478, 17], [827, -723], [-2163, 647], [251, -1269], [375, -1935], [-983, 1557], [-1828, -383], [-536, -571], [-711, -1511], [1843, 1403], [-520, -505], [-586, -471]]

exec_time (ms): 258414.14141654968 ms
exec_time: 4m 18s 414.1414165496826ms