N: 39
n: 6
number_of_primes (d): 2
exp_register_width (qd): 5
primes: [2, 5]

R: 5431
T: 5
t: 14
delta: 0.00018412815319462345
delta_inv: 5431Percent of combinations (with positive values of result vector) that gives % N = 1: 66.5%
Percent of combinations (with positive values of result vector) that give p and q: 39.8%
Vectors that gives p and q: [[-999, -7], [-963, -35], [-999, -7], [-486, -856], [-432, 2218], [-465, -1469], [-999, -7], [483, -973], [315, -1145], [-993, -13], [-999, -7], [-1002, -8], [-180, -1826], [303, -797], [-987, -23], [-999, -11], [-999, -11], [-1005, -13], [228, -1462], [-1005, -9], [336, -878], [-1008, -6], [408, 1546], [357, 1017], [285, 1689], [-996, -10], [0, -1462], [-963, -27], [177, 1025], [-156, -1450], [330, 2228], [210, 2288], [351, -357], [-87, 1709], [-996, -14], [-975, -19], [-321, -1721], [411, 1567], [72, -1238], [-993, -13], [489, 2209], [-135, 1137], [-969, -13], [63, 2191], [-996, -10], [54, 968], [-999, -7], [-447, -1651], [-330, -176], [477, 1573], [-996, -10], [-999, -7], [318, 172], [138, -1096], [24, 1714], [252, -754], [105, -347], [-498, -16], [342, 1600], [-972, -26], [-309, -1845], [201, 1849], [-369, -1529], [-393, 1103], [63, -2113], [-213, -1829], [12, 2174], [-351, -155], [-321, -1173], [-384, 962], [-996, -14], [-999, -7], [33, 1145], [-990, -16], [-996, -14], [-1008, -10], [-1008, -10], [-999, -11], [-498, -1568], [-318, -1588], [-999, -7], [498, -1484], [-999, -7], [-465, 1427], [399, -413], [447, -1213], [-39, 2377], [-171, -459], [-126, -1160], [498, 12], [135, -373], [-993, -13], [372, -1706], [390, 1036], [-1005, -9], [-9, -1381], [228, -1306], [-993, -17], [141, -1323], [-996, -10], [-990, -12], [-1002, -12], [-171, 1273], [-330, 1280], [414, -1492], [-312, 830], [27, -1201], [0, -1530], [0, 838], [168, 2326], [-84, 1698], [-279, 2441], [-1002, -8], [153, -1415], [42, -1384], [486, 1524], [-1005, -9], [438, -1296], [-480, -886], [-240, -1714], [-219, -979], [-327, 813], [462, -1428], [-144, -1902], [-975, -19], [27, 2315], [-381, 883], [-255, 1277], [-60, 1670], [-999, -7], [-270, -1048], [243, 1035], [-300, 662], [114, 2416], [-999, -7], [-498, -1480], [420, -1482], [-327, -1139], [-222, 856], [-438, -1596], [-996, -10], [150, 588], [-999, -7], [294, -804], [324, 2454], [-975, -19], [0, -1650], [-999, -7], [-420, -1578], [489, -1527], [-498, -12], [-999, -7], [-267, 1173], [-264, 662], [270, -812], [288, -546], [-993, -13], [-171, 1045], [-42, -2348], [-999, -7], [-24, 1006], [-261, -1793], [-282, 2452], [-999, -11], [321, 185], [-330, -188], [-408, 1486], [45, 1673], [-993, -13], [39, 1551], [-39, -3147], [-258, 1356], [-486, -736], [-21, -1613], [-993, -13], [-297, -1693], [-996, -10], [-477, 411], [-996, -10], [-105, -481], [-438, -96], [-987, -15], [-162, 2216], [240, -766], [192, -1474], [444, 1506], [-1002, -8], [-495, -23], [462, 888], [-465, -1561], [423, -1369], [-288, 846], [390, 1704], [-300, -1062], [498, -1484], [-996, -10], [-999, -11], [-297, 819], [-489, 1551], [-441, 1411], [-162, 1164], [108, 186], [-270, -1048], [-1005, -9], [-1002, -8], [261, 1793], [-1005, -9], [471, -1449], [-309, 703], [-267, -1051], [162, 2180], [-441, -949], [405, -1579], [216, -1398], [-45, -1209], [66, 2236], [75, -897], [-372, -1610], [-486, 976], [432, -1418], [336, 1726], [-225, -1029], [-309, -2241], [-432, 1426], [-1002, -8], [-1002, -8], [-366, 1388], [-465, -1521], [-306, 784], [-9, -2325], [-1002, -16], [408, 74], [348, -1450], [-999, -7], [0, 974], [210, -1340], [-270, 756], [-186, 2452], [429, -263], [-993, -13], [474, 1124], [279, -761], [-384, -1614], [336, 1546], [108, -1110], [-267, -1863], [-78, 2248], [-309, 1083], [456, 1550], [-975, -27], [372, -1430], [-267, -1095], [156, -1914], [-354, 1384], [-1008, -10], [-378, -1192], [18, -2024], [-999, -7], [-993, -13], [-414, -1412], [-309, -1661], [-996, -18], [-990, -16], [327, -813], [375, -3229], [393, -1443], [-474, -1536], [456, -1486], [-1008, -10], [270, 412], [0, 1590], [-972, -10], [210, -1120], [-993, -13], [-987, -15], [-1011, -7], [-1005, -9], [-999, -11], [-480, -14], [-237, 2123], [-93, -1357], [-456, -1530], [-324, 626], [-384, 922], [-39, -1203], [480, -1510], [-216, -1722], [-345, -1525], [366, 916], [-1005, -9], [-963, -15], [-453, -1545], [-999, -11], [450, -1064], [-312, -2242], [-444, -38], [342, -1016], [-441, -1581], [-1002, -8], [-477, -1437], [180, -810], [189, -1215], [-390, -1596], [-996, -10], [-999, -11], [465, -1531], [-189, 727], [318, 1872], [-999, -15], [-435, 1105], [333, -835], [246, -664], [420, -1314], [468, -1542], [483, -973], [117, 261], [114, -1164], [-996, -10], [-489, 1523], [282, -784], [-969, -13], [-390, 1480], [-999, -11], [108, 1666], [-282, -1328], [141, -2383], [-339, -167], [48, -1266], [-999, -7], [0, 2330], [441, -1431], [-999, -7], [-1002, -16], [-120, -98], [300, -818], [-474, -868], [393, -1431], [-216, 746], [0, -1550], [-1002, -12], [354, -1412], [-426, 976], [-21, -2225], [-990, -12], [-414, -1564], [-999, -7], [-1008, -6], [-999, -11], [-261, -2225], [99, -853], [0, -1566], [-207, -167], [438, 96], [-306, -1120], [-993, -13], [153, 1585], [36, 2142], [-474, -1528], [420, -1498], [-69, 3195], [-186, -1860], [-345, -1645], [-429, -1541], [0, -1462], [138, -824], [258, -1372], [-411, 1489], [-1005, -9], [-999, -11], [-240, 966], [369, 1025], [288, 1702], [234, 1868], [483, 859], [-45, 699], [402, -1456], [423, 1059], [-969, -13], [-990, -16], [426, -1532], [-450, -1544], [-303, 781], [57, 1989], [-408, -1514], [-348, 894], [357, -1411], [-996, -10], [441, -1063], [300, 1014], [-327, 1385], [-366, -996], [30, -1884], [-999, -7], [-405, -1145], [210, -1120], [252, 234], [-36, -1382], [-132, -2038]]

exec_time (ms): 205083.47368240356 ms
exec_time: 3m 25s 83.47368240356445ms