N: 57
n: 6
number_of_primes (d): 2
exp_register_width (qd): 5
primes: [2, 5]

R: 5431
T: 5
t: 14
delta: 0.00018412815319462345
delta_inv: 5431Percent of combinations (with positive values of result vector) that gives % N = 1: 49.6%
Percent of combinations (with positive values of result vector) that give p and q: 29.1%
Vectors that gives p and q: [[139, -1285], [-528, -1029], [1678, -889], [-608, -979], [804, 861], [-1256, 353], [-591, 159], [-294, -543], [457, 1079], [20, -1331], [-123, 1617], [-627, 177], [1218, 1383], [1615, 893], [-490, -227], [-510, -1011], [1254, 1041], [53, 1651], [-468, -1053], [14, -569], [373, -709], [-1418, 1325], [-612, 27], [-2314, 643], [-436, -1001], [1162, 1877], [-655, 811], [-36, 1287], [-2004, 465], [-609, -975], [-552, -375], [-544, 601], [-276, -507], [-299, -1189], [-569, -991], [-1932, -633], [1325, -269], [-1329, -273], [-682, 397], [1116, -747], [-673, 109], [-78, 1221], [-1675, -23], [-775, 2281], [-1359, 477], [-937, -2003], [-308, -1351], [-769, 169], [-1923, 321], [-115, -575], [456, 1173], [1354, -313], [711, -117], [-334, -1805], [-78, -723], [-2470, -605], [-1256, 443], [-167, -601], [-1350, 441], [1082, 19], [770, -1397], [-1401, 1455], [1250, 643], [781, 2159], [-270, -531], [-292, -497], [-1376, 995], [522, 999], [-2184, 753], [-1023, -633], [-47, -1261], [696, -1047], [-568, -959], [-473, 245], [1233, 261], [1953, -459], [-654, 159], [-965, -1243], [1134, -1035], [-2038, 475], [584, 139], [-94, -1811], [1566, -981], [-167, -1591], [-768, -717], [-151, 1387], [545, 1015], [1544, -281], [-1798, 109], [-19, 877], [-1315, 427], [-682, 271], [-510, 231], [2131, -415], [-45, -747], [-2032, 541], [-1032, 267], [564, 489], [-646, 199], [162, 621], [1176, 975], [199, 1553], [-495, -333], [-1299, 309], [795, -1173], [-753, 87], [746, 553], [-1969, 487], [1486, 239], [-560, -361], [-1187, -1903], [548, -851], [1326, -309], [-146, -721], [-665, -1093], [611, -797], [-316, -437], [-1660, 2023], [-858, 1461], [-397, -365], [-1007, -1939], [-782, 95], [534, -129], [-499, -1037], [-697, -893], [272, -521], [851, -137], [549, -855], [307, -499], [-1081, -401], [-2778, 123], [-1274, -133], [1680, -933], [668, -989], [-1787, 317], [-721, -725], [-715, 979], [177, -1275], [-531, -999], [1287, -333], [-1464, 1509], [-15, -1119], [1047, 1905], [1945, -427], [1255, -115], [-2015, 509], [358, -1297], [-374, -547], [-410, -1177], [-758, 1061], [-502, -1007], [911, -1295], [-932, -439], [-1010, -307], [-457, -305], [228, 591], [-917, 2435], [-1404, -315], [-1355, 1397], [423, -657], [-1296, -765], [409, -79], [-639, 2097], [2002, -511], [1273, -331], [1242, -315], [28, 1913], [1140, -321], [2341, -571], [1980, -495], [677, 793], [161, 1309], [-1490, 1487], [226, -1327], [2742, -1005], [512, -797], [-1028, 287], [-706, -425], [601, 989], [987, -771], [-161, -625], [760, -133], [1975, -439], [-89, -661], [1370, -341], [908, -2417], [-27, -1143], [1041, 507], [-586, -959], [1219, 299], [-635, -7], [-693, 171], [-690, 177], [1335, -1425], [-46, -689], [-236, 2213], [-1155, 2523], [-287, 1391], [-160, -1133], [119, -1115], [-566, -1003], [567, 1017], [-442, -1139], [421, -631], [572, -1145], [1255, 371], [1183, 1811], [735, -789], [-1341, 405], [713, -719], [559, 1121], [583, -289], [-1749, -933], [-12, -771], [1042, 2051], [-1909, -131], [-1037, 233], [-1691, -715], [991, 1301], [1430, -275], [-320, 101], [-787, 205], [-563, -979], [807, -123], [-640, 985], [819, 315], [-1223, -1813], [1312, 359], [1872, 45], [694, -31], [1385, 265], [890, -1409], [-989, 239], [-485, -1039], [-287, 1571], [986, -137], [-421, -287], [-593, -949], [-695, 143], [-1283, -151], [-273, -483], [-169, 1081], [704, -125], [-1141, -917], [447, -2769], [-224, 2183], [1296, 1503], [1251, -315], [-593, 923], [1938, -219], [-1258, -773], [-661, 979], [1340, -491], [784, 1481], [-683, 149], [1093, -79], [770, -1325], [-1834, 307], [-190, 2407], [1348, 305], [-647, -49], [1316, -2105], [-103, 1051], [1034, -1283], [865, -787], [-903, 381], [-453, -1077], [933, 2109], [-1746, 405], [-2358, -639], [1176, 1911], [-499, -1019], [-509, -1033], [-1271, 305], [174, 1509], [-1615, 367], [-1622, -163], [1349, -455], [506, 1063], [-1595, -127], [-204, -579], [-408, -1077], [727, -217], [-1356, 357], [-820, -491], [1334, -359], [-515, -955], [-1677, 399], [622, -769], [594, -765], [798, -879]]

exec_time (ms): 265441.5969848633 ms
exec_time: 4m 25s 441.59698486328125ms