N: 65
n: 7
number_of_primes (d): 2
exp_register_width (qd): 6
primes: [2, 3]

R: 7315
T: 6
t: 15
delta: 0.0001367053998632946
delta_inv: 7315Percent of combinations (with positive values of result vector) that gives % N = 1: 39.5%
Percent of combinations (with positive values of result vector) that give p and q: 21.6%
Vectors that gives p and q: [[1876, 1886], [-1512, -174], [-938, 914], [-1052, -2038], [-1344, 54], [-364, -1574], [2812, 14], [-806, 170], [-1084, 1234], [1014, -1014], [-18, -1278], [1654, -946], [472, 746], [770, -1922], [-1042, -662], [-1200, 1206], [272, -830], [-1576, 922], [1296, -1866], [-814, 994], [-782, 242], [-66, -594], [1012, -382], [1256, 1354], [1962, 1086], [-292, 802], [210, 2130], [-938, 986], [-1022, -1966], [-752, 254], [-1220, 518], [322, -838], [-2046, -1014], [966, -990], [120, -762], [-56, -598], [-464, -298], [-2040, -990], [1202, 1906], [928, -958], [254, -746], [204, -1950], [372, 2106], [952, -982], [210, -786], [-1878, 1830], [804, -846], [-1016, -2038], [1408, 374], [940, -982], [-1996, -1046], [-1306, -2], [-468, -546], [-974, 962], [784, -682], [-516, -1002], [-1136, 410], [1836, -570], [-1076, -1978], [536, 1006], [790, 926], [-938, -778], [-756, 6], [-1446, 1842], [-1024, 1018], [-286, -926], [-1368, -522], [-942, -2106], [-1230, 1266], [1012, -1030], [1146, -402], [-2036, -1006], [-820, 322], [1026, 738], [-1030, 1054], [-1012, -2054], [1078, -1126], [272, 2338], [1826, 1426], [-1006, 358], [1020, -1014], [-788, 62], [1018, -1054], [-958, 346], [-2072, -958], [274, 770], [-458, -2338], [1892, -1694], [-330, 1338], [-416, -526], [-704, 302], [-1138, -1982], [696, 162], [2896, 410], [-1978, -1070], [-1920, -1110], [1048, 482], [-1476, -510], [-940, 934], [-936, 1566], [-2510, -550], [-1066, -2018], [-742, 322], [262, -526], [1950, 1062], [-1686, -1158], [-280, -1598], [-460, 334], [-958, 910], [-908, -502], [1314, -570], [590, 1006], [-1086, -1902], [126, -726], [1134, 1314], [612, -162], [-2016, -798], [88, -670], [150, -714], [1954, -394], [980, -1022], [1160, -1010], [-452, -622], [-752, 230], [292, -742], [-1018, -1982], [-766, 370], [-788, 290], [-1118, 350], [1436, 1066], [-552, -642], [-1714, -1754], [-994, 982], [-2082, -2250], [1916, -1502], [334, -766], [2030, 1006], [306, -642], [400, 1802], [-948, 930], [1176, 378], [-1178, 1190], [180, -774], [1554, 378], [-180, -2190], [-922, -2078], [1978, 1034], [-710, 326], [-1930, 1834], [-922, -2090], [998, -1022], [-1136, -1834], [1168, 1802], [1936, -1774], [186, 1362], [-950, 926], [272, -1322], [-1490, -670], [822, -1542], [-314, -2074], [-808, 1726], [-1824, -1062], [1036, -1030], [-1068, 306], [1130, 226], [-1114, -170], [258, -690], [1044, -1062], [-2324, -742], [1056, 1362], [1256, -1178], [-1220, -1894], [-800, 254], [-1268, 1922], [744, -882], [-1028, -1306], [1694, 1558], [128, -746], [-1972, -1022], [1680, -66], [-464, 482], [834, -1002], [464, -2438], [1968, 1110], [-630, 462], [662, 2194], [-586, -98], [2040, 1026], [1066, -1078], [398, -950], [290, -890], [-882, 1002], [256, -754], [-618, -486], [-1772, 1670], [1406, -38], [-670, 298], [294, 1494], [2042, 1006], [-1024, 994], [-238, -1574], [-1082, -178], [1212, -1338], [-2090, -814], [1962, -1962], [-1206, -1818], [-1912, 1930], [118, 2198], [994, -994], [1978, -190], [-2110, -950], [-20, 1730], [-258, -690], [948, -930], [950, -998], [1146, -426]]

exec_time (ms): 287805.3138256073 ms
exec_time: 4m 47s 805.3138256072998ms