N: 77
n: 7
number_of_primes (d): 2
exp_register_width (qd): 6
primes: [2, 3]

R: 7315
T: 6
t: 15
delta: 0.0001367053998632946
delta_inv: 7315Percent of combinations (with positive values of result vector) that gives % N = 1: 41.3%
Percent of combinations (with positive values of result vector) that give p and q: 27.1%
Vectors that gives p and q: [[-1, 2], [2300, 2825], [-431, -1448], [-1, 2], [-2544, -2547], [-1, 2], [1634, -763], [-1, 2], [-1, 2], [-363, -1254], [-1, 2], [-1956, 927], [-1011, 492], [-986, 367], [-1521, -3078], [-1, 2], [1, -2], [1231, -2252], [-1129, 608], [1, -2], [1207, 2056], [-1031, 502], [-1076, -53], [2336, 1463], [1159, 802], [-1755, -1740], [-1012, 419], [801, -1422], [-3557, -2066], [927, -1074], [907, 316], [-449, -962], [839, 1232], [-461, 1012], [-1, 2], [672, 171], [-157, -1126], [-1, 2], [-696, -723], [854, -1063], [1260, 45], [-3139, -1072], [-1, 2], [-1, 2], [-1, 2], [1261, -1322], [-678, -2259], [-1, 2], [1, -2], [158, -3271], [-928, 341], [1958, -961], [321, 708], [-1, 2], [-280, -1645], [1010, 1385], [-1, 2], [-1, 2], [-1, 2], [-1, 2], [-1669, -2962], [-760, -3355], [-1, 2], [-66, 1827], [139, -1778], [-1, 2], [-1, 2], [212, -889], [-1, 2], [819, 402], [899, -238], [958, 259], [328, -611], [-1, 2], [-805, 2750], [-1, 2], [-1, 2], [608, 1979], [-1022, 499], [173, -856], [-1, 2], [67, -704], [-443, -164], [2090, 485], [-195, 360], [-640, -565], [-1, 2], [-1265, -500], [-1, 2], [2006, -967], [-1, 2], [-1588, 191], [-1, 2], [884, 1547], [-1539, 288], [-1122, 669], [-1, 2], [-993, 486], [-1, 2], [82, -659], [2006, -967], [-1, 2], [-123, -2184], [13, -536], [-1, 2], [1822, 451], [825, 900], [498, -681], [562, 601], [-2168, 751], [-177, 1914], [-883, 386], [-1738, 881], [-1089, -1662], [-1, 2], [1, -2], [-1, 2], [586, -1307], [-1497, -3066], [-1, 2], [484, -683], [-423, -924], [-1, 2], [-1, 2], [-3301, -478], [-1, 2], [-1, 2], [1, -2], [-237, -1296], [-763, 266], [-1173, -2664], [-1, 2], [-1, 2], [-1, 2], [-632, 109], [-1, 2], [-1, 2], [-374, 43], [-956, -173], [-333, -1464], [232, -809], [-699, -2712], [-1, 2], [-1, 2], [188, -2131], [-1, 2], [-1, 2], [274, 157], [-1626, 267], [-1988, 961], [2959, -218], [-608, -719], [298, -1391], [57, -1464], [1005, -2310], [1352, 521], [-158, -1499], [468, -951], [1, 1258], [-529, -712], [-1548, -3039], [-584, -3557], [239, -1948], [-1, 2], [-1011, 492], [-1, 2], [-1, 2], [-1037, 514], [-1, 2], [-1041, 522], [-1028, -29], [-191, -1568], [640, -965], [-1139, 778], [-1, 2], [-1068, 441], [-999, 318], [-1043, 526], [-1, 2], [-1126, -1813], [-1, 2], [-3717, -1956], [-75, 1650], [-1252, -61], [-1, 2], [-2079, 1038], [-996, 477], [867, -1194], [-1, 2], [-1, 2], [-1, 2], [-985, 320], [-1019, 508], [-1, 2], [-1, 2], [-1, 2], [-293, -1454], [-2368, -1069], [1276, -2057], [-1429, 698], [-560, -3545], [819, 1482], [-883, -214], [-1010, 505], [-1, 2], [1, -2], [-1174, -1027], [-406, -883], [-1, 2], [-161, -518], [-2677, -1936], [337, -674], [-960, -585], [-1, 2], [-230, -1145], [-1, -598], [-1081, 482], [-1, 2], [-1, 2], [24, 1557], [-1, 2], [-1084, -1927], [-595, -460], [-1, 2], [-1019, 508], [-1, 2], [-1816, 887], [-1, 2], [622, 541], [-1, 2], [-889, 188], [-1179, -972], [-1007, 514], [-1015, 500], [-1, 2], [-1, 2], [-1, 2], [1322, -289], [-1, 2], [-4, -1207], [-748, -379], [-1, 2], [-653, -614], [-884, -1907], [-1, 2], [-1188, -579], [-1, 2], [-988, 461], [-1, 2], [48, 1119], [1585, 3040], [-290, -1475], [1937, -994], [-706, -673], [-1, 2], [1955, -970], [543, 414], [-1, 2], [-1, 2], [-1894, -2887], [-994, 473], [-125, 1870], [-1029, -762], [-356, -1193], [-992, 499], [677, 1886], [-1, 2], [-1, 2], [-493, -424], [-1, 2], [-361, 602]]

exec_time (ms): 259516.92724227905 ms
exec_time: 4m 19s 516.9272422790527ms