N: 85
n: 7
number_of_primes (d): 2
exp_register_width (qd): 6
primes: [2, 3]

R: 7315
T: 6
t: 15
delta: 0.0001367053998632946
delta_inv: 7315Percent of combinations (with positive values of result vector) that gives % N = 1: 29.8%
Percent of combinations (with positive values of result vector) that give p and q: 16.4%
Vectors that gives p and q: [[-630, 916], [1966, -932], [-774, 164], [-16, -2024], [-752, 216], [2040, -1016], [522, 372], [-956, 512], [1202, -124], [-8, -2024], [646, -692], [-2040, 1016], [122, -764], [342, 796], [-910, 468], [-112, 776], [-2016, 1000], [856, 568], [-768, 408], [-668, 928], [818, -940], [924, -1104], [-4, -2032], [-742, -556], [10, 2036], [144, -840], [112, -776], [-20, -2032], [316, 608], [732, 400], [-32, -1992], [-4, -2032], [-1068, -32], [-858, 620], [-1966, 932], [76, -736], [-798, 612], [-1030, -380], [-676, 208], [-332, 832], [700, -224], [554, -572], [834, -284], [-950, -572], [-10, -2036], [-838, 372], [2018, -1004], [210, -780], [-818, 460], [-710, -764], [-596, 80], [-906, -692], [-702, 116], [-628, -96], [-10, -2036], [298, -588], [-2030, 1012], [198, -708], [36, -480], [198, -708], [-608, 136], [-6, -2028], [-16, -2024], [764, 752], [2034, -1004], [356, -640], [758, -404], [-734, -892], [-2038, 1012], [-6, -2028], [510, -68], [334, 460], [940, -560], [-2040, 1016], [-574, 20], [112, -824], [2036, -1008], [-302, -716], [-744, -104], [-732, -384], [604, -224], [-2030, 996], [-488, -296], [-16, -2024], [702, -116], [-808, 504], [-2020, 1008], [2036, -1008], [304, 568], [1054, 300], [-4, -2032], [796, -640], [202, 660], [354, -636], [242, -940], [-2034, -1028], [-16, -2024], [2028, -1008], [16, -456], [-14, -2028], [-992, -296], [2038, -1012], [-2030, 1012], [842, -92], [-424, -696], [-752, 216], [702, -660], [2030, -1012], [-736, 600], [98, -780], [-1202, 124], [-824, 360], [-2030, 1012], [-14, -2028], [-2020, 992], [938, -332], [2034, -1004], [2002, -956], [20, 2016], [-16, -2024], [-706, -244], [-12, -2032], [-768, 520], [-214, -764], [330, -1084], [2018, -1004], [76, -736], [764, 752], [-22, -2028], [-10, -2020], [58, 516], [-910, 468], [256, -760], [-534, -476], [-948, 304], [1114, -28], [686, -1060], [500, -752], [686, -100], [-686, 100], [-704, 840], [-36, -736], [-432, 280], [-884, 656], [-332, 832], [250, -876], [-6, -2028], [10, 2020], [478, 652], [-534, -668], [2002, -988], [-552, 568], [-434, 908], [-534, 276], [-888, 808], [-108, -720], [122, -764], [22, 2028], [-12, -2032], [-332, 832], [834, -284], [80, -904], [1154, 228], [576, 824]]

exec_time (ms): 245822.3958015442 ms
exec_time: 4m 5s 822.3958015441895ms