N: 91
n: 7
number_of_primes (d): 2
exp_register_width (qd): 6
primes: [2, 3]

R: 7315
T: 6
t: 15
delta: 0.0001367053998632946
delta_inv: 7315Percent of combinations (with positive values of result vector) that gives % N = 1: 50.1%
Percent of combinations (with positive values of result vector) that give p and q: 46.6%
Vectors that gives p and q: [[0, 9], [0, 9], [0, 9], [0, 9], [0, 9], [0, 9], [0, 9], [0, 9], [0, 9], [0, 9], [0, 9], [0, 9], [0, 9], [0, 9], [0, 9], [0, 9], [0, 9], [0, 9], [0, 9], [0, 9], [0, 9], [0, 9], [0, 9], [0, 9], [0, 9], [6, 0], [0, 9], [0, 9], [0, 9], [0, 9], [0, 9], [0, 9], [0, 9], [0, 9], [0, 9], [0, 9], [0, 9], [0, 9], [0, 9], [0, 9], [0, 9], [0, 9], [0, 9], [0, 9], [0, 9], [0, 9], [0, 9], [0, 9], [0, 9], [0, 9], [0, 9], [0, 9], [0, 3], [0, 9], [0, 9], [0, 9], [0, 9], [0, 9], [0, 9], [0, 9], [0, 9], [0, 9], [0, 9], [0, 9], [0, 9], [0, 9], [0, 9], [0, 9], [0, 9], [0, 9], [0, 9], [0, 9], [0, 9], [6, 0], [0, 9], [0, 9], [0, 9], [6, 0], [0, 9], [0, 9], [0, 9], [0, 9], [0, 9], [0, 9], [0, 9], [0, 9], [0, 9], [0, 9], [0, 9], [0, 9], [0, 9], [0, 9], [0, 9], [0, 9], [0, 9], [0, 9], [0, 9], [0, 9], [0, 9], [0, 9], [0, 9], [0, 9], [0, 9], [0, 9], [0, 9], [0, 9], [0, 9], [0, 9], [0, 9], [0, 9], [0, 9], [0, 9], [0, 9], [0, 9], [0, 9], [0, 9], [0, 9], [6, 0], [0, 9], [0, 9], [6, 0], [0, 9], [0, 9], [0, 9], [0, 9], [0, 9], [0, 9], [0, 9], [0, 9], [6, 0], [0, 9], [0, 9], [0, 9], [0, 9], [0, 9], [0, 9], [0, 9], [0, 9], [0, 9], [0, 9], [0, 9], [0, 9], [0, 9], [0, 9], [0, 9], [0, 9], [0, 9], [0, 9], [0, 9], [0, 9], [0, 9], [0, 3], [0, 9], [0, 9], [0, 9], [0, 9], [0, 9], [0, 9], [0, 9], [0, 9], [0, 9], [0, 9], [0, 9], [0, 9], [0, 9], [0, 9], [0, 9], [0, 9], [0, 9], [0, 9], [0, 9], [0, 9], [0, 9], [0, 9], [0, 9], [0, 9], [0, 9], [0, 9], [6, 0], [0, 9], [0, 9], [0, 9], [0, 9], [0, 9], [0, 9], [0, 9], [0, 9], [0, 9], [0, 9], [0, 9], [0, 9], [0, 9], [0, 9], [0, 9], [0, 9], [0, 9], [0, 9], [0, 9], [0, 9], [0, 9], [0, 9], [0, 9], [0, 9], [0, 9], [0, 9], [6, 0], [0, 9], [0, 9], [0, 9], [0, 9], [6, 0], [0, 9], [0, 9], [0, 9], [0, 9], [6, 0], [0, 9], [0, 9], [0, 9], [0, 9], [0, 9], [0, 9], [0, 9], [0, 9], [0, 9], [0, 9], [0, 9], [0, 9], [0, 9], [0, 9], [0, 9], [0, 9], [0, 9], [0, 9], [0, 9], [0, 9], [0, 9], [0, 9], [0, 9], [0, 9], [0, 9], [0, 9], [0, 9], [0, 9], [0, 9], [0, 9], [0, 9], [0, 9], [0, 9], [0, 9], [0, 9], [0, 9], [0, 9], [0, 9], [0, 9], [0, 9], [0, 9], [0, 9], [0, 9], [0, 9], [0, 9], [0, 9], [0, 9], [0, 9], [0, 9], [0, 9], [0, 9], [0, 9], [0, 9], [0, 9], [0, 9], [0, 9], [0, 9], [0, 9], [0, 9], [0, 3], [0, 3], [0, 9], [0, 9], [0, 9], [0, 9], [0, 9], [0, 9], [0, 9], [0, 9], [0, 9], [0, 9], [0, 9], [0, 9], [0, 9], [0, 9], [0, 9], [0, 9], [0, 9], [0, 9], [0, 9], [0, 9], [0, 9], [0, 9], [0, 9], [0, 9], [0, 9], [0, 9], [0, 9], [0, 3], [0, 9], [0, 9], [0, 9], [0, 9], [0, 9], [0, 9], [0, 9], [0, 9], [0, 9], [0, 9], [0, 9], [0, 9], [0, 9], [0, 9], [0, 9], [0, 9], [0, 9], [0, 9], [0, 9], [0, 9], [0, 9], [0, 9], [6, 0], [0, 9], [0, 9], [0, 9], [0, 9], [0, 9], [0, 9], [0, 9], [0, 9], [6, 0], [0, 9], [0, 9], [0, 9], [0, 9], [0, 9], [0, 9], [0, 9], [0, 9], [0, 9], [0, 9], [0, 9], [0, 9], [0, 9], [0, 9], [6, 0], [0, 9], [0, 9], [0, 9], [0, 9], [0, 9], [0, 9], [0, 9], [0, 9], [0, 9], [0, 9], [0, 9], [0, 9], [0, 9], [0, 9], [0, 9], [0, 9], [0, 9], [0, 9], [0, 9], [0, 9], [0, 9], [0, 9], [0, 9], [0, 9], [0, 9], [0, 9], [0, 9], [0, 9], [0, 3], [0, 9], [0, 9], [0, 9], [0, 9], [0, 9], [0, 9], [0, 9], [0, 9], [0, 9], [0, 9], [0, 9], [0, 9], [0, 9], [0, 9], [0, 9], [0, 9], [0, 9], [0, 9], [0, 9], [0, 9], [0, 9], [0, 9], [0, 9], [0, 9], [0, 9], [0, 9], [0, 9], [0, 9], [6, 0], [0, 9], [0, 9], [0, 9], [0, 9], [0, 9], [0, 9], [0, 9], [0, 9], [0, 9], [0, 9], [0, 3], [0, 9], [0, 9], [0, 9], [0, 9], [0, 9], [0, 9], [0, 9], [0, 9], [0, 9], [0, 9], [0, 9], [0, 9], [0, 9], [0, 9], [0, 9], [0, 9], [0, 9], [0, 9], [0, 9], [0, 9], [0, 9], [0, 9], [0, 9], [0, 9], [0, 9], [0, 9], [0, 9], [0, 9], [0, 9], [0, 9], [0, 9], [0, 9], [0, 9], [0, 9], [0, 9], [0, 9], [0, 9], [0, 9], [0, 9], [0, 9], [0, 9], [0, 9], [0, 9], [0, 9], [0, 9]]

exec_time (ms): 272919.8422431946 ms
exec_time: 4m 32s 919.8422431945801ms