N: 39
n: 6
number_of_primes (d): 3
exp_register_width (qd): 5
primes: [2, 5, 7]

R: 11287
T: 3
t: 16
delta: 0.00010850933564202967
delta_inv: 9216Percent of combinations (with positive values of result vector) that gives % N = 1: 72.1%
Percent of combinations (with positive values of result vector) that give p and q: 46.2%
Vectors that gives p and q: [[726, -15, -2529], [1113, 95, 2310], [452, -1623, -1471], [485, 540, -2947], [-881, -2356, 1495], [-2757, -185, 516], [-3852, -1437, 1491], [-1294, 758, -2554], [894, -966, -1914], [-2818, 341, 1043], [-1710, -1027, 927], [-1002, 1072, 1860], [139, -110, -539], [-3726, -320, 756], [-838, 266, 314], [-1661, -1026, -2051], [-1462, 2116, 1124], [1461, 1275, -978], [-769, 76, 2243], [351, 714, 4089], [950, 168, -2548], [706, -716, -1352], [1, -1, -2], [1, -1, -2], [-1348, -1515, 1025], [-2592, -1167, -987], [-2025, 36, -2025], [-960, 1352, 1554], [-2984, -396, -1610], [-618, -1107, 723], [384, 3387, -117], [-1628, -1598, 1228], [3305, -872, -751], [3496, -1929, -1421], [1077, 10, -2697], [-722, 1827, -2267], [-2054, -1, -1979], [-1887, -259, -1896], [179, 338, -2539], [589, -202, -2321], [-446, 708, -308], [-1104, 1574, 744], [-3767, 1646, 2107], [-219, -3604, -75], [-637, -185, 2744], [4066, 794, 754], [-843, 672, 2001], [-1410, -502, 3102], [-2117, -213, -1856], [373, -65, -2894], [-1683, -1245, 2958], [-1196, -360, 466], [1717, -2473, -926], [-2022, -143, -1965], [2284, -408, 1426], [1800, -1929, -3945], [946, -1032, -1760], [855, 280, -2685], [-2837, 820, -269], [562, 1199, -803], [1308, -1777, -3741], [-2271, -8, -1887], [-1564, -956, -1870], [-1874, -1634, 3490], [562, 161, -1781], [-214, -3543, -85], [-282, -3495, -249], [549, 1172, -819], [-3, -3580, -219], [-1753, -1186, -1459], [-308, -3486, -224], [322, -60, -776], [-2273, -313, -1748], [1436, 767, 3815], [1069, 2655, -1550], [-2009, -728, 811], [-1206, -1492, 972], [2606, 185, -265], [-2739, 985, -1632], [955, -583, -2318], [-99, -3617, -54], [-925, 1043, 1880], [-1697, -1483, 850], [-183, -3624, -15], [1028, 1252, 3230], [-195, -3628, -135], [101, 419, -2734], [634, -1777, -1379], [-1, 1, 2], [202, -1683, 2635], [-4043, -119, -3872], [206, -1013, 2657], [806, -765, -1927], [993, -1236, -1251], [1209, -1136, 2901], [730, 301, -2513], [4258, 634, 814], [-2602, -67, 731], [2127, 1589, -3522], [1336, 1338, -3260], [247, -1242, -431], [-2487, 638, -1737], [966, -1556, -1104], [-154, -3636, -28], [-454, -420, 608], [-2099, -267, -1760], [-2724, -180, 930], [-1997, -176, -1865], [1026, -1315, -1293], [902, -859, -2017], [-166, -3666, -46], [2392, 953, 1489], [817, -1190, -1277], [1, -1, -2], [-2484, -386, 840], [-2120, -540, -1970], [-1902, -568, -2016], [-236, 3384, 370], [-2041, -136, -2041], [-5829, -1063, -510], [-6, -3445, -315], [-1802, -352, -1832], [1440, 991, -2949], [-1880, -437, -1745], [-2314, -250, 338], [119, 3673, 122], [-924, 918, -264], [1220, -1517, -1021], [769, -747, -1964], [-2585, -110, 589], [-392, -3270, 352], [-1970, -1060, 1144], [1501, 1591, -1598], [-3914, -1021, -839], [-794, 819, 1741], [-637, 947, -292], [-174, -3608, -48], [1232, 112, -2758], [-624, 1006, -528], [-1, 1, 2], [173, -3349, -430], [-1276, -1799, 1193], [2527, 22, -539], [-522, 458, 906], [-1994, -278, -1838], [534, -740, -264], [-1984, -125, -1789], [-1947, -193, -2070], [-645, 1214, -639], [645, 2982, -345], [699, -62, -2535], [-31, -3631, -172], [-1705, 1639, 3836], [-305, -3394, -251], [-2317, -354, -1819], [2976, 1076, 1398], [-40, -884, 2822], [-153, -3712, -93], [1005, -1834, -1377], [482, -1392, 2996], [105, 3683, 90], [-2675, 365, -1172], [986, -710, -2038], [-215, 120, 781], [-730, -2578, -682], [2437, -445, 1198], [3314, -1400, -808], [1694, 1562, -3502], [-1052, 1388, 1750], [537, -208, -1791], [1, -1, -2], [-1, 1, 2], [-158, -3592, -224], [1948, 844, -1130], [-2072, 13, -1931], [-2223, 104, -2055], [3411, -1576, -1041], [529, 3207, -434], [-2080, -529, -1873], [-2997, 1230, -1239], [-3139, -298, 1235], [236, 3532, 110], [1, -1, -2], [-118, -3685, -115], [-191, -3668, -47], [2601, -615, 1740], [797, -1023, -2104], [698, -846, -1714], [-2008, -92, -1930], [-138, -3664, -180], [-3733, -637, -3940], [1, -1, -2], [-1218, -979, 1011], [2763, -1407, -1806], [-1729, -545, -1876], [-2014, -252, -1684], [1568, -1569, -4009], [1500, 1142, 1776], [1324, -1714, -1952], [-727, -957, 638], [1376, -1830, -1228], [-103, -3704, -139], [-3047, 349, 652], [2918, -504, -892], [-963, 1090, 1167], [-1135, -2480, 1577], [1003, -936, -2045], [-412, -159, 2621], [-1373, -1537, 2944], [1, -1, -2], [3699, -1516, -2013], [119, 3588, 215], [-350, -881, 505], [675, -474, -2199], [5691, 1202, 501], [-948, 1277, 1545], [-2146, -302, -1882], [-731, -148, 265], [-993, -516, 459], [3365, -1674, -1597], [-587, 715, 814], [-1309, -1405, 1028], [-304, -3464, -238], [-1030, 1445, 1439], [-1287, -1606, 1179], [2962, -422, -830], [-212, -464, 2614], [-2316, -550, 756], [1192, -1826, -1364], [-981, 1704, 1059], [3252, -735, 357], [-2444, -536, 898], [-535, 1301, 1592], [-98, -3735, -101], [413, 302, -2797], [530, -1354, 2354], [-2754, 397, 579], [872, -520, -2614], [-1912, -544, -1654], [-880, 1593, -919], [-1352, -1800, 1246], [-2452, -371, -1711], [769, -550, -2237], [-451, -263, 2768], [522, -1359, -1617], [-2033, -1028, -1625], [769, -1117, -1742], [464, 703, -541], [764, -378, -2908], [-1910, -204, -2192], [-3718, 1758, 1934], [-989, 1430, 1417], [-2251, -973, 1046], [533, 193, -2560], [205, 998, -209], [-328, -3477, -85], [919, -491, -2558], [-88, -3653, -205], [853, -1554, -1193], [380, 774, -2968], [1495, -1540, -3365], [94, 645, -2933], [-2279, -702, -1889], [-909, 1125, 150], [3148, -1221, -1181], [-1050, 1533, -705], [4106, 1786, -1918], [-395, 395, -2654], [848, -1522, -904], [199, 3559, 184], [-3517, -373, -1408], [-261, -664, 411], [216, -500, -462], [-1570, 136, -2344], [866, -981, -1219], [-1049, -1477, -2636], [1611, 482, -519], [-2592, 1424, -1194], [-705, -822, 501], [-1496, 262, -2372], [1525, 1707, -1430], [-185, -3539, -194], [1175, 1835, 1028], [-177, -3622, -147], [-1693, -767, -1966], [2896, 10, -2828], [903, 2672, -1617], [768, -1363, -1035], [1, 3, -2], [859, -1767, -1286], [466, 584, -668], [986, -1463, -745], [2393, 668, 1697], [607, 465, -266], [5812, 1318, 520], [1427, -1455, -3322], [-2944, 1338, -1252], [-2201, 143, -1832], [156, 3596, 198], [588, -2795, -807], [77, -1111, 2924], [-2250, -90, 522], [-2119, -1357, 3374], [-531, -162, 135], [3680, 873, -919], [329, -1022, 839], [-1244, -777, 2347], [251, -76, -1165], [567, -416, -897], [-1385, -1337, 1336], [-1878, -1295, 987], [1397, -2080, -1183], [903, -517, -2904], [-4378, -41, -3271], [-263, -3628, -95], [-166, 57, 803], [897, -916, -2055], [-165, -953, 2892], [301, -1930, -1493], [604, -208, -2618], [-1110, 204, 624], [1224, -1072, -3282], [-343, -523, 176], [-2058, -466, -1914], [783, -738, -1983], [822, -784, -1752], [3121, -41, -1358], [-683, -272, 277], [-1688, -202, 592], [865, -759, -1988], [-3193, -295, 854], [-416, -582, 436], [-1653, -491, -1866], [1, -1, -2], [737, 711, -490], [959, -1450, -487], [-301, 861, -2866], [-911, 657, -68], [-735, 836, 1425], [883, -733, 304], [-1652, -1432, 1234], [-3334, 1165, 719], [1655, 1594, -3463], [-111, 931, -2706], [1006, -1638, -1394], [-1954, -993, 893], [772, -692, -1934], [-608, 700, 2374], [-248, -3567, -203], [-1, 1, 2], [-2622, -25, 1197], [3346, 1174, -1406], [-704, 851, 1171], [-1236, -1735, 993], [-2218, -987, 983], [-2181, -216, -2013], [-1762, -595, -1957], [2409, 609, 1692], [-2243, -17, -2066], [-117, -3529, -264], [781, -1623, 868], [-2443, 565, -2104], [-2604, -1543, -1851], [99, 3669, 78], [1694, -2206, 2138], [1356, 1673, -915], [108, -3521, -357], [-2437, -366, 557], [-2618, -1239, -1241], [-1463, -1017, -1502], [-2069, -3, -2066], [-39, -3608, -207], [-848, 1139, 2035], [-415, -3383, 140], [-451, -719, 512], [-281, -3501, 220], [-1937, -371, -1922], [-2107, -70, -1837], [-132, -3574, -12], [-247, -3564, -223], [1119, -1601, -1272], [1547, 595, -652], [-2069, -679, 874], [750, -479, -2073], [-1313, 414, 2305], [-1972, -122, -1876], [-2021, -100, -1937], [-2561, 771, -2276], [-2782, 615, 245], [-1469, -1276, -2345], [-2371, 29, -2008], [1472, -1793, -2473], [965, -1330, -2197], [-1311, -1445, -1218], [-2035, -202, -2029], [-436, -329, 215], [2483, 69, -598], [2629, -965, 1102], [-316, -3534, -160], [4034, 1437, -1537], [-576, 887, 351], [-156, -3679, 21], [-2103, -678, 891], [-112, -3613, -253], [886, -865, -1823], [1443, 1279, -2184], [2995, -511, -314], [149, 3677, 80], [622, -566, -1862], [125, -1002, 2975], [-4047, -370, -3753], [-2302, -765, -1675], [-1615, -691, -1816], [100, 698, -2948], [539, -1672, 3323], [-2077, -246, -1783], [-1020, 1207, -477], [-620, -3082, 220], [996, -1185, -1809], [2429, 260, -463], [-2191, -734, -1753], [3, -3606, -207], [988, -1727, -1355], [1, -1, -2], [125, 685, -1996], [1951, 1152, 739], [391, -2864, -713], [-2537, 1711, -596], [2392, 272, -350], [102, 3730, 102], [-1, 1, 2], [605, -494, -1693], [497, 1023, -490], [297, -539, -312], [2342, 906, 1970], [-1152, -2585, 1707], [-841, -150, 197], [-909, 1836, -909], [102, 3591, 45], [2810, -920, 32], [-2556, -544, 930], [870, -1450, 906], [1775, -5, -220], [-425, -862, 853], [4019, 801, -2158], [-2179, -36, -2119], [-2745, 1739, -540], [-368, -384, 2770], [1032, -1577, -957], [-1515, -852, -1707], [-1046, -1013, -2591], [-883, -1536, 1205], [-1958, -94, -1970], [3946, 1576, -1760], [350, 3245, 431], [-1147, -1599, 3500], [3893, 772, 989], [-397, -667, 506], [-2149, -443, -1834], [69, 869, -2928], [-430, 986, -730], [3, 1113, -2910]]

exec_time (ms): 513788.39588165283 ms
exec_time: 8m 33s 788.395881652832ms