N: 55
n: 6
number_of_primes (d): 3
exp_register_width (qd): 5
primes: [2, 3, 7]

R: 11287
T: 3
t: 16
delta: 0.00010850933564202967
delta_inv: 9216Percent of combinations (with positive values of result vector) that gives % N = 1: 57.1%
Percent of combinations (with positive values of result vector) that give p and q: 31.0%
Vectors that gives p and q: [[-2697, 227, 48], [-2737, 2122, 1373], [-1827, -1540, -339], [-70, 731, -1199], [176, 721, -2847], [1088, -843, -1867], [596, -2365, -53], [-1971, -1854, -141], [1026, -1760, -1668], [423, -723, 138], [976, -1016, -1254], [2112, -310, 664], [-168, -523, 1941], [523, -412, -2501], [-3013, 455, -436], [-1386, -935, 1403], [-1893, -1542, -383], [-339, -21, 3186], [-460, 1017, 457], [491, -682, 2265], [29, -2624, 269], [295, -2044, 851], [-3762, 2735, -939], [-1586, 1044, 2412], [1796, -976, 1746], [-1082, 1949, 1515], [731, -995, 2202], [-513, 2415, -816], [-841, 2207, -1240], [-1012, 1472, -642], [2257, 2170, -201], [-1925, -1688, -353], [1900, -168, 982], [-2672, 1681, -1483], [208, -1404, 2822], [-532, 603, 799], [-1880, -1945, -205], [721, -2519, 248], [-592, -2757, -2241], [-2034, 149, -669], [-1937, -1779, -278], [-1040, -1110, -1200], [96, -806, 2876], [-780, -513, -4373], [-1694, -1830, -438], [-2070, -2008, 72], [-1903, -1925, -226], [2449, 742, -1885], [-1142, 1116, 1612], [-1, 1389, -758], [-2757, 214, 445], [2116, -382, 1760], [-3528, 2497, 1241], [1905, -3972, -2147], [-1127, 2160, 701], [515, -905, 680], [284, 312, -2770], [670, 258, -3082], [-1373, 1596, 1275], [-598, 449, -2497], [802, 725, -2961], [-55, -187, -4352], [195, -1685, 740], [958, -1964, -988], [-773, -830, -4051], [-634, 1274, 666], [-3609, 2170, 1617], [677, -885, 1454], [544, -2372, -454], [-1215, 2155, -730], [-1155, 156, 1881], [1039, -2198, -615], [-1495, 704, 2409], [-594, 385, -4573], [1444, -2051, 737], [1080, 476, -1294], [-2079, -1942, 115], [-115, 2616, 121], [1647, -1637, 1232], [-243, 789, -2632], [-600, 984, -766], [-1812, -842, 1464], [1265, -1773, -658], [-2756, 200, -262], [-1166, -1918, 1710], [1208, 1233, 969], [-1589, -1840, -293], [-1416, -2002, -264], [914, -1914, -946], [2588, -533, 1383], [-769, 259, 1516], [-492, 231, -113], [836, -747, -2335], [-354, 1761, 1843], [3014, 2034, -558], [1441, 617, 1484], [-1647, -1618, -557], [-1367, -1425, 1506], [-1593, -1524, 1935], [1189, 705, -2932], [516, -1204, 2658], [4180, -1490, 600], [872, -4059, -1015], [1651, -1902, 745], [-1807, -1808, -347], [6, -2005, 417], [-1540, -977, -1077], [2904, 84, -698], [947, -772, 2527], [-1988, -2461, 243], [2469, -2833, 2150], [-1786, -1735, -477], [-1392, -1502, -996], [166, -1813, 1549], [1083, -855, 1906], [3048, -2416, -890], [-602, 2385, -1769], [-634, 845, -2313], [-421, 229, -4298], [-1025, -1593, -888], [-76, 552, -2590], [-1818, -1921, -267], [259, -1403, 5010], [-296, 3276, -1306], [-3836, 1306, 2044], [-444, -699, 2893], [1045, -1510, -1165], [-354, -1605, 1057], [-2957, -107, 1014], [1174, 3956, 1064], [34, -489, 2609], [1888, -3261, 2655], [2055, -2263, 1242], [1312, 1800, 2614], [-1555, -1064, -959], [911, -2728, -641], [-2092, -1320, -134], [2343, -2276, 375], [-1816, 3093, -3159], [1711, -1513, -2316], [-1921, -1695, -282], [-713, -1081, -3752], [2760, -2149, 1491], [779, -1641, -1608], [-1887, 144, -2015], [-1205, 832, -2073], [-1317, -1417, -876], [-1916, -1935, -87], [766, -2448, 1144], [-2832, 211, 707], [361, -343, -536], [-1797, -1849, -208], [-1064, 197, 3089], [-1361, 762, 2625], [-507, 2588, 349], [2177, -418, 1471], [981, -327, -1600], [-1879, -1749, -242], [-2170, -412, 1068], [-2066, -1726, -258], [-1892, 819, 1975], [-767, 617, -2152], [-158, -1633, 881], [180, 1730, -1120], [-1961, -1830, -47], [833, -2073, -902], [-685, 406, -359], [-763, 475, 934], [-3554, 2902, -986], [1351, -1194, -1927], [-2111, -2591, 2572], [-3560, 2079, 1339], [1275, -455, -190], [-636, 1780, 1558], [-3274, 1880, 1372], [-1340, -1714, -704], [1442, -1542, 1742], [1731, 199, -1244], [953, -2096, -855], [-1814, -1350, -678], [698, -1141, -2015], [585, 35, -210], [-1057, -1586, -1515], [3733, -2323, -1352], [-1958, -1912, -188], [-823, 1022, 1771], [-1811, -2012, -79], [-1470, -1394, -754], [-1597, 903, -1496], [729, 823, 1986], [1069, -2415, 1328], [3061, 487, -2366], [636, -2107, -515], [-355, 2460, 365], [-3209, -1933, 1384], [772, -799, -2215], [-1176, 303, 271], [-856, -2393, 1775], [-81, -770, 1353], [1166, -3243, -1021], [243, -2499, -98], [-1990, -97, -767], [-1800, -1799, -359], [-798, 1526, -1430], [392, 512, 2006], [-526, -86, 1222], [688, -2066, 200], [-2822, 2110, -534], [-136, -819, 469], [316, 422, -1276], [1442, -109, 1585], [-2030, -1922, -2], [-2255, -581, -5266], [93, -141, 2490], [-2921, 11, 864], [-593, 817, -2554], [-2454, 47, 69], [-1839, -1781, -274], [551, -1932, -1385], [511, -1089, 468], [-1780, -2046, -16], [1487, -2788, -1969], [-323, -2119, 1300], [-127, 913, -1996], [-702, -1589, 1577], [-857, 2255, 456], [-778, -1108, -3324], [679, 1835, 788], [1321, -1814, 2983], [871, -1964, -1257], [-569, 1070, -5023], [3494, -2359, -1401], [1839, 926, 749], [-1909, -1893, -216], [-2100, -1945, 75], [-1535, 564, 249], [1417, -295, 1704], [-1043, 1831, 1630], [1209, -715, 2088], [1416, 1595, 1127], [1336, -567, 1825], [2954, -148, -100], [957, 912, 1481], [-109, 722, -1471], [1169, -718, 195], [-987, -1914, 1627], [3570, -2345, -1475], [1708, 1394, 480], [-1983, -1870, -81], [-1719, -1941, -2794], [55, 2574, -991], [270, 1555, -1175], [-3193, 1622, 1081], [-3584, 2188, 1450], [968, -1581, -1225], [-298, 2627, -1779], [-2721, 281, -746], [-2060, -1776, -226], [-1807, -1718, -397], [-2051, -1665, -142], [-872, 2065, 881], [-2334, 2431, 33], [-3585, 1924, 1399], [1530, 2, 1482], [156, 242, 2264], [-1737, 4560, -889], [-3398, 1157, 1571], [-1775, -1864, -359], [-1989, -1861, -224], [2653, 126, 147], [-2383, 100, 509], [-2075, -1966, -41], [1897, -2591, 3368], [-1987, -1890, -229], [525, -65, -810], [-1128, -145, -4001], [-148, 950, -2676], [-1036, 271, 99], [3433, -2290, -1349], [1845, 331, 1026], [-377, 293, -3086], [-145, -2905, 1700], [-731, 772, -2015], [749, -4144, -1031], [-409, 1652, 1299], [-239, 1525, -988], [-396, 2154, 292], [1048, -538, -2452], [-1917, -74, -1103], [-359, 773, -360], [-1945, -1931, -246], [-1602, 913, -161], [-1730, 1358, -582], [1327, -1812, -1293], [-664, 2497, 569], [1697, 593, 1232], [-2035, 2754, -2761], [-1241, -385, 868], [1027, -1702, -1283], [1416, -1770, 992], [-2814, 60, 792], [464, 1231, -3201], [-2900, 1243, 643], [-494, -521, 2581], [1642, -4242, 482], [-1747, -1688, -507], [-3401, 2446, 1109], [-2042, -1732, -316], [1670, 2807, -2583], [-1660, 2688, -1462]]

exec_time (ms): 592943.9399242401 ms
exec_time: 9m 52s 943.9399242401123ms