N: 21
n: 5
number_of_primes (d): 3
exp_register_width (qd): 5
primes: [2, 5, 11]

R: 11287
T: 3
t: 16
delta: 0.00010850933564202967
delta_inv: 9216Percent of combinations (with positive values of result vector) that gives % N = 1: 96.1%
Percent of combinations (with positive values of result vector) that give p and q: 76.9%
Vectors that gives p and q: [[-2152, -830, -1137], [-1, 1, 0], [1409, -2049, -1894], [1341, 2732, 332], [3189, -1142, -386], [1343, -1227, -1564], [3229, -473, -1012], [-1435, 3220, -516], [-1, 1, 0], [679, -1238, -10], [-1, 1, 0], [-2473, -788, -1242], [-2650, 58, -1809], [-1, 1, 0], [-1, 1, 0], [-1, 1, 0], [1543, -2095, -1638], [-1, 1, 0], [3188, -257, -441], [1830, 55, -3479], [1525, -1668, -2036], [-951, 569, -274], [1736, -337, -437], [1164, 2198, 689], [-1, 1, 0], [-1, 1, 0], [2543, -618, -484], [-3292, 898, 585], [-2206, -981, -271], [-3344, 850, 419], [-2031, -702, -1320], [1458, -2277, -1575], [-2064, -593, -1463], [-1836, 1971, 1863], [-2881, 433, -300], [-2160, -875, -1079], [-1759, -1732, -410], [189, 4480, 670], [-1, 1, 0], [942, -1009, -337], [-1, 1, 0], [203, -1050, 212], [1342, -1593, -1451], [670, -220, -1161], [-2394, 2294, 1535], [3328, -735, -173], [-3221, -1274, 854], [-1, 1, 0], [-3159, 1040, 326], [-1614, 2115, 1515], [0, 2, -1], [499, 1407, 3808], [547, -1442, 260], [-1, 1, 0], [-1081, 2470, -198], [543, -472, -712], [-1342, 1062, -553], [-2311, -1372, -488], [0, 2, -1], [1798, -2138, 1565], [-1, 1, 0], [1467, -775, 2984], [-2377, -241, 4024], [-2, 0, 1], [-1316, -1116, -1343], [-1954, -1321, -857], [-2328, 269, -2281], [-1, 1, 0], [-2973, 1156, -416], [-1517, 2575, 1124], [868, -1912, 165], [-1, 1, 0], [1649, -1253, -2472], [1378, -2706, -311], [-1, 1, 0], [-1194, -1631, -2255], [1217, -2154, -1012], [-1397, 1579, 1946], [-1859, 1445, 2262], [-3277, 1194, 326], [618, 1222, 4165], [-1498, -632, -2355], [-1, 1, 0], [-1, 1, 0], [1798, -2774, -1117], [-1817, -807, -1478], [-579, -1205, -3836], [-1712, -1442, -757], [-1078, -536, 957], [-1, 0, 2], [-1, 1, 0], [-1252, -1828, 2671], [-1, 1, 0], [-1, 1, 0], [1602, -2202, -1497], [-1, 1, 0], [-3422, 947, 255], [-1, 1, 0], [-1373, 1120, 1748], [289, 2041, 3836], [-26, -1007, 4061], [-1267, 185, 340], [1937, -2793, -1276], [-1355, 1267, 1604], [-2751, -113, -1730], [-1627, -1141, -1034], [-1775, 1780, 1994], [-1921, -885, -1180], [-3306, 538, 1135], [-1717, -1659, -3358], [1697, -1774, -1772], [1082, 1736, 769], [2664, 1066, 67], [1722, -2199, -1785], [2985, -739, -376], [-2577, -1018, -148], [-576, 2930, -2515], [797, 2247, 3062], [1763, -780, -3112], [-1299, 384, 198], [-1, 1, 0], [0, 2, -1], [1986, 1336, 211], [-1002, -3552, 891], [-2219, 588, -2834], [-2086, -100, -1529], [-1, 1, 0], [891, -1043, -2264], [-962, 918, 1051], [-454, 1368, -241], [-1, 1, 0], [-1760, -1308, -677], [-1, 1, 0], [-1, 1, 0], [-1503, -3417, 480], [-2185, -366, -1156], [1787, -2012, -1776], [1818, -2760, -1329], [-784, -317, 3573], [-1, 1, 0], [37, -1179, 682], [-1, 1, 0], [-5043, 465, -984], [883, -19, -342], [-1071, -3110, -290], [1462, -1845, -1259], [1685, -2010, -1390], [-1, 1, 0], [-960, -1922, -3317], [-1, 1, 0], [-3387, 1032, 534], [-1, 1, 0], [-1, 1, 0], [5279, -981, 1154], [-3481, 1093, 354], [-2004, -836, -1121], [-1783, -1724, -462], [-1, 1, 0], [-1, 1, 0], [-1, 1, 0], [-1951, -1391, -588], [653, -1108, 232], [-1, 1, 0], [-1, 1, 0], [0, 2, -1], [-1, 1, 0], [-1790, -1446, -611], [1492, -2799, -239], [-2102, -1042, -783], [-2493, -940, 62], [3278, 1323, -613], [-1, 1, 0], [569, -213, -682], [-1, 1, 0], [2802, 1176, -231], [-1, 1, 0], [-755, -306, 1486], [-3169, -650, 5100], [1988, -2178, -1435], [-3203, 845, 504], [-1, 1, 0], [-1701, -1331, -812], [1616, -1701, -1915], [-1, 1, 0], [-1, 0, 2], [-3903, 1285, 526], [1970, -2037, -1507], [-1482, 2729, 755], [1402, -1808, -1645], [241, -937, 72], [-1, 1, 0], [-804, -270, 651], [3583, 1339, -472], [-1669, -1391, -834], [-1498, -1122, -805], [-3327, -142, -1180], [-3799, -2394, -1708], [-132, -1379, -1589], [339, -633, -84], [-1, 1, 0], [-1, 1, 0], [68, -2678, -327], [-1, 1, 0], [-1136, -707, -2077], [346, -537, -335], [-41, -930, 430], [121, 3065, 2790], [-940, -473, 1161], [-1871, -1169, -688], [112, -825, 235], [-1, 1, 0], [-1, 1, 0], [350, 634, 2493], [-1408, -1358, -1773], [-1399, 1158, 1838], [-2997, -758, 94], [-1553, 1640, 1872], [2094, -1239, -2451], [-1, 1, 0], [1607, -2183, -1710], [-357, 2038, 1144], [1071, -2015, 190], [-1972, -1092, -961], [-1, 1, 0], [-160, 2359, -2265], [-1624, 1484, 2101], [2065, -2406, -1652], [-1, 1, 0], [-5841, -168, 180], [2548, 451, 587], [1163, -1917, -1654], [-1, 1, 0], [-1, 1, 0], [-5405, -402, 172], [-3432, 1002, 117], [-1, 1, 0], [-1, 1, 0], [395, -2147, 1362], [-1, 1, 0], [-1, 1, 0], [-1, 1, 0], [-1487, 1593, 1876], [2896, 1040, -171], [137, 3327, 2408], [1349, -1646, -1530], [-1, 1, 0], [-1, 1, 0], [3014, -394, -323], [-1, 1, 0], [-1235, -2689, -600], [-1, 1, 0], [-1193, 2249, 156], [-1625, -1486, -714], [-1, 1, 0], [-3419, 969, 478], [-1828, -1186, -995], [-2140, -858, -1057], [-1958, -599, -1483], [1539, -1566, -2178], [-2161, -761, -1128], [1607, -1557, -2152], [-1427, -1125, 1990], [-43, -2875, -3002], [0, 2, -1], [1449, -1254, -2868], [-2806, 9, -145], [-516, -2918, -2375], [-1951, -1606, -440], [2005, 1365, 226], [-2152, -859, -1025], [2536, -1196, 419], [-1, 1, 0], [-1812, -1039, -1123], [4483, -1309, -708], [3342, -109, 1661], [-1, 1, 0], [-1001, 1809, 88], [223, -626, -70], [-2121, -1136, -2330], [-2965, 1041, -670], [-973, 617, 2776], [-575, 1137, -1004], [-1962, -901, -1189], [-482, 4330, 1235], [1475, -1913, -2100], [-1, 1, 0], [-1, 1, 0], [-3634, 1378, 171], [1477, -1650, -2048], [1522, 2671, 1301], [-1025, -363, 808], [1318, 3302, -711], [1417, -1996, -1266], [-1, 1, 0], [-1250, 2934, 427], [-1, 1, 0], [107, 2695, 3120], [1729, 51, -3362], [-2696, 511, -2185], [-2049, -978, -1206], [-1, 1, 0], [-1267, 2210, 874], [-1, 1, 0], [1538, -2219, -1635], [2, 0, -1], [1991, -2068, -1874], [-1, 1, 0], [-1, 1, 0], [-1, 1, 0], [-3583, 1580, -140], [-2054, -1269, -917], [404, 2842, 2823], [589, -877, -360], [-1, 1, 0], [-1451, 2473, 1172], [-1, 1, 0], [-1239, 1447, 1228], [1009, 966, -1646], [473, -1595, 612], [-2632, 159, -1975], [-1, 1, 0], [-1, 1, 0], [-1, 1, 0], [-1, 1, 0], [-199, -3224, -2382], [-1, 1, 0], [-1868, 1738, 2069], [924, -862, -2455], [-1, 1, 0], [-560, -526, 507], [5394, 1124, 1553], [0, 2, -1], [1531, -1740, -1898], [-1617, 1441, 2164], [-2592, 433, -2285], [-500, -2763, -89], [1707, -1158, -2112], [0, 2, -1], [2210, -3785, -639], [383, 1332, 3968], [-158, -1699, 1077], [-1981, -785, -1182], [-1481, -1151, -1192], [-1572, -972, -1101], [-1357, -2013, -2986], [-1842, -1551, -525], [-2077, -1159, -734], [-1, 1, 0], [-1, 1, 0], [-1983, -532, -1540], [-763, -2216, -2892], [-1, 1, 0], [-3304, 1275, -205], [456, -288, -627], [2, 0, -1], [-1979, -1566, 58], [4235, 1950, 1742], [-391, -2428, -3440], [-3088, 1251, -193], [2103, 1617, 546], [-1134, 1638, 765], [-1434, -3208, 899], [-2239, -622, -1298], [1915, -3147, -512], [-963, 645, 1284], [523, -362, -664], [1303, -2313, -584], [480, -811, -145], [-1819, 2104, 2100], [-1, 1, 0], [-1, 1, 0], [-332, 1126, 125], [-1, 1, 0], [-1, 1, 0], [-1837, -1089, -940], [-1, 1, 0], [-1595, 2188, 1664], [-1, 1, 0], [-1, 1, 0], [1426, -30, -2315], [-1164, -1877, -3263], [-1, 1, 0], [-3734, 1819, -283], [104, 2940, 2933], [1983, 1673, -2752], [620, -1598, 297], [-1, 1, 0], [-1, 1, 0], [-1659, 1608, 2082], [-1, 1, 0], [1554, -1721, -1907], [-446, 1307, -111], [-1, 1, 0], [722, 229, -1377], [-1, 1, 0], [-1273, 2393, 1018], [0, 2, -1], [-1, 1, 0], [3484, -922, -777], [994, 245, 2145], [387, -598, -298], [-3639, 869, 656], [-1957, -372, -1336], [-1, 1, 0], [817, 1353, 1348], [-816, -985, -1615], [-1, 1, 0], [2651, 757, -708], [1969, -1455, -2132], [-1464, -1912, -937], [1466, 3180, -1111], [-3313, 1386, -58], [-1, 1, 0], [-3750, 986, 803], [-3638, 1411, -109], [-1, 1, 0], [-1948, -1015, -1181], [-1, 1, 0], [1561, -789, -2216], [-1, 1, 0], [-1, 1, 0], [-857, 2002, 1460], [-1, 1, 0], [1334, 2271, 23], [-3541, 1008, 314], [1341, 654, -1350], [2928, -131, 1753], [727, 330, -1664], [-1, 1, 0], [-372, -2569, -235], [1820, -2717, -1203], [-101, -1573, -1248], [936, 700, 1957], [-1697, 567, 3328], [-1837, 3567, 344], [-1806, -824, -803], [-1836, -857, -1193], [-1435, 1939, -1392], [-1416, -2947, 41], [591, -1410, 168], [2120, -3628, -1073], [-1, 1, 0], [-1, 1, 0], [211, -832, 24], [-1, 1, 0], [-556, -218, 1365], [1012, -3867, -749], [-1, 1, 0], [1303, 3010, -760], [1937, -1343, -2544], [-2056, -988, -1007], [150, -716, -29], [329, -113, -660], [-1, 1, 0], [1452, -1439, -1937], [604, -81, 2809], [1659, -1936, -1846], [-1712, -1187, -997], [2109, -2194, -1912], [-1562, 2740, 173], [2273, -4376, 258], [-36, -778, -313], [-2437, -798, -1222], [-1, 1, 0], [-1, 1, 0], [-1461, -276, -1896], [-921, -1558, -994], [-1996, -503, -1551], [1474, -1534, -1749], [503, -948, -280], [-1, 1, 0], [-1080, 1199, -889], [-1, 1, 0], [-1, 1, 0], [930, 3665, -1009], [1469, -1296, -2950], [535, 2402, 3024], [-518, 2959, -2611], [-1607, 1936, 1688], [-2057, -854, -1162], [-1, 1, 0], [1555, -1404, -2174], [725, -1494, -112], [-1, 1, 0], [-526, 3064, -2289], [0, 2, -1], [1371, -2781, -270], [1722, -1743, -1935], [-1, 1, 0], [853, -267, 2956], [-1, 1, 0], [-1338, -1365, -957], [-2013, -1267, -730], [-1683, -1075, -1162], [-1, 1, 0], [-3129, -444, -1098], [288, -267, -447], [-1941, -131, 3664], [-1, 1, 0], [-1, 1, 0], [1347, -1139, -2600], [-2016, -900, -1179], [-1, 1, 0], [-1586, -641, -1855], [3419, -736, -332], [-1, 1, 0], [-499, 2573, -2522], [1248, 3754, -929], [-1, 1, 0], [827, -1588, -1634], [853, -2279, 200], [-922, 1081, 675], [-3376, 1141, -15], [-1, 1, 0], [168, -5047, -1555], [-3356, 1032, 241], [1006, 43, -1255], [681, -1294, -388], [-2995, 583, 654], [1766, -1933, -1727], [-1, 1, 0], [-718, 296, 745], [1392, -528, -3159], [-1511, 2093, 1410], [262, -265, -393], [-1413, 346, 3034], [-2896, 626, 169], [-1, 1, 0], [-1442, -1079, 1805], [-568, 4002, 1979], [-1, 1, 0], [341, -1967, 1062], [-1677, 2284, 1582], [1695, -991, -3298], [3624, 2723, 2069], [0, 2, -1], [-2105, -543, -1424], [65, 766, 2166], [-1, 1, 0], [-2110, -1065, -1315], [-1518, -765, -1677], [150, 2932, -269], [451, -2709, 2428], [-1, 1, 0], [-1109, -3722, 866], [-1, 1, 0], [-261, -3061, -2890], [-1643, -310, 1188], [3760, -914, -733], [-542, 1293, -77], [-3521, 1434, 226], [2822, -145, 301], [788, 693, 3665], [208, -4427, -2059], [698, -2437, -953], [3801, -859, -766], [1551, -712, -3046], [-1, 1, 0], [621, -1042, -2338], [-1514, -1610, -787], [-1, 1, 0], [-1945, -1540, -470], [462, -1392, 267], [3410, -759, 2117], [-1, 1, 0], [-1, 0, 2], [-878, -1381, -3675], [-1189, -962, 1626], [-3096, 577, 505], [-1899, -950, -1058], [-1, 1, 0], [-1, 1, 0], [733, -1313, -460], [-1250, -991, -1293], [-1, 1, 0], [-1, 1, 0], [-3641, 1162, 440], [477, 229, -1304], [1081, -730, -2916], [1511, -1520, -1848], [5767, -1, 12], [2766, 539, 545], [-554, 2948, 363], [272, -4992, -1609], [-3250, 579, 629], [1521, 2060, 1238], [2559, -1338, 306], [-1, 1, 0], [-2479, 1137, 68], [140, -2421, -763], [-1113, 2708, -520], [-270, -2219, -3263], [-428, 1674, -857], [-879, -7, 482], [-895, -1625, -3270], [-1682, 1842, 1999], [-1, 1, 0], [1446, -493, -3265], [-1647, -1368, -1098], [-3227, 1226, 372], [-1013, -3111, 382], [-882, 331, -2975], [-1, 1, 0], [-1, 1, 0], [335, -570, -322], [-1281, -1659, -648], [2894, 806, 385], [-2222, -810, -1127], [3288, -404, 1945], [3480, 1374, -117], [-806, 1625, 45], [2, 0, -1], [-917, -3956, 404], [-1589, -882, -1196], [-560, 2371, -1303], [-3513, 1313, 104], [1711, -1521, -1928], [-1, 1, 0], [1632, 1215, 609], [-1, 1, 0], [1301, 2878, 894], [13, -116, -382], [-1, 1, 0], [1683, -1641, -1926], [-3226, 259, 1245], [1752, -2982, -399], [-1610, -1616, -703], [-1286, 1576, 1439], [-2640, -626, -839], [-1, 1, 0], [42, -4988, -1523], [-871, 1296, 572], [-1, 1, 0], [-1, 1, 0], [-1, 1, 0], [0, 2, -1], [0, 2, -1], [-1, 1, 0], [-1, 1, 0], [-1, 1, 0], [-2841, -538, 266], [760, -407, 3143], [-1836, 2019, 1773], [-3776, 1229, 363], [608, -1534, 697], [2303, -2099, -1752], [1950, -2531, -1865], [696, -317, -1025], [-772, 631, 1143], [-1557, 1501, 2002], [0, 2, -1], [-1, 1, 0], [2049, 1022, 602], [1528, 3406, -1105], [-2560, -1490, -123], [1467, -2201, -1676], [-1, 1, 0], [-469, -1467, -3910], [-2415, 4355, -166], [1690, 2950, 425], [-1, 1, 0], [-375, 2241, -2034], [1878, -2091, -1815], [-2092, -577, -1397], [-818, 544, 1265], [-1758, 1029, -273], [1192, 798, -1457], [-3475, 34, -1050], [-1883, -744, -1430], [-656, 2658, -2339], [-1, 1, 0], [-1967, -914, -1024], [-1, 1, 0], [150, 2449, 3199], [-3801, 884, 560], [1827, -1598, -2264], [1922, -1467, -2365], [1703, -1870, -1700], [-1810, -762, -1147], [-1760, -1437, -737], [-1, 1, 0], [-3045, 326, 842], [0, 2, -1], [-1294, -253, 847], [-1, 1, 0], [-1834, -801, -1477], [-1, 1, 0], [-1, 1, 0], [597, 1084, 1468], [-1, 1, 0], [-1862, -1656, -365], [-1, 1, 0], [-130, -3099, -2827], [-1551, -1931, -848], [-2893, -1343, -420], [-1, 1, 0], [811, -324, 3004], [1867, -1552, -2298], [-1, 1, 0], [1195, -874, -672], [-1, 1, 0], [2902, -963, -419], [-3658, 1194, 647], [-1639, -2586, -2578], [1520, -126, -3349], [-1, 1, 0], [1586, -498, -3277], [-1, 1, 0], [-1, 1, 0], [313, -1402, 720], [-27, -1804, 920], [1986, -1486, -2557], [-1, 1, 0], [-1, 1, 0], [-2282, -767, -829], [2063, -3998, -540], [-1, 1, 0], [-1, 1, 0], [-2253, -1214, -326], [-70, -1982, -945], [-2123, -1311, -572], [1378, -402, -1223], [-1, 1, 0], [-2987, 632, 618], [-1, 1, 0], [-1, 1, 0], [289, -1628, -1654], [-2, 0, 1], [-1491, -1080, -2208], [474, -110, -737], [1209, 1245, 1008], [173, 1134, 4544], [1101, -1745, -2114], [-1962, -1521, -369], [-1, 1, 0], [-1, 1, 0], [-169, -2900, -2802], [-1, 1, 0], [-1, 1, 0], [-3320, -1453, -69], [-1761, -886, -1252], [-2, 0, 1], [803, -1391, -1920], [-570, -1917, -597], [1776, -1960, -1711], [-1283, -739, 1584], [-1, 1, 0], [-1, 1, 0], [-1, 1, 0], [511, -752, -478], [-126, -3189, -2733], [1502, -2731, -371], [-1, 1, 0], [-1, 1, 0], [-1217, 1102, 1454], [-1, 1, 0], [-1, 1, 0], [-2574, 3777, 237], [-2407, 1187, -3122], [2, 0, -1], [-1, 1, 0], [1655, -1713, -1690], [-3392, 936, 427], [-1, 1, 0], [-1464, 2783, 317], [1446, -1588, -2233], [2417, 1040, 352], [-1, 1, 0], [-1746, -965, -1379]]

exec_time (ms): 566185.628414154 ms
exec_time: 9m 26s 185.62841415405273ms