N: 35
n: 6
number_of_primes (d): 3
exp_register_width (qd): 5
primes: [2, 3, 11]

R: 11287
T: 3
t: 16
delta: 0.00010850933564202967
delta_inv: 9216Percent of combinations (with positive values of result vector) that gives % N = 1: 74.2%
Percent of combinations (with positive values of result vector) that give p and q: 49.4%
Vectors that gives p and q: [[-2880, 1174, -2329], [-1589, -2317, 1763], [2, 0, -1], [2, 0, -1], [986, 424, -3392], [348, -706, 73], [1285, -879, 292], [-487, -1703, -1886], [-394, -1932, -1891], [82, -1964, -2166], [-559, -1551, -1654], [2, 0, -1], [-651, -1475, -1543], [-2, 0, 1], [-1856, -1454, 1770], [-385, -1849, -1836], [2, 0, -1], [3142, -1772, 2772], [2, 0, -1], [2, 0, -1], [-2108, 1410, -3527], [-1106, -608, -1839], [458, -700, -99], [-475, -1731, -1852], [-1060, 890, -342], [-483, -1859, -1843], [-512, 686, -2893], [2, 0, -1], [-1862, 3396, -1796], [920, 6, -1858], [-2280, 534, 1125], [-3816, -878, 1523], [1793, 1957, -1592], [-1681, 455, 1599], [817, 2225, -1153], [754, 224, -3406], [1480, -1146, 1018], [-521, -1805, -1719], [1708, 3906, 550], [-1336, -1498, -1167], [1546, -3036, 1819], [-3, 1, 2], [-2202, 432, -1053], [-776, -1766, -1428], [3376, 1350, 1741], [1543, 987, 820], [1216, 2218, -1602], [-632, -674, 612], [-3390, 1772, -2477], [1921, 1837, -1632], [-1241, -569, -1671], [3175, -3493, -43], [-2407, -1659, 2168], [-2, 0, 1], [-1227, -4203, -456], [-240, -1486, -3779], [2, 0, -1], [-2443, 1581, -3076], [2, 0, -1], [3415, -1665, 2362], [774, 2204, -1334], [1822, -2300, 222], [498, 520, -3274], [-3004, 1654, -2873], [2886, 1480, -2230], [-1270, -1992, 530], [816, 134, -1862], [2561, -3335, 487], [578, 2420, -1335], [1420, 1078, 2094], [-682, 728, -1128], [-612, -1746, -1677], [2, 0, -1], [-2346, 1460, -299], [1950, 588, 783], [-1943, 1017, -1682], [2, 0, -1], [1425, 997, 2159], [-491, 1137, -176], [-601, -1649, -1568], [2, 0, -1], [147, 799, -343], [-1606, 264, 3206], [2, 0, -1], [1150, -552, -1088], [68, -302, -2684], [-2083, 381, 974], [-1738, 1036, 1129], [1326, -500, 2444], [2, 0, -1], [-1051, -2271, 1268], [-1422, -1496, -1057], [2, 0, -1], [2144, 1874, -2355], [2867, 1099, 241], [2449, -3415, 191], [905, -135, -1195], [1245, -307, 4006], [2, 0, -1], [2, 0, -1], [147, -2189, -2230], [-843, -1215, -2001], [-2632, -278, -287], [2856, -1242, 2688], [905, -799, 405], [-1124, -1730, -1008], [-2406, -1468, 2080], [-554, -1680, -1856], [-2666, -644, 1593], [2, 0, -1], [-3776, 1742, -2011], [-922, -1580, -1631], [-3402, 1792, -2395], [-2452, 974, -792], [-2464, -1158, 986], [-314, 2696, 1751], [2137, -1023, 874], [-3, 1, 2], [-2157, -3793, -245], [-634, -1764, -1735], [946, -1268, -165], [2864, -3522, 164], [-1496, -2102, 1740], [-2607, 1133, 118], [2, 0, -1], [-3156, 1466, -2858], [-2610, 3556, -805], [1771, 2115, -1619], [2190, -2480, 1184], [415, -2293, -2341], [1027, -353, -1236], [-2553, 491, 3523], [-357, 727, 68], [2846, 1392, 863], [855, 315, -3198], [-444, -1618, -2021], [2, 0, -1], [2, 0, -1], [1547, 279, -3820], [-1271, -1503, -1208], [-2633, 1603, -2688], [2, 0, -1], [2, 0, -1], [-621, -1629, -1746], [2, 0, -1], [2, 0, -1], [2, 0, -1], [-377, -1749, -1796], [-1486, -1968, 1688], [3147, 1011, 189], [1029, 2097, -1251], [-1933, 491, -2349], [2, 0, -1], [-832, -1778, -1682], [951, 1995, 93], [-3633, 1523, -2174], [2107, -809, 1797], [1114, 280, -3111], [-2272, -1306, 1863], [2, 0, -1], [-296, -1826, -1659], [2032, 2002, -1800], [2, 0, -1], [-435, -1887, -1839], [2671, -3141, 217], [-3119, 1553, -2497], [-2154, 1272, -2511], [2, 0, -1], [-1555, -1179, -1120], [907, 2299, -1407], [-1120, 802, 793], [-1338, -1468, -797], [-674, -1912, -1702], [1096, 1842, -1376], [-316, 538, -2360], [587, 615, -3271], [1562, -16, -3198], [1229, -1247, 3586], [71, -473, 1333], [-151, -2003, -1874], [-2468, -1082, -3633], [-266, -860, -2538], [1113, 821, 1750], [857, -1143, 203], [-574, -1720, -1740], [18, -784, 331], [2646, -1660, 2782], [2, 0, -1], [2, 0, -1], [2, 0, -1], [2, 0, -1], [-23, 2633, -520], [-1304, -2278, 1682], [-1613, -2105, 1767], [1195, 311, -3439], [129, -2375, -2047], [-763, -443, 694], [-578, -412, 3209], [1607, -1801, 111], [2, 0, -1], [1627, 751, 909], [1753, -711, -230], [-506, 848, -1945], [-3997, 1311, 710], [1072, 618, 1636], [1716, 1970, -1535], [2764, -1690, 2753], [1099, -1821, -77], [-3168, 2054, -2744], [2, 0, -1], [2, 0, -1], [-4723, -563, -743], [-1729, 1091, -1266], [2, 0, -1], [-291, 237, -453], [-739, 605, -180], [2, 0, -1], [-1584, -1902, 1812], [-1772, -2486, 2001], [654, 396, -3048], [1434, 2276, -1547], [2, 0, -1], [2, 0, -1], [186, 152, -899], [-1584, -2042, 1673], [-3386, -1276, 305], [-2272, 818, -1197], [-2820, 1642, -2833], [1996, 2010, -2267], [1166, 1536, 935], [2, 0, -1], [458, -2736, -241], [-3, 1, 2], [574, 1304, -3865], [-646, 2144, 2529], [2, 0, -1], [-1482, -4220, -562], [-327, -2059, 1219], [23, 903, 3785], [2, 0, -1], [1347, -101, -1915], [2, 0, -1], [-638, 1264, -90], [737, 441, -2989], [-1190, -2132, 1776], [792, -30, -1065], [-1564, 1510, 949], [2, 0, -1], [447, -2341, -2231], [-1458, 880, -1195], [-1218, -1244, -1189], [-513, 143, 880], [1944, 3874, 425], [-692, 1198, 114], [2282, 140, 804], [-476, -1678, -1810], [2, 0, -1], [2, 0, -1], [-2, 0, 1], [2271, -577, -992], [1524, 3354, 684], [-175, -379, 2379], [2, 0, -1], [-834, 808, -2893], [-437, -1709, -1803], [2, 0, -1], [2, 0, -1], [-1164, -634, -1556], [1095, 735, 1635], [-2014, -1896, 2159], [1420, 42, -3653], [-453, -1801, -1643], [-530, 920, -2017], [-1530, -2164, 1807], [2, 0, -1], [-804, -122, 3260], [2, 0, -1], [3886, -1952, 2271], [780, 1050, 2100], [-166, -2668, 4338], [-290, -1832, -2004], [2839, -1485, 2860], [-503, -1763, -1746], [-878, -1500, -1484], [-137, -1237, -2233], [-334, -1668, -1918], [-1859, -1983, 1504], [1167, -1129, 1186], [-33, -1113, 405], [2, 0, -1], [1944, -850, -1538], [-1827, 1197, -2886], [-1621, -673, -2190], [-842, -572, 792], [-3404, -498, -1835], [1400, 2130, -1603], [-3322, 1276, 682], [-794, -2192, 1317], [-3, 1, 2], [1388, 2306, -1614], [-1015, -1691, -1520], [-1099, 353, 1323], [2, 0, -1], [-484, -1798, -1860], [2, 0, -1], [-1654, -1980, 1796], [-930, -1528, -1373], [583, -1137, 2431], [1619, -1093, 1347], [2, 0, -1], [1004, 366, -3253], [2438, -3428, 919], [1527, -917, 1874], [767, 99, -1840], [1350, 252, -3567], [-2934, 1584, -3066], [2075, -1269, 101], [-1723, -3943, -285], [794, -1296, -151], [2, 0, -1], [1180, 2258, -1438], [437, 65, -1221], [-2895, 3637, -781], [2146, 3704, 206], [-1011, -211, -2663], [-1324, -1334, -1121], [1724, 1378, 763], [2, 0, -1], [2, 0, -1], [1205, 1645, -1676], [2, 0, -1], [-1692, 150, 2754], [-217, -2049, -1846], [-319, -1751, -1898], [-614, -1592, -1818], [668, -826, 3024], [-467, -1859, -1743], [-567, -887, -3211], [-1393, -2121, 1583], [-1081, -1597, -936], [2, 0, -1], [-176, -1934, -1929], [-674, 492, -263], [2, 0, -1], [2177, 1461, 113], [-1374, 676, -88], [2, 0, -1], [967, -1945, 221], [-197, -1869, -2030], [1044, 842, 1723], [-2876, 1450, -2301], [-1177, -1341, -2134], [2, 0, -1], [-1355, 649, -570], [3521, -1547, 2131], [12, -694, 568], [2, 0, -1], [1234, -920, 165], [919, -1157, 114], [-3312, 1222, -37], [2406, -1232, 1913], [185, 453, -2692], [2, 0, -1], [-519, -1759, -1877], [-721, 1899, -97], [3165, -2343, 2784], [-726, -1740, -1683], [-546, -1756, -1910], [-240, -1254, 648], [1403, 171, -3565], [71, -2085, -2314], [-39, -2243, 968], [-506, 708, -3047], [-206, -668, 2409], [-765, -301, 3136], [2, 0, -1], [-1586, -1468, -1129], [2403, 1099, -169], [2, 0, -1], [373, -2735, -2079], [2, 0, -1], [13, -1995, -1787], [1071, -997, 1351], [-423, -1827, -1716], [-1295, -1519, -877], [2, 0, -1], [3070, -3496, 302], [1737, -1455, 2424], [-3176, 3898, -258], [-845, -4153, -826], [2, 0, -1], [-1809, -401, -1672], [1742, 1360, 790], [-326, -1872, -1832], [2, 0, -1], [2738, -1476, 2990], [2, 0, -1], [3235, -1165, 2453], [1029, 309, -3300], [-655, 665, -294], [-2231, 2513, -448], [491, -893, -122], [-1100, -286, 3533], [-496, -1354, -2115], [2, 0, -1], [2, 0, -1], [-2, 0, 1], [2, 0, -1], [-1628, -2002, 1571], [1142, 2180, -1545], [-1261, -2193, 1544], [979, -329, -1101], [-1597, 591, 1688], [-3461, 3663, -20], [1186, -896, -735], [-816, -1722, -1641], [2900, -3494, 574], [2660, -1114, 891], [1154, 344, -3474], [-1252, 814, -80], [2, 0, -1], [2, 0, -1], [-3054, 1604, -2381], [-415, -847, 522], [-821, -1717, -1573], [1924, -1070, 165], [3536, -1590, 2405], [2, 0, -1], [-3, 1, 2], [2, 0, -1], [591, -185, -3028], [-1580, 1086, -422], [2, 0, -1], [1488, -670, 1837], [1468, 2170, -1626], [-712, -1666, -1620], [2, 0, -1], [1454, 2164, -1616], [-580, -1738, -1677], [2, 0, -1], [-669, -1449, -1905], [-1107, -1443, -1383], [-1606, -2264, 1615], [2, 0, -1], [259, -797, 2448], [3445, -1823, 2172], [2, 0, -1], [1983, 687, 780], [-409, -1657, -2115], [1144, -458, -1170], [2, 0, -1], [-3042, 1508, -2000], [-739, -1719, -1711], [1607, -129, -3466], [2444, -1082, 1255], [1722, -184, -3539], [2405, -1435, 2841], [-2587, 1153, -491], [-3, 1, 2], [-499, 1653, -271], [-1798, -1988, 1723], [-2766, -848, 1856], [1272, 1682, 700], [-477, -1213, -1892], [-3, 1, 2], [2, 0, -1], [-318, 492, -510], [2, 0, -1], [-4234, -572, -1160], [2, 0, -1], [-577, -1785, -1759], [-1688, -894, -1085], [2, 0, -1], [838, 416, -3307], [2122, -316, -1258], [-513, -637, 604], [-855, 693, -168], [-619, -359, 556], [-469, -2489, 1372], [-1233, 751, -247], [-2856, 1442, -2642], [2, 0, -1], [2, 0, -1], [2, 0, -1], [-1146, -2320, 1882], [-1023, 1025, -1448], [2, 0, -1], [3216, -3722, 296], [-115, -2591, -137], [2, 0, -1], [2708, -3378, 527], [1117, 217, -3315], [2, 0, -1], [-672, -2214, 1446]]

exec_time (ms): 588465.681552887 ms
exec_time: 9m 48s 465.6815528869629ms