N: 39
n: 6
number_of_primes (d): 3
exp_register_width (qd): 5
primes: [2, 5, 7]

R: 11287
T: 3
t: 16
delta: 0.00010850933564202967
delta_inv: 9216Percent of combinations (with positive values of result vector) that gives % N = 1: 71.6%
Percent of combinations (with positive values of result vector) that give p and q: 43.5%
Vectors that gives p and q: [[-1206, -1517, 1101], [-2, -1, 1], [-224, -3479, 49], [-423, 638, 231], [-2, -1, 1], [514, -974, 2938], [1018, -1869, -1343], [-108, -3662, -96], [2075, 1125, 1094], [107, 3686, 125], [946, -936, -1448], [942, -826, -2094], [-2085, 31, -1980], [-1856, -444, -1814], [-2082, -1302, -1158], [967, 1207, -896], [-1870, -1020, -1372], [-2121, -371, 930], [-317, -934, 373], [-59, -3642, -137], [474, -186, -774], [982, -1164, -1916], [1007, 1064, -757], [379, -821, -344], [290, 3500, 68], [-240, -3544, -234], [356, 245, -2719], [522, -537, -879], [-1932, -1315, 3549], [-3307, -584, 1385], [-2005, -395, -1858], [-1837, -68, -2053], [400, -250, -716], [-1753, -710, -1663], [205, 3528, 229], [-1882, -127, -2017], [759, -1392, 3015], [1307, -644, -505], [-2809, 631, 104], [1248, -526, -60], [3702, -1474, -1746], [-45, -3647, -186], [-53, -3687, -122], [-567, 328, -2535], [1818, -2756, -1068], [-1208, -1555, 1117], [-1, -3, 2], [991, 1551, 3508], [830, -673, -2023], [293, -238, -637], [134, 3599, 221], [-1845, -812, 915], [-2660, 1131, -137], [218, -505, -307], [118, 3721, 103], [-115, -3713, -94], [2334, 1473, -3645], [-261, 1418, 345], [-496, 344, 554], [1752, 111, -633], [3174, -775, -849], [1632, 218, -3000], [-1993, -66, -2287], [-1539, 154, 195], [-1556, -1703, 469], [-534, -1313, 921], [1202, -2309, -1123], [2949, -881, -126], [126, 3691, 105], [381, -2970, -705], [941, -1018, -1945], [559, 1281, -950], [883, -988, -1829], [180, -1057, -177], [-1913, 156, -2369], [11, -3605, -208], [302, -401, -439], [-1542, -8, -2232], [994, -60, -2768], [-24, -569, 2823], [634, -946, -362], [-2560, 289, -319], [-1946, -299, -1913], [410, -222, -754], [82, -596, 2860], [4005, 1652, -1719], [-946, 1276, 1388], [-1981, -138, -2047], [-1755, -54, -2073], [-1389, 16, 2847], [2154, 1114, -1110], [422, 279, -2923], [-1938, -542, -1926], [721, 24, -1307], [-728, 1080, -482], [1171, 2325, -1730], [-254, -3528, -224], [-1265, -1323, 910], [453, -536, -351], [-3410, 1234, 1126], [-2050, -313, -1807], [-2016, 129, -2331], [-635, 714, 1351], [2209, -26, 1399], [208, -226, -392], [-928, 1614, 1412], [-1006, 1595, -751], [-165, -3634, -99], [-2858, 668, 76], [-2033, 38, -2315], [596, -621, -721], [932, -1136, -1942], [-195, 3362, 351], [1, -1, -2], [-2793, 661, -78], [-1857, 117, -2274], [2145, 302, 1203], [1827, 617, 1062], [1404, 517, -555], [55, 595, -2852], [3098, -492, -148], [-952, 1743, -3049], [-1884, -19, -2331], [941, -1292, -1867], [-712, 889, 1493], [-241, 1459, 308], [3203, -510, -991], [1052, -579, -2611], [131, 3628, 191], [-1960, 104, -2242], [130, 3706, 94], [303, -102, -615], [-725, -1192, 895], [-3205, -449, 968], [-2576, 698, -2264], [-28, -3727, -175], [136, 3493, 265], [1252, -529, 2659], [2087, 838, 1253], [-33, -3599, -222], [729, -1559, -1704], [762, -769, -1899], [3098, -380, -724], [-740, 802, 1624], [2995, 356, 1759], [348, -305, -729], [-1290, 512, -2556], [1, -1, -2], [-1565, 112, 247], [559, 323, 2584], [-990, 1062, 2010], [918, -1003, -1989], [2581, -461, 1402], [-1779, -1241, 630], [-2006, -339, -1913], [518, 1372, -964], [227, -2941, -388], [2858, -145, -499], [674, 14, -2722], [-2782, 1733, -517], [-1, -3, 2], [1265, 391, -550], [128, 3701, 89], [180, 3595, 159], [-1331, -1420, -1319], [-4496, -1160, -1610], [319, 3373, 310], [-3737, -1807, 1594], [3200, -923, -1099], [-1904, -300, -1958], [-113, -3590, -227], [2477, -934, -313], [-132, -3731, -51], [1912, 1025, -3491], [-2782, 999, -79], [-2020, -179, -1927], [1016, -1104, -1966], [-842, 1491, 1897], [-1000, -2556, 1706], [678, -148, 2496], [-1492, 365, 65], [-1738, -693, -2431], [-1857, -275, -1950], [-2628, 1516, -570], [902, -903, -2029], [-1498, 1395, -2815], [-946, 1383, 881], [-1905, 112, -2349], [471, -435, -1014], [489, 100, -2715], [-720, 1450, -3168], [552, -790, -336], [1053, -540, -2139], [194, 3563, 161], [-1995, -129, -1878], [-2, -1, 1], [46, 3661, 187], [-1930, -254, -1930], [-1841, -428, -1817], [-1059, -915, 732], [1064, -1165, -1981], [-2039, -71, -2324], [967, -781, -2072], [-2872, -999, 1229], [-2561, 278, -887], [-2855, 615, 106], [729, -1608, -1575], [807, -966, -1923], [36, -3589, -177], [960, -846, -2124], [-1763, -426, -1889], [419, 348, -913], [-297, -3534, -207], [796, -1649, -1601], [-2086, -942, 1010], [886, -835, -1973], [1083, -769, -2124], [-1117, 1251, 1616], [1, -1, -2], [-2657, 129, 430], [-1855, 230, -2473], [-2116, -99, -1975], [982, -1074, -1946], [240, 3612, 66], [1061, -312, -2659], [-1913, -400, -1865], [-1297, 73, 2714], [-1991, -148, -1931], [-219, -3513, -222], [666, 819, -555], [-1017, -430, 477], [-1513, -551, 3038], [1044, 2794, -1788], [-576, 568, -90], [813, -850, -2049], [1019, -709, -2200], [1, -1, -2], [-1472, -481, 2983], [-3393, -1609, -720], [-665, -2867, -482], [-1615, 375, -2566], [-2048, -146, -1856], [-2700, -99, 549], [514, -688, -764], [-2053, -274, -1831], [2717, -74, -481], [-1920, -414, -1848], [786, -1757, 3285], [682, -803, -713], [4, 312, -2894], [586, -762, -794], [1659, -2708, -1005], [-2021, -323, -1838], [-1784, 637, -2447], [-2532, -440, 798], [-1170, -2487, 1779], [-1223, -816, 3169], [-861, -1872, 1095], [-11, -3622, -185], [-1940, 195, -2345], [-1925, -251, -1958], [909, -1210, 243], [463, -799, -194], [-3518, -1524, -896], [3507, 1488, 1047], [-32, -3372, -410], [-3124, 1532, -418], [2519, -546, 1409], [-2059, -291, -1852], [423, 10, -615], [-30, -3579, -129], [-1252, 337, -2527], [-1733, -1217, -1424], [546, -678, -426], [-1732, -346, -2296], [941, -577, -2530], [-342, -208, -2304], [-1929, -503, 522], [137, 675, -2986], [-259, -3510, -205], [400, -711, -671], [-1944, -154, -2112], [350, -2816, -652], [-746, 900, -428], [239, -2853, -832], [-620, 1686, -3224], [1011, -1089, -1944], [-944, -2516, 1738], [1389, 334, -2973], [-1992, -262, -1920], [-548, -1282, 880], [-621, 34, 2613], [-1521, -64, 315], [40, 3671, 175], [6, -819, 2979], [2714, -1079, 287], [-1906, -545, -1771], [-3613, -1569, -1336], [152, -99, -439], [2544, 676, 1242], [1492, 709, -3311], [1049, -981, -2050], [-1354, -1551, -1249], [-184, -3545, -277], [33, -3604, -171], [1005, 2174, -1509], [-1192, -938, 896], [-1939, -390, -1837], [-2983, 896, 101], [797, -427, -2308], [-1538, -1144, 3376], [3179, 1713, -1510], [953, 2300, -1531], [-353, 2936, 667], [2074, 1399, -3515], [2460, -487, -519], [-1922, -417, -1883], [290, -21, -2899], [-274, -3535, 167], [948, -977, -1941], [-2079, 48, -1935], [-1611, -815, -2232], [-1859, -253, -2006], [1350, -191, -2745], [-1191, -307, 492], [-1873, -956, -1345], [2521, -735, 1600], [-2579, -1540, -1007], [1323, 1457, 1350], [278, 3335, 365], [-1929, -339, -1806], [728, -1483, 3029], [1736, 1264, -322], [-1837, -88, -2017], [-3325, -565, 1364], [-1098, 166, 2082], [-84, -3707, -123], [863, -586, -2119], [478, -74, -2474], [872, -989, -1993], [2373, 581, -876], [196, -2992, -362], [-2624, 1426, -200], [-1628, -1115, -1619], [-1989, -434, -1827], [1563, 1391, 804], [569, 1059, -658], [629, 200, -2839], [-1706, -1325, 3613], [-1993, -844, 923], [947, -784, -2113], [33, 557, -2904], [-1845, -152, -2013], [-1932, -887, 897], [212, 3569, 113], [917, -1194, -1897], [698, -1106, -226], [1776, 1162, -3564], [55, 748, -2921], [2757, -954, 1851], [93, 3617, 216], [-1027, -2601, -694], [-2918, 547, 481], [-2857, 19, 488], [-2019, -1726, -993], [1173, -1553, -1254], [486, -625, -471], [955, 2391, -1652], [848, -1249, -1897], [361, -156, -611], [-489, -529, 240], [-147, -3705, -126], [-1361, -463, 3094], [-56, 647, 223], [574, 1264, -1004], [1132, -724, -530], [-1902, -448, -1776], [885, -1422, 747], [-507, 1335, -2910], [675, 133, -270], [-530, 580, -128], [2771, -1245, -664], [792, -593, -2157], [-1103, -508, 2953], [338, -2906, -646], [2759, -177, 1976], [-2861, 733, -1502], [369, -408, -651], [-71, -803, 2956], [1967, -454, 2261], [594, -696, -768], [4020, 1479, 891], [954, -776, -2208], [-2108, -203, 805], [39, 3621, 174], [1420, 109, -2699], [-665, 1437, -3050], [231, -535, -294], [-105, -3717, -144], [-2348, -152, -26], [-51, -3592, -219], [-1316, 905, -2627], [-1991, -373, -1934], [1395, -715, 2526], [191, 39, -676], [999, -1059, -1938], [-2479, -351, 788], [405, -1162, 3051], [-123, -3534, -249], [-1763, -646, -1673], [-2068, 94, -2224], [-1588, -496, -2530], [2031, 496, -957], [3535, 1671, -1532], [2671, -627, 634], [-1338, 965, -2673], [1808, 1362, -3556], [-2259, 107, 342], [2577, -1307, 264], [-147, -3559, 12], [539, -254, -1111], [622, -997, -311], [954, -1196, -1116], [-1925, -128, -2033], [-799, 190, 83], [-823, 1023, 1190], [-1560, 557, -2559], [-2, -1, 1], [-1011, 1223, -402], [2973, 401, -744], [-1896, -998, 936], [117, 3657, 144], [-502, -1246, 842], [-147, -3559, -144], [-924, 1312, -3030]]

exec_time (ms): 517396.5404033661 ms
exec_time: 8m 37s 396.54040336608887ms